id,x,y,deg
001_0,s-48.196086194214246,s58.770984615214225,s45.000000000000000
002_0,s0.154097069621356,s-0.038540742694795,s144.272760863123580
002_1,s-0.154097069621373,s-0.561459257305224,s324.272760863123551
003_0,s1.123655816140301,s0.781101815992563,s111.125132292892999
003_1,s1.234055695842160,s1.275999500663759,s66.370622269343002
003_2,s0.641714640229075,s1.180458566613381,s155.134051937100821
004_0,s-0.293851410924252,s0.131832274691206,s154.766362231348012
004_1,s0.309342302194308,s0.123870116960719,s154.766362354975712
004_2,s0.301677672338618,s-0.724663236194360,s334.766362354975627
004_3,s-0.301407305808758,s-0.714797614606864,s334.766362231348069
005_0,s-0.460619134626842,s0.135736729990337,s233.899780720696782
005_1,s-0.448950577962320,s-0.774007795472533,s323.899780729789029
005_2,s0.460619134541600,s-0.664114941518851,s52.843910408592386
005_3,s0.064437841146224,s-0.447038051246299,s6.629201425669403
005_4,s0.265192384627996,s0.140925677829561,s150.225640117040058
006_0,s-0.504336377698653,s0.100031369878327,s293.629377730656586
006_1,s-0.111367876614813,s-0.379437288428785,s338.872326869700260
006_2,s0.504336377670382,s-0.682151447722981,s338.872326863407466
006_3,s-0.396974190014792,s-0.748544944454855,s23.629377730657449
006_4,s-0.037350335479101,s-0.807096973829767,s246.370622269343244
006_5,s0.504336377670053,s0.207096973857008,s158.872326863567309
007_0,s0.405529815881347,s-0.370590561407174,s37.559813123020611
007_1,s-0.623431523123706,s-0.815666142783956,s252.830105225937871
007_2,s0.623431522933176,s0.187429750048158,s65.196501855602790
007_3,s0.515789892121241,s-0.911148382955847,s336.370622269343585
007_4,s-0.367707199521928,s0.311148381564385,s207.816617256392107
007_5,s-0.125300842753794,s-0.483125104263379,s213.521515632274742
007_6,s-0.463344162043812,s-0.428040692485497,s27.816617256392121
008_0,s-0.249562219751221,s-0.411091569391783,s51.766737817650977
008_1,s0.664667542890449,s-0.857305354296156,s113.629377785791434
008_2,s-0.664667542860279,s0.257305355370541,s293.629377730641181
008_3,s0.557305355195579,s0.326836893401838,s203.629377730656870
008_4,s0.249562219840788,s-0.188908429920251,s231.766737802781591
008_5,s-0.206588875343043,s-0.855262101491693,s293.629377785791519
008_6,s0.206588875141126,s0.255262101487020,s113.629377730638751
008_7,s-0.557305355176428,s-0.926836893309844,s23.629377730654753
009_0,s0.102252631521045,s-0.330643063926162,s154.944746312345956
009_1,s0.643017191175797,s-0.459425930926111,s205.529860726247790
009_2,s-0.546199623852897,s-0.961983909451198,s4344.563745568384547
009_3,s-0.667147273375002,s0.325189654738029,s296.805932465431965
009_4,s-0.218208394360435,s0.129885381513080,s249.884817970144525
009_5,s-0.561739689786236,s-0.087313367778655,s204.793739651092011
009_6,s0.667147273462919,s-0.046986122768644,s336.370622269352566
009_7,s0.187170621374338,s0.365310553289288,s293.629377619369791
009_8,s0.391120375298065,s-0.860659498871943,s113.629377730656515
010_0,s0.188012375560165,s0.395468339435410,s290.150417813107765
010_1,s0.645156199258491,s-1.003073252352271,s338.605910976207610
010_2,s-0.614391791087632,s-0.088759762677941,s21.400632349933559
010_3,s0.232514890903530,s-0.531410421875371,s292.608227869410882
010_4,s-0.202479979535829,s-0.535498066101224,s70.421633051916544
010_5,s-0.649001733508874,s-0.987490675548983,s23.629389254889904
010_6,s-0.236869866210899,s0.403073252863476,s66.345835752449133
010_7,s0.649001869346369,s-0.030750296758782,s336.262543304681571
010_8,s0.153594098610756,s-0.871498872340636,s115.558948380211575
010_9,s-0.165713820512127,s0.067037408160725,s246.345910177791552
011_0,s-0.748736656574581,s-0.013130075360132,s23.691647005872664
011_1,s0.749270745642416,s0.388980001269723,s70.767739788971582
011_2,s0.270206618718363,s0.007205481344211,s27.088812520429762
011_3,s0.749533013749401,s-0.992135590692497,s113.689146324317804
011_4,s0.075344336536242,s-0.355411730706836,s248.222560983993787
011_5,s-0.107851095087066,s-0.976478347581685,s293.689146328169045
011_6,s-0.390196280479534,s-0.373715998879184,s332.099526027759737
011_7,s-0.749533013700608,s-0.439253443350569,s156.370622277958745
011_8,s-0.368807263652490,s-0.928762955475877,s118.750087446630744
011_9,s-0.276025178765737,s0.392135590371321,s69.256449803539155
011_10,s0.604333334655793,s-0.049710768982277,s206.621886883166098
012_0,s-0.741148563898814,s-0.327064356763700,s333.024727101624592
012_1,s-0.690184652153067,s0.544659613137645,s153.024727101725489
012_2,s0.668384482467873,s-0.397631130051642,s114.405134166540336
012_3,s0.343093773852985,s0.405557256447219,s296.053110219411224
012_4,s-0.338160977708763,s-0.582402828425177,s296.906554769950219
012_5,s0.732172349525271,s-0.071212879596966,s340.356697949269574
012_6,s0.741148563928514,s-1.144659613333042,s336.370622269345233
012_7,s-0.214388770356882,s-0.996134719076982,s115.989106657613149
012_8,s-0.718769129170079,s-0.631148987738412,s155.299479308661631
012_9,s0.283286379280783,s0.070030503352410,s116.906554769949935
012_10,s-0.109065841217043,s0.543406937673837,s161.074598392442113
012_11,s0.031116743930406,s-1.043326273761422,s295.989106898892032
013_0,s0.333046973655775,s-1.076442469401637,s246.370622269343897
013_1,s-0.753793566072127,s-0.009372339706776,s154.345864660181263
013_2,s-0.886553670755127,s0.476442469301331,s291.112782221135205
013_3,s0.056895952443828,s0.469101329649810,s294.664774882819358
013_4,s-0.027103740163694,s-0.737874768907027,s295.749011717646113
013_5,s-0.221304287198384,s-0.357885787589806,s109.192076091594188
013_6,s0.770876149179782,s-0.621723786502104,s199.936062540059368
013_7,s0.886850829728019,s0.438182211588694,s114.664774882819358
013_8,s-0.100161791095683,s-1.076440632994918,s113.629521290076198
013_9,s-0.070255161804600,s-0.147043628203157,s286.140759499227784
013_10,s0.886404386462975,s-0.124143999128766,s108.780668708062336
013_11,s-0.886850829780634,s-0.986061214261422,s293.629521290076582
013_12,s-0.414490939550929,s0.066937182991218,s336.927743977056593
014_0,s-0.818199308239861,s0.414489829005787,s156.370622253271279
014_1,s0.223946963274624,s-1.081129261578378,s-116.559442309659843
014_2,s-0.894153565076932,s-1.080824832495397,s-116.583820344992873
014_3,s-0.064347250200897,s-0.095057673826291,s-70.549011006883632
014_4,s0.818202039841277,s-1.014449160553636,s-23.629377839235723
014_5,s0.326897953383976,s-0.627210628009832,s-69.186569314738065
014_6,s-0.925403234803817,s-0.590236731980015,s-71.583820319775796
014_7,s-0.327022521048028,s0.027751403007849,s110.848366590091331
014_8,s0.064610366874169,s-0.505019150235584,s109.429119594538832
014_9,s-0.022101750269405,s-1.125831864652886,s63.416179612354654
014_10,s-0.223931940601956,s0.481110496153069,s63.434947043394189
014_11,s0.894102070699042,s0.481110576693246,s63.434953490761700
014_12,s0.925403234803817,s-0.009694953062038,s108.435904959039817
014_13,s0.022035556198798,s0.525831864652886,s-116.565046507837721
015_0,s-0.323359122814800,s-0.700021132990593,s200.738861760656931
015_1,s-0.787022043004591,s0.174998782727786,s148.680389291938639
015_2,s0.968871396101713,s-1.153507031845779,s113.978566806059789
015_3,s-0.730591790768846,s-1.171825829540457,s246.370622269345461
015_4,s0.968797641235447,s0.569277704083358,s113.629376847489041
015_5,s0.170208573407490,s-1.080016229391865,s293.978566737456731
015_6,s-0.458717465741692,s0.209425342824059,s328.629555722715111
015_7,s-0.959918502345917,s0.562409742105938,s9649.847936176312942
015_8,s0.529306889938282,s-0.414861216734976,s234.684331909648506
015_9,s0.096781173414505,s-0.561074088980999,s9.185221710840059
015_10,s0.861435452573284,s0.085700518568230,s203.629377820919842
015_11,s0.491266470270178,s-0.110918766101237,s48.685975650977845
015_12,s-0.882206824475394,s-0.648708548294271,s156.369888843054127
015_13,s-0.297619269354458,s-0.177288323143848,s107.557661796192775
015_14,s0.098024531548939,s0.571825828441095,s293.629376847489652
016_0,s0.109426743821320,s-1.141749693421904,s293.326039332026767
016_1,s-0.141673442955553,s-0.013910666206513,s114.312817993933706
016_2,s-0.995006080348526,s0.588023816468150,s293.326225309572862
016_3,s-0.133376502754622,s-1.201335153927515,s113.328486282517716
016_4,s-0.100063090136030,s-0.649839947498542,s114.312963096817697
016_5,s0.100061884793548,s0.049841198834204,s294.312989230760365
016_6,s1.009797034539384,s-0.013961379535625,s114.313460079351643
016_7,s-1.009797064286443,s-0.586040536873515,s294.313468205760842
016_8,s0.995006077269750,s-1.188023809385934,s113.326039332041148
016_9,s-1.009053991152644,s-0.042742232434744,s294.312817993935028
016_10,s1.007060069506235,s0.591193910725002,s113.327493289773443
016_11,s-1.003209190149828,s-1.195318387599568,s293.328486282855295
016_12,s0.141672040100951,s-0.586088100728077,s294.312854134661450
016_13,s1.009052603307554,s-0.557256020246408,s114.312854134661208
016_14,s-0.109426260643938,s0.541751906768134,s113.326225309576685
016_15,s0.133375275986786,s0.601336564932500,s293.328082765329668
017_0,s-0.936550274457354,s-1.344521130649740,s23.629377730656550
017_1,s0.197429478507645,s-1.104777475689099,s235.507686728276553
017_2,s-0.471732510897087,s-0.924582513584640,s69.598725175727054
017_3,s-1.043605870488815,s-0.311997934826219,s249.305633566056656
017_4,s0.756527836177958,s-0.210205625423642,s30.838758713068522
017_5,s1.043605870472362,s-1.251730596481512,s55.507686728274720
017_6,s0.925569219928778,s-0.713098655242022,s336.003140167703634
017_7,s-0.888938660046374,s0.129281366446464,s24.276157110708112
017_8,s-0.092516339651988,s-0.320232187365163,s174.817996357233397
017_9,s0.455263742433570,s0.625167442458570,s291.723909457724233
017_10,s0.523439515260792,s-0.471150203883898,s129.592474119619652
017_11,s0.930263412273135,s0.217383940798205,s336.370622269344324
017_12,s-0.524279473751388,s0.629654743764555,s66.370622269339364
017_13,s0.160801648422407,s-0.141463769266333,s354.986931834781331
017_14,s-0.048249741088342,s0.744521130654517,s174.986931834781416
017_15,s-0.112186189183731,s-1.237158942253213,s113.629377439586150
017_16,s-0.499637457801893,s-0.172881117260811,s343.987454556814214
018_0,s-0.360898057564802,s0.224624782267744,s120.863006095056747
018_1,s-0.961623221564156,s0.248589870778632,s20.780349410194038
018_2,s-0.570710463568871,s-0.905137817304141,s218.118862746463549
018_3,s0.417960723603875,s0.479630757308885,s118.614923021112972
018_4,s-0.103308903458339,s-0.852048862592565,s304.928261580914125
018_5,s0.545648636865438,s0.717301089330303,s291.970644407216696
018_6,s0.064330292678471,s-1.213868206609565,s246.370628787291537
018_7,s-1.075561936077505,s-1.213868222568515,s246.370622269344040
018_8,s0.676954574255641,s-0.064236317010302,s78.766084815702627
018_9,s-0.858054677580661,s-0.843863417856061,s32.581597345399487
018_10,s-0.431196184176707,s-0.391115901327453,s77.821345242546926
018_11,s0.457875495337528,s-0.984984431368592,s293.293433855679950
018_12,s1.075561936075186,s-0.311724015210969,s117.591032475821507
018_13,s-0.190537132517927,s-0.229789631807415,s258.766084815698434
018_14,s-0.245109872611743,s0.589506760322381,s304.435171261928133
018_15,s0.966898884430434,s-1.321230410252356,s336.370622269342732
018_16,s-0.555928947687668,s0.721230410255578,s66.370622269343301
018_17,s0.892453046935295,s0.195486688550941,s-4709.593368712056872
019_0,s-0.797542495431779,s0.177664019999089,s336.797365784914746
019_1,s0.495775995760783,s-1.272445695724906,s244.928298546516743
019_2,s0.907774756458743,s0.098288904669410,s28.426847211508321
019_3,s-1.110045437942564,s0.695555204003823,s295.106856012336095
019_4,s-0.635180549196107,s-1.198313866075293,s238.907790613049059
019_5,s-1.002317060793419,s-0.225198824937660,s23.629377729071891
019_6,s0.664790636559631,s-0.816857811222282,s67.947856929079094
019_7,s-0.337411884968232,s-0.614656832620242,s238.907790612613695
019_8,s-0.594449872813319,s-0.363293756799096,s327.677830693037436
019_9,s1.002821615598673,s-0.465786508379942,s336.370622269343642
019_10,s0.599129908594775,s-0.338665374802451,s35.874368863687543
019_11,s0.989402171436935,s-0.884540084113229,s204.682725298803916
019_12,s1.110045437946475,s0.712430729145696,s67.165636113276179
019_13,s0.230635212908283,s-1.311729324039975,s58.907790612613717
019_14,s-0.148702308171855,s0.798154286254468,s154.767606862389812
019_15,s0.233859777950995,s0.684655237468127,s208.426847211500302
019_16,s-0.693620706374118,s-0.893069079353081,s51.875398776523639
019_17,s-1.002314360468161,s-1.398149508938434,s23.628380841008095
019_18,s0.002269447052151,s-0.314961617684222,s359.991764873472675
020_0,s0.609544270525031,s0.687198737945793,s63.735992315534865
020_1,s-1.028133206401210,s-0.519201362097593,s156.370622269349127
020_2,s-0.447896496746922,s0.694161961564260,s262.547091405900176
020_3,s-1.135437839155141,s0.720550026441356,s293.629377730656302
020_4,s1.071042568434681,s-1.021398963833146,s22.805815133583586
020_5,s0.467353744274675,s-0.036102092745192,s200.767101384360160
020_6,s-1.015546306658663,s-0.099959358199059,s24.617120311385101
020_7,s-0.289489061274046,s-1.427621427773032,s329.524036849048628
020_8,s-0.642652703520200,s-0.475540877126350,s250.586853611886085
020_9,s0.339811228219999,s0.265002602207277,s84.519505773463408
020_10,s-1.135271121769764,s-1.370251707534893,s251.040707682604193
020_11,s0.469233474400296,s-0.928697859920029,s20.767101384359606
020_12,s1.055120411195253,s-0.136423018097195,s202.863907899501015
020_13,s-0.455810044876068,s-0.008144565227128,s33.086791233917026
020_14,s0.671927066340658,s0.351878689811069,s244.447748171150494
020_15,s-0.781740706225187,s-1.064358583872268,s292.321783974489563
020_16,s1.135794947131711,s-1.375602645666477,s-3126.272412900556446
020_17,s-0.163578600424259,s-0.092691784183076,s206.755034018615504
020_18,s0.158408442270455,s-1.358824976761809,s281.930951447415055
020_19,s1.064466770211210,s0.827621427622307,s199.845442712576300
021_0,s1.087995721656381,s-1.029271706622711,s42.939516782838290
021_1,s-0.718116987713551,s-0.958245994035926,s199.629508481062516
021_2,s0.547619728916258,s0.757558901631290,s294.163158251086827
021_3,s-0.456592183555571,s0.393383135841776,s146.126784961848983
021_4,s-1.108047959897211,s-0.070136974291463,s23.755048805348356
021_5,s-1.168063842853239,s-1.405962670363776,s246.370622269302487
021_6,s0.533794820474855,s-1.309201186527193,s357.580570786917804
021_7,s-0.297848753606222,s-0.844398541768911,s357.642401403249323
021_8,s-1.111250451606931,s0.805962617240485,s204.272840906352315
021_9,s1.168063849333364,s-1.405962670364678,s113.629377730654753
021_10,s-0.653406990800644,s0.764393593479847,s293.629310060968464
021_11,s-0.042079065553340,s0.188085033848512,s185.561217748387264
021_12,s0.162577199475583,s-0.613521012212183,s177.580570786917065
021_13,s1.035679539341170,s0.363586919643144,s334.399318035752856
021_14,s-0.270939491383007,s-1.376527067827856,s246.169521283782132
021_15,s1.060700906927918,s-0.491816933905685,s336.370563267035891
021_16,s0.272733152435822,s0.793212448959313,s123.507016896378843
021_17,s0.336307552813299,s-0.282985841651895,s3525.111955712961844
021_18,s0.405559202496812,s0.350794826523508,s-23521.777225487840042
021_19,s-1.109654767853657,s-0.628581493036200,s156.370622269342874
021_20,s-0.826252895867947,s-0.519422850551417,s315.658278046982616
022_0,s-0.269509293192329,s-0.316339700792268,s189.012974349040746
022_1,s0.311375302741803,s-1.415979775180376,s113.629377730658490
022_2,s-0.865492568171633,s-1.136989893667108,s340.591722606172709
022_3,s-1.223341969795514,s-1.415979775177333,s246.370622269168052
022_4,s-0.441458327965063,s0.108058676123057,s148.088480818674213
022_5,s-1.101306577300333,s-0.520680190563952,s155.278434176501406
022_6,s1.101484588489384,s0.410179840975868,s335.232454392836189
022_7,s-0.703708901345307,s0.815979747041444,s66.370636574813318
022_8,s-1.139531949110942,s-0.252062167412321,s328.088480818383289
022_9,s0.104908257639942,s-1.004358704239343,s306.036995467592078
022_10,s-0.002180908662291,s-0.119361320945303,s298.862975375998360
022_11,s1.114597195455144,s0.066391157784371,s156.941811913258675
022_12,s1.114597195453412,s-0.810284692973309,s336.941811913144647
022_13,s0.633242589589102,s-0.241766225766212,s118.862975376004840
022_14,s-1.109408939451749,s0.343332782010049,s20.782971990070411
022_15,s1.223341962818752,s-1.415979775179185,s113.629377730360702
022_16,s0.622137553026727,s0.813173416344560,s292.455642572306544
022_17,s0.260636814412048,s0.516329713133925,s247.467268701024267
022_18,s-0.296349772748226,s-1.325570799973609,s20.508780007701770
022_19,s0.856197646232927,s-0.922433548733157,s157.878490833824941
022_20,s0.151610475632385,s0.775447036356034,s67.467268701020245
022_21,s-0.572608737075442,s0.595193959178022,s248.547262398486453
023_0,s1.189823068362636,s0.220563552542812,s103.460219341995241
023_1,s0.943807086232448,s-0.694433696433836,s325.076995293196774
023_2,s-0.101045952872346,s0.910001180366396,s182.829531256022449
023_3,s-0.543313948062028,s-1.097409837752747,s52.070758926416886
023_4,s0.484590067264802,s-0.300713060140851,s283.460219341995185
023_5,s-1.189823065014268,s-0.149131953780418,s156.370622215063491
023_6,s-1.065086734070553,s0.361285261461316,s210.734557062662930
023_7,s0.391531529235804,s-1.510001181605403,s55.604266835425442
023_8,s-0.466495010755370,s-1.346555382820446,s235.575983928409158
023_9,s0.669894024803157,s-1.475800366903560,s246.186768516194945
023_10,s0.714029212565674,s-0.999081070743700,s91.944931186502643
023_11,s1.188707800958248,s0.795119171663648,s114.557542551930140
023_12,s-0.368605029195182,s-0.054845246261563,s30.734557584676168
023_13,s-1.180974314598196,s-1.004280809564123,s159.158255396559554
023_14,s0.200150995853296,s0.224827400264315,s284.262736643263622
023_15,s1.080810944956882,s-0.995575195494918,s203.562361247304523
023_16,s-0.228968602401904,s-0.711931532995250,s265.797750081725894
023_17,s-0.466886069510457,s-0.485877198038984,s96.569416123356632
023_18,s-1.189823063935033,s0.900166808609880,s156.370622130696376
023_19,s0.315597224900612,s0.780979085466449,s294.557136734000267
023_20,s-0.068014814355063,s-0.121553639636670,s222.271003366969296
023_21,s-0.777549664884367,s-1.478150563633250,s113.629377730647391
023_22,s-0.699388938367390,s0.895255554143114,s218.567807031910064
024_0,s-1.059565071816269,s-0.643989350620224,s34.987945900938705
024_1,s-0.724992728213174,s0.900456764905615,s69.219650885374051
024_2,s0.254422921544678,s-1.522090973779302,s332.425479725515743
024_3,s0.259882798143394,s-0.696463017835434,s152.425479725512446
024_4,s0.905248095741640,s-0.850640815127125,s156.370620276753527
024_5,s-0.711418696747882,s0.517540918917292,s173.815331561648236
024_6,s-0.415689558781874,s0.771464001636033,s304.769784521881888
024_7,s1.125281084778961,s0.151142601581370,s155.390884006938592
024_8,s0.512178860909730,s-0.585767099517049,s335.874447221353876
024_9,s-1.197633268193874,s0.494762494332717,s23.629378225651390
024_10,s-1.231542898572724,s0.212120239081150,s214.987946154115463
024_11,s-0.231779469391121,s-0.644248902653631,s31.183899574203796
024_12,s-1.190152134487339,s-0.949499780823636,s159.641137715011126
024_13,s0.714002071482699,s0.899288332765907,s294.236249995354342
024_14,s-0.001068699618628,s-0.260128226895089,s293.361407081076152
024_15,s-0.761390015042197,s-0.998781549063244,s350.170468514195989
024_16,s0.435545904927069,s0.931548595490354,s124.769784521881220
024_17,s-0.331322820139824,s-1.531548595357672,s357.960936603283642
024_18,s1.122835470155082,s-0.727532173747599,s336.370622241638159
024_19,s1.072402320419275,s0.395902268952341,s335.383339772444231
024_20,s1.231544992134650,s-1.362274316698579,s117.694936554348871
024_21,s-0.339535560304540,s0.242718896725131,s269.738656434531549
024_22,s0.737422641604469,s0.404025635218466,s83.046752403344868
024_23,s-0.768635249868400,s-1.413435452659877,s113.629377730654326
025_0,s-0.800202167127943,s-1.418190282435646,s243.595651540578359
025_1,s0.042770835217964,s-0.639904495831763,s166.599542117038396
025_2,s0.859190858053413,s-0.361880847503001,s111.669779966616119
025_3,s-1.249158592385413,s-1.560379303927339,s19.651997885832692
025_4,s-0.864004754613381,s-0.106650251273326,s61.274407243663340
025_5,s-0.379445846852071,s0.716817619057800,s112.095939030435900
025_6,s-1.229376851364722,s-0.592344052386716,s18.776215384758412
025_7,s1.258116946490293,s0.955573963384305,s66.370622269342618
025_8,s0.636532646371191,s-0.837468952928539,s170.102561568046525
025_9,s-1.258116946109806,s0.457023632332883,s23.629377730654365
025_10,s1.121203138363018,s-1.125609737445763,s2.657962283100570
025_11,s0.340455988428641,s0.963540052894253,s221.284273507648265
025_12,s-0.502888983130857,s-0.884192737162744,s202.169272504370753
025_13,s1.109994541757118,s-1.453297741531948,s113.629377730656287
025_14,s-0.072629500494260,s0.522363556008165,s262.829891933441786
025_15,s0.143954622427760,s-1.563540053282835,s349.354385067987550
025_16,s-0.241514484197371,s0.123779924812831,s69.315725661303645
025_17,s-0.048893857325787,s-0.347271852267734,s331.309468553408465
025_18,s0.639187283508904,s0.196770265566663,s151.309468553407271
025_19,s-0.853119811026636,s0.939436978604873,s65.102890365168292
025_20,s-0.418836333448718,s-0.383906069975295,s7319.841286986231353
025_21,s1.150707801834173,s-0.004649618569067,s203.633048598553273
025_22,s0.008657963306399,s0.955573962911564,s66.370622232386950
025_23,s1.180681405336103,s0.279078703383488,s36.129600484819306
025_24,s-0.859929398604057,s-1.083654699436707,s63.968547658803864
026_0,s1.238505029178793,s0.142426689164903,s203.629377743197779
026_1,s-0.799542514740203,s0.625367810582760,s255.696215026524385
026_2,s-1.227865303814650,s-1.597540471381167,s341.183510646353682
026_3,s-1.238505027242855,s0.611471179049386,s156.370623735645609
026_4,s-0.299738970627500,s-0.420441476311656,s32.145836843765650
026_5,s0.723264056689573,s-0.561294743717963,s105.078639760111471
026_6,s-0.914615928813780,s0.122664935265508,s132.830950889477577
026_7,s-0.393638406514610,s-0.776079062346249,s140.423276174068860
026_8,s1.238505028400170,s1.046011460772224,s203.629377804065712
026_9,s-0.877724685255534,s-0.333204840354016,s183.741037744464421
026_10,s-0.737811806934737,s-1.646011460232545,s322.512814000318713
026_11,s-0.037065725344174,s0.132350147331539,s75.696215026510885
026_12,s-0.354462693963544,s1.038811132088034,s219.048690874744693
026_13,s0.651366141582787,s0.938649273073607,s66.370622269337161
026_14,s-1.165757979079542,s0.938649272646782,s293.629377556290819
026_15,s0.240022451228059,s-0.173277137160275,s148.555571209650083
026_16,s0.777752885775161,s-1.618299201850942,s38.465976869290941
026_17,s1.117031601904582,s-1.090740350302216,s84.519109112616775
026_18,s1.219173220013880,s-0.712279099520115,s23.629377743209886
026_19,s1.236208545386804,s-1.645561564343213,s337.326833030428872
026_20,s0.436468964816406,s0.380585943528396,s33.565877205588173
026_21,s0.758800276771067,s0.653467007671735,s248.857195859374997
026_22,s0.004582329231452,s-0.980195598998106,s212.062605603844275
026_23,s-0.207197621686559,s-1.538360787098683,s246.370622269342732
026_24,s0.531584922403541,s-0.101276623782954,s309.500794462309784
026_25,s-1.238505030740248,s-0.679666804296981,s156.370622262077632
027_0,s1.349839680998634,s-1.507504632106611,s113.025790962114229
027_1,s1.244066143654546,s-0.292664584273709,s203.629377646749106
027_2,s-1.204953124899154,s-1.149788050798270,s153.274917143297415
027_3,s0.523307819409668,s0.319265675333038,s59.189297240512538
027_4,s0.917479940775207,s0.487526182087651,s20.035585831224136
027_5,s1.351428331544185,s0.944459580914829,s66.370622267790367
027_6,s0.482684903104605,s-1.540035459418128,s112.096844730509076
027_7,s0.899136637828733,s0.066187237231449,s106.859484314643424
027_8,s0.802760076991105,s-0.753514915859142,s250.640963766707245
027_9,s0.064794282956947,s-0.239337574586711,s51.078257552321865
027_10,s-0.713728874569111,s-1.177686399848102,s7.328815570666988
027_11,s0.616908697911382,s-1.323781015440017,s290.641290419786401
027_12,s-1.265450243470428,s0.251184151097576,s328.766340231311460
027_13,s0.416288216632830,s0.944459580934693,s66.370622269343230
027_14,s-0.651489490136186,s0.916672492511106,s264.592121811268839
027_15,s-0.409614894954630,s-1.544459579638539,s293.948736709102377
027_16,s-0.032398988334971,s-0.569581892656892,s154.721391757029579
027_17,s1.228483771076522,s0.124818505418530,s335.146677978378477
027_18,s-1.248988778020844,s-0.903695026494013,s333.275499832316598
027_19,s-0.391460353253298,s0.529848120197661,s231.078257552376954
027_20,s-0.761027762546703,s-0.073843009146122,s1.298476928920345
027_21,s0.329232093179579,s-0.510292650738120,s286.859484314644703
027_22,s-1.351428331827150,s0.944456826520514,s293.629593054530460
027_23,s-0.551097205867390,s-0.275910125684382,s187.328815570666478
027_24,s0.462967318888795,s-0.927635563875413,s111.363492293962707
027_25,s-0.700683592390839,s-1.511762501695562,s116.145101379167670
027_26,s-1.204960391673523,s-0.034435495142581,s153.275499832333622
028_0,s0.183705317173979,s-0.801077247608936,s133.856985447005968
028_1,s0.502300120578652,s0.961335248141166,s68.471355920668159
028_2,s-0.403885800960473,s-1.609464143795226,s299.265114593782982
028_3,s1.382421389280082,s0.966262131339063,s66.370633910784875
028_4,s-0.947118443231226,s0.224822556094550,s307.559278072211100
028_5,s0.868726024378610,s-0.265423311009921,s18.216844563017560
028_6,s-1.267979415810979,s0.089752230894293,s155.006199083947195
028_7,s-0.221148409504845,s-0.540341675687949,s116.505284333348499
028_8,s-0.666755849827195,s-1.570055761100862,s115.526028103844538
028_9,s-0.851049252509039,s-1.187102403616379,s296.505284389470660
028_10,s1.056442053659611,s-0.527531747575454,s166.338491995479700
028_11,s1.137807400674385,s0.177302915094934,s325.118741404334173
028_12,s-1.382421389071050,s-0.882091946552045,s294.444368845416420
028_13,s-0.758148311318316,s-0.242262381393805,s113.042009882050749
028_14,s-0.520760703863465,s-0.024995331780913,s263.421240820240314
028_15,s-1.174436667789466,s-1.241177814754440,s147.353886948146425
028_16,s-0.289011353770559,s1.009464143207607,s127.559277892603546
028_17,s0.553765693819424,s-1.265538339133775,s346.338491995477341
028_18,s-1.277474967111272,s0.506225504564952,s20.177206642666484
028_19,s1.275059203891412,s-0.123687985325114,s203.629377733130667
028_20,s0.500138052914947,s-1.594137554128811,s113.629377730656444
028_21,s0.432688081947218,s0.102000999172849,s79.072858341050363
028_22,s1.275042325498866,s-1.046227948448458,s203.630697191940044
028_23,s0.154038062023695,s0.639859484689568,s113.471355922498148
028_24,s0.509266975049928,s-0.445262145602046,s75.091239053545124
028_25,s0.891542878225251,s-1.534992369826500,s241.661171549606195
028_26,s-0.849005010438525,s0.966262159832765,s66.370622268552253
028_27,s0.985731858467160,s0.749292268908905,s112.141219784757737
029_0,s-0.635812905354501,s-0.970906507860641,s203.952073377337172
029_1,s1.361487361479744,s-1.087440322328855,s202.298125555512740
029_2,s-1.256897406560384,s0.216783123683515,s23.629377725116800
029_3,s0.187448606528369,s1.016898568184745,s40382.707024275790900
029_4,s0.631845561816421,s1.065230716490204,s-2226.370622138035287
029_5,s-0.396375067725814,s0.398168833034075,s199.401068118092525
029_6,s-1.249904625346506,s-0.208478785282712,s159.412571111418004
029_7,s0.934261679474689,s-1.556326728737691,s246.370622295767703
029_8,s-1.364660040222054,s1.044994055892442,s295.221237869456388
029_9,s0.504026752403139,s-1.665230716490204,s346.988288469172289
029_10,s-0.946583705153480,s0.575883105096163,s4298.629376695380415
029_11,s0.779374330082462,s-0.465945737873582,s337.831534366792312
029_12,s1.313467154559652,s0.652051533195633,s3572.626398850665737
029_13,s-0.321587267282505,s-0.660808586900138,s49.426959429510234
029_14,s0.894930593205017,s0.728120136567779,s10972.367590592673878
029_15,s-0.326900074037187,s0.650094692853003,s23.112064410501304
029_16,s0.037211347604042,s0.408573716039174,s314.343902441398939
029_17,s0.143626690430584,s-0.472116863820820,s19.235416575092980
029_18,s-0.024547394926902,s-0.767862736285660,s203.350588065965866
029_19,s-0.733453123610663,s-1.551114014877923,s111.403899281734780
029_20,s1.361036941468649,s0.376996024405978,s1597.897016902569703
029_21,s-0.846473357403536,s-0.681507319819712,s113.957219823666662
029_22,s0.560875915153281,s-0.606162031778861,s160.967772768251763
029_23,s1.147072672860060,s-0.689539098096245,s156.370622268370056
029_24,s0.447900264511215,s-0.026323660600384,s352.367590571286598
029_25,s-0.024162958485718,s-1.645646256669289,s23.952073203720431
029_26,s-0.943414088183265,s0.128471708584973,s238.939567423495618
029_27,s-1.215606293572715,s-1.163522407140164,s153.103331485849083
029_28,s1.364660040222054,s-0.566430456179300,s336.370622269558339
030_0,s-0.728423931336727,s0.348877773265207,s110.337445522930523
030_1,s1.408791060713567,s-0.881008507128282,s41.510046332727441
030_2,s0.124881936274726,s-0.694396435485253,s253.272246127545515
030_3,s-0.357328890417147,s-0.863206483776585,s69.860902238736614
030_4,s-0.427471311227001,s-1.457096881916885,s65.502032352148618
030_5,s0.574474349373445,s-1.676574332337818,s66.983637997020864
030_6,s-0.420486876893858,s0.017162437225715,s320.045579912542394
030_7,s-0.540115701284336,s-0.290592448118384,s110.337445523182282
030_8,s0.831666451809281,s0.665836228094526,s247.261357632758319
030_9,s0.600950152942911,s-0.337790355653506,s221.510046332734248
030_10,s-0.886870861554108,s0.958084203434417,s65.358093317018685
030_11,s-0.428256704636268,s0.545976988544036,s21.236169021510879
030_12,s-1.290673276160402,s0.486975208610093,s20.047703321204466
030_13,s-1.408791061344751,s-0.835878127310318,s258.913731498677350
030_14,s1.350229826207880,s-0.328609475711672,s336.370622203708024
030_15,s-0.304622301946025,s-1.678056897194197,s246.370622270942590
030_16,s0.848598296952084,s-1.632643235893000,s242.768559894284010
030_17,s-0.825580789247460,s-1.672022559226361,s111.029099004266328
030_18,s0.376547997881604,s0.661240398349950,s146.641569656501218
030_19,s0.600419358581413,s0.100182121420629,s108.888477737971485
030_20,s0.468688815911690,s0.970998187936867,s293.629377730656756
030_21,s0.042648235970897,s0.967708448482740,s67.752266428575069
030_22,s0.945589945207842,s-1.221612785655690,s79.684704049936258
030_23,s0.851400235225425,s0.028309989290447,s292.511388476417778
030_24,s-1.405881786294462,s-0.234857718340390,s290.337445523183362
030_25,s-0.221313137259987,s-1.082954972836207,s247.118664051767496
030_26,s-1.298825258087270,s-1.265760586610953,s156.370622269244137
030_27,s1.348310802574958,s-1.237003152346272,s2723.710468183372086
030_28,s-0.270378333829767,s-0.439662585807733,s289.469322216112801
030_29,s1.308431067949404,s1.078057031089970,s200.919042254222205
031_0,s-1.305263625947163,s-0.777734853335071,s155.230263442918073
031_1,s0.877426201039515,s0.712765961274650,s243.874654737164406
031_2,s-0.625007310585788,s0.187004612240539,s157.195260748356560
031_3,s0.969742929803494,s0.113480723793912,s285.626687128485742
031_4,s1.427148767579451,s1.054595899612680,s203.629377735025599
031_5,s-0.110834643530782,s0.343410746760338,s285.657241105105982
031_6,s-1.427148777509730,s-1.619800176888863,s246.370622269941038
031_7,s-1.313248028313777,s0.654469272608704,s20.797859965564214
031_8,s0.306303193300807,s-0.347349855400113,s54.377787882980371
031_9,s0.300480033778063,s-1.282021553248995,s71.040942356452845
031_10,s-0.373080292563345,s-1.483659649746428,s236.933436367457432
031_11,s1.426808885708438,s-1.727135171344161,s336.509823316522898
031_12,s-0.981108926656179,s0.597902440050652,s258.253248395342041
031_13,s-0.948044726745991,s-0.988184377656352,s301.174118203611044
031_14,s0.389313324052208,s-0.803072665099854,s279.546354776563874
031_15,s0.606863007254454,s0.905520155662172,s108.623568923964470
031_16,s0.748639907233679,s1.122252401255443,s291.548322796098148
031_17,s0.735558251576528,s0.207799452309626,s105.657240940671258
031_18,s-0.109726021326307,s1.116117026537737,s288.623575297723050
031_19,s-0.262597646177826,s-0.310142173202606,s114.457808635524046
031_20,s1.415986798834446,s-0.862295131189142,s156.509823316970937
031_21,s-1.336280962455035,s-0.500496346845314,s325.213798998377229
031_22,s0.120211667840085,s-0.705656193535013,s112.400370891031798
031_23,s0.745945692195480,s-0.254130357326168,s234.306618548539745
031_24,s-1.184029027250940,s0.345529250078364,s145.213798998377882
031_25,s0.428752587817873,s-1.619800176890327,s246.370622269343301
031_26,s-0.585768570760614,s1.084508665444155,s212.228051462948088
031_27,s1.427148763461917,s-0.151327623056200,s203.629378056910525
031_28,s-0.647905618407446,s-1.521641162097674,s66.370622270771847
031_29,s0.792424691189645,s-1.124441511397543,s202.254152064244721
031_30,s-0.907476207034949,s1.127135180570768,s66.370622269444397
032_0,s1.204225488545576,s-0.516361231312276,s219.238358949159988
032_1,s0.971421548035688,s-0.278932425214274,s110.350200754570650
032_2,s-0.811325347958707,s0.414593341248666,s301.670290168381655
032_3,s-1.029576456205410,s0.991483518616467,s301.670290216489207
032_4,s-0.165108180331933,s1.113407239033172,s121.670290231755672
032_5,s-1.389608804026023,s1.195601370704942,s156.370622289337604
032_6,s-0.211059962076980,s-1.688364831214504,s246.370622340289231
032_7,s0.102365382114380,s1.074982760158262,s294.876032824181209
032_8,s-0.564937803116539,s-0.889330233927415,s333.211914978127652
032_9,s1.334906596093364,s-0.220372811000261,s332.017841664020011
032_10,s0.840649103963579,s0.131566291456509,s289.794397414082539
032_11,s0.293494591404296,s-1.379345221512056,s218.215799173224781
032_12,s-0.625994675977280,s-0.326393849642170,s35.379752240067560
032_13,s0.019338158993879,s-1.242133387260055,s20.201155677474901
032_14,s1.389341000918342,s-1.276211253246121,s203.650314655149941
032_15,s0.531692751073062,s0.848106154422687,s-8752.523150970633651
032_16,s-0.910338261603997,s-0.604034453584242,s90.781366261005033
032_17,s0.944932554511664,s1.081538040220501,s289.500057799249987
032_18,s0.914185353365537,s-1.677872709177458,s249.102076864786085
032_19,s-0.421097509182075,s0.075865834426386,s291.955734754316154
032_20,s-0.691180352333467,s-1.795601369632485,s337.081387512418644
032_21,s1.115283435521030,s-1.163444312497230,s40.855519807133327
032_22,s-0.795348576972496,s-1.014054128041021,s157.081387650123816
032_23,s-1.387893238159692,s-1.795601370704942,s337.081387657403013
032_24,s-1.387893238355602,s-0.918061738979567,s157.081387593431856
032_25,s0.329298660019901,s-0.758813337840868,s220.855520006517935
032_26,s-1.353720727124883,s0.581448336343678,s201.285916993377384
032_27,s0.248429994441210,s0.674746378868301,s111.955734737805372
032_28,s1.389608804026023,s0.626397979154005,s336.370622282562522
032_29,s-1.389582697046977,s-0.298386374549486,s23.618716308907700
032_30,s-0.006038316242603,s-0.385246291398710,s290.350200754540595
032_31,s0.592923049380475,s0.222279023389213,s110.350200454368149
033_0,s0.259006529966579,s-0.325082550505647,s125.014150422514234
033_1,s1.422305689037234,s0.580889163755869,s203.629377974387438
033_2,s0.478882515623400,s-0.909987928002686,s113.936110489275194
033_3,s-0.582426723869472,s-0.474419570318322,s305.014150422513467
033_4,s0.205013033045148,s-1.767028866457029,s114.269614923725342
033_5,s0.682512465678010,s0.933765299897811,s305.242567836773276
033_6,s-0.506239543327346,s-1.174446881099708,s310.389275263994250
033_7,s0.627223405248427,s-0.515952177665070,s338.294276421774100
033_8,s0.139543709118630,s0.465011244043897,s84.111500655061306
033_9,s0.703986455349842,s-1.775198571371772,s246.370622234669355
033_10,s-0.560658549406617,s0.127517504819828,s264.111500655062230
033_11,s1.422305680820315,s-0.321413466745432,s203.629378616716792
033_12,s-1.536339532838028,s0.326112295785514,s242.317647097224182
033_13,s-0.924617324868105,s-1.735668565116747,s116.220460988991803
033_14,s-0.792077173172805,s-0.752991381261551,s103.248901279949465
033_15,s1.484810484828123,s-1.101844877754853,s110.834703043113905
033_16,s0.583672774924789,s-1.518133134231617,s69.265386990526650
033_17,s-0.750625116391400,s0.367164307525128,s62.317647097270395
033_18,s1.217669275748954,s0.168973943867527,s158.294278821667405
033_19,s-0.200204379252855,s0.998239030952906,s115.050091331504291
033_20,s0.381703800424361,s1.070437758015542,s66.033735462153260
033_21,s0.312330857924028,s-0.006594873881282,s303.110808761688247
033_22,s1.529882089834816,s-1.722671055871475,s65.439707893642137
033_23,s-1.423870632852986,s1.181868407254367,s157.958348361612991
033_24,s-1.427634505742066,s-0.453206918721456,s156.370621481085664
033_25,s-0.678923258844577,s-1.781868412749481,s296.220460988991306
033_26,s0.360048480852487,s0.592920641122510,s262.527323831693366
033_27,s1.018995472412907,s-0.680650357403858,s156.963659464789885
033_28,s-1.067695899097466,s0.982574878618902,s295.050091331505030
033_29,s-0.882824875740962,s-0.322211495573593,s62.441928243657372
033_30,s-0.777624595618042,s-1.366099544514131,s59.410334022228781
033_31,s-1.427634515825327,s-1.362927768424001,s156.370622269335257
033_32,s1.536339532706620,s1.107142629295977,s125.242567836767151
034_0,s-0.698214678602767,s-1.705864662149566,s248.706759236040597
034_1,s1.433086720260143,s-1.815507451416693,s-2538.437278912340844
034_2,s0.478824754749382,s1.215353195613726,s234.008342889681785
034_3,s-1.554757091706420,s1.182136438949990,s290.366562504872491
034_4,s-1.447700948260468,s-0.273285065821002,s23.629377871707980
034_5,s0.711676573637566,s0.412133508343028,s231.330161300762484
034_6,s0.735177616907772,s-1.117370380654890,s157.056965448280692
034_7,s-0.721237188389652,s1.096759619139218,s110.366562504856205
034_8,s1.045118060456566,s-1.632904716273923,s119.922860879168468
034_9,s1.041156019350215,s1.189121550622349,s293.666880081431202
034_10,s0.111993912414091,s-0.899093945790793,s157.202948937410582
034_11,s0.984038249733520,s-0.337582141987901,s290.609985111576862
034_12,s-0.186722049954418,s0.394868774416797,s246.917632275953679
034_13,s0.196173880341813,s1.185676209812126,s66.063427302475276
034_14,s-1.555180733066636,s-1.704412807296326,s245.829806362997545
034_15,s0.202269183514855,s0.672961663228266,s276.778666576076944
034_16,s0.123304047260719,s-1.773179144255327,s337.115867076670497
034_17,s0.610913895205535,s-0.628601915721611,s-1193.325290640547337
034_18,s1.097549858070225,s-1.317211075535279,s302.284915134944072
034_19,s0.702045594810254,s-0.174909591877467,s75.433028461649229
034_20,s0.259405176212006,s-0.600920532234734,s31.356390054350271
034_21,s1.446592226569842,s0.716438444207051,s339.241822653137092
034_22,s1.555180739800221,s0.183681387016621,s51.330161300761283
034_23,s1.453216781660209,s-0.749620651738043,s336.370622269051182
034_24,s-0.795398272582655,s-0.696308128382748,s168.322054420128268
034_25,s-0.500946269703861,s-1.055544671507881,s202.037550025232719
034_26,s-1.323177118753263,s-1.153287723776997,s208.398462673094343
034_27,s-1.555027777284949,s0.548219723713018,s287.665028662861573
034_28,s-1.180065769430059,s0.296077355457265,s241.577854961628361
034_29,s-0.360859279164147,s-0.720483661248424,s344.881743646314987
034_30,s-0.248545149998908,s0.735904318486434,s19.514996398967078
034_31,s-1.320814118235864,s-0.593100541808850,s145.983793928180404
034_32,s-0.632628244766394,s0.547693680808235,s200.941506900851834
034_33,s-1.089917390772080,s-0.293018247279084,s274.970416280647271
035_0,s1.473372153748965,s1.278424410325075,s153.341721300863924
035_1,s-0.904762066668166,s-0.739964889824919,s334.150251383489206
035_2,s0.891628598282854,s-0.988282740329918,s153.570919571537814
035_3,s-0.846092271071520,s-0.982985219223299,s154.150212392589822
035_4,s-1.470997183801680,s0.405247597157918,s333.326676382310950
035_5,s0.891700993516716,s0.148474266213354,s153.488774720446258
035_6,s0.255795658401170,s-0.740479368812196,s333.548809430980157
035_7,s0.874767968185938,s1.278391163709200,s153.488774719739581
035_8,s0.294971327527294,s0.146253115962548,s153.548809430980072
035_9,s0.238861208096406,s0.389880324888311,s333.547178133517320
035_10,s1.410715297433244,s-0.751115571809746,s333.317465206376994
035_11,s-1.417457151144003,s0.157904674462479,s152.342462923851087
035_12,s-0.349015021206008,s1.278142154032174,s154.910811449601226
035_13,s1.473367106447650,s0.143036889884972,s153.317465206368183
035_14,s-0.342592317109932,s0.400862869118315,s334.910811449601226
035_15,s0.312336866982411,s-0.984520254570065,s153.709815413584124
035_16,s-0.333412124214171,s-0.741336532308512,s334.509634912879108
035_17,s-0.818648181264749,s0.169565832490541,s154.132618221182213
035_18,s-0.905812375799571,s0.436242427348663,s344.759224837252020
035_19,s-1.421888233768621,s-0.972235445305348,s152.497508030726550
035_20,s-0.314810678597929,s-1.878253777221034,s334.509634912880301
035_21,s-1.473263315197761,s-0.727073287078783,s332.342511409288932
035_22,s0.835843576673673,s0.392154279724387,s333.488774719738899
035_23,s1.418175421842305,s0.386945215905800,s333.341271301088227
035_24,s0.835552801611237,s-0.744388242514810,s333.488774783353733
035_25,s-1.431724795346304,s1.273178084790796,s153.326676027844115
035_26,s0.844000415948408,s-1.878427891311406,s333.570919571538354
035_27,s-1.467408602027015,s-1.878185769233498,s334.799633553411866
035_28,s-0.273222065721933,s-0.983982687972898,s154.509634912880728
035_29,s1.469809328613080,s-0.998806810961893,s154.812044963306960
035_30,s1.450115236784224,s-1.868615225551099,s334.815639496365236
035_31,s0.257562862101764,s-1.878398519661566,s333.709817041564975
035_32,s-0.896634166907892,s-1.878309465867950,s334.150264213103355
035_33,s-0.281317084421760,s0.157192556456646,s154.509634912879079
035_34,s0.282640741777116,s1.278378349233146,s153.547178133517349
036_0,s0.291902380197450,s1.283671937161972,s154.909427355926084
036_1,s-0.277921549384753,s1.283671937385989,s154.909426025582263
036_2,s0.899124867413300,s0.151864043749334,s154.551276504150195
036_3,s0.841585361591559,s0.395686560903482,s334.385588104762519
036_4,s-1.417772040614637,s0.147308395118846,s154.222104221783383
036_5,s-1.476907223019214,s-1.883854517711296,s333.930924917668108
036_6,s-0.331719245448022,s0.385944580507079,s334.909425840102699
036_7,s-1.475599479465155,s0.392248281880227,s334.756920539033899
036_8,s-1.440302379906207,s1.282828519258923,s-10285.565435662634627
036_9,s0.252234484231601,s0.391612137324059,s334.909427355925857
036_10,s1.476906399884305,s0.147536416271223,s154.200927492492696
036_11,s-1.476901525919873,s-0.747605212569764,s334.222048162061981
036_12,s1.420934165582985,s0.391874000348162,s333.988407457652329
036_13,s-0.841678145255939,s-0.995320439196716,s154.438206652637064
036_14,s1.476696802964049,s1.283854530595895,s153.988407457647611
036_15,s-1.420966009303711,s-0.992203581696921,s153.930924917665124
036_16,s-0.252747834529273,s-0.991836025889325,s154.909425157190981
036_17,s0.903049979040128,s-0.987246259944137,s154.740627755587127
036_18,s0.311554145198561,s0.148751729223478,s154.909427355934014
036_19,s-0.880308731878035,s-1.883745235706382,s334.438206652637348
036_20,s0.277999435645353,s-1.883658701305590,s334.909427355951436
036_21,s0.849432008243562,s-1.883688040676424,s334.740627755584967
036_22,s-0.903043439934443,s0.387325390312600,s334.732185011193963
036_23,s0.844742218238903,s-0.743530084400105,s334.551276504148802
036_24,s-0.844786346099659,s0.143566926758638,s154.533466009926315
036_25,s-0.899240462814842,s-0.751745556490612,s334.528707309485924
036_26,s1.446623958092542,s-1.879076777033456,s-7585.286497759430858
036_27,s0.331797036372488,s-0.985931373689828,s154.909427355947628
036_28,s-0.312067486176693,s-0.748975615512091,s334.909425157297278
036_29,s-0.849435425963766,s1.283702792610712,s154.732185011192058
036_30,s0.272477375405478,s-0.743070965589243,s334.909427355934440
036_31,s-0.291824594850384,s-1.883658701675700,s334.909425157190697
036_32,s1.417815552691712,s-0.747215585361384,s334.201248414586246
036_33,s1.475586603890992,s-0.992208153395740,s154.748362519211383
036_34,s-0.272399591960109,s0.143084168371572,s154.909425157297306
036_35,s0.880247067156018,s1.283769029936431,s154.385588104762093
037_0,s0.719476525103992,s-0.209545388794816,s147.920358630330242
037_1,s-1.066557466314351,s1.221962513187302,s293.629377731067734
037_2,s-0.621986896592156,s-1.487091948688547,s8.131226684981314
037_3,s1.532253047891353,s0.019139152428355,s155.102651663153125
037_4,s0.331880259730278,s-1.073422769373199,s244.992480271733967
037_5,s1.529070192973451,s-0.861134552236690,s336.370621304704855
037_6,s-0.647863268993163,s0.756456733632645,s339.566775999690663
037_7,s0.583772728910605,s0.111371877955712,s39.854641131767828
037_8,s-0.293768708399046,s-1.834365363038793,s293.629378012791676
037_9,s-0.668002616420374,s-1.834365362347817,s113.629377730661290
037_10,s-0.220342488782570,s0.717363272943286,s219.854641131769341
037_11,s-0.529380567460486,s-0.145818827317302,s2.493869716438101
037_12,s-0.680476522679913,s-0.602664360013785,s285.127948490406425
037_13,s1.372298147394925,s-1.419781094770267,s16.891533230629076
037_14,s1.529070198702471,s-1.941727550134459,s336.370621752572390
037_15,s0.296601117057579,s0.954864378148068,s220.181065979863149
037_16,s0.018173399779735,s-0.808097070409359,s329.609160449054116
037_17,s0.753323486218694,s1.341727552099425,s180.680321781336403
037_18,s-0.143909552730852,s1.220418547505215,s-5826.817807464223733
037_19,s-0.006466928914556,s-1.359414662531464,s33.298611644880474
037_20,s-1.640778710353998,s1.254831829834777,s235.310162594976362
037_21,s-1.017317388711883,s0.521336383208593,s65.964976178288907
037_22,s0.579443751432915,s-1.834365358746000,s113.629378012222361
037_23,s-1.131994316237687,s-0.126183489841811,s321.395584512938399
037_24,s-1.635940441710530,s-1.118474629518968,s283.477999815351041
037_25,s-1.527257669347058,s0.183359674512037,s23.629377371073257
037_26,s0.978826086804380,s0.252217924187603,s195.372536511195733
037_27,s-0.931984850826095,s-0.516880317268716,s110.345613345949872
037_28,s1.495608960440395,s0.294575186935531,s333.727210363819438
037_29,s-1.214206787051491,s-1.573654172422358,s328.793176039556784
037_30,s0.068693669479666,s-0.127944727853459,s40.644194842444328
037_31,s1.640778708041148,s1.112333061836581,s57.462217504678399
037_32,s0.862577015899980,s-0.638064762126275,s194.655652565118146
037_33,s1.125989715265087,s-1.846837820213897,s52.440176603781893
037_34,s-1.526721091428176,s-1.941685120299177,s23.409264258947207
037_35,s-1.436266532375111,s-0.188329256741543,s149.032100614659129
037_36,s1.105700953625774,s0.538672411901711,s0.680321897653409
038_0,s0.696597158991993,s-1.821370474051581,s114.865208457107741
038_1,s0.902156297831711,s-0.557359355578889,s156.709753335178050
038_2,s0.265502661488598,s-1.056570950508024,s336.709753258800845
038_3,s-1.534422893518211,s-1.277245307577046,s158.412235869734985
038_4,s0.309034188771783,s0.771957205307446,s22.758013016783401
038_5,s1.480018164141568,s-0.575452204126911,s330.650215573880587
038_6,s-0.755515873770632,s0.191557734123589,s294.014556383301169
038_7,s0.768610125542263,s-1.492786082400338,s333.109315460987546
038_8,s1.113991738906640,s-1.837103369662959,s246.370622439140931
038_9,s-0.153743654213131,s-0.955519449650583,s156.679799016449437
038_10,s-0.999249610592437,s0.247180305379630,s114.014558239650626
038_11,s0.731687330142902,s0.852168069738841,s193.848585881101144
038_12,s-0.764627363535247,s1.251386599302013,s112.713154028859933
038_13,s1.498059830065280,s-0.844407527115825,s144.090823805904904
038_14,s-1.539217109334743,s0.374039663332525,s23.629377491535696
038_15,s-0.266641778236746,s-1.930419971812159,s337.615695859670893
038_16,s-1.162732727420685,s-1.765334451136434,s119.375421739620350
038_17,s1.646577202217746,s0.374570661930354,s112.991475956473110
038_18,s0.358074031477509,s-1.315426690667696,s157.615695846365441
038_19,s-0.654225551385956,s0.792412323675780,s251.119597904565012
038_20,s-0.007353440526800,s-0.516476067974729,s105.576420219342282
038_21,s-0.233194022551848,s-0.101231000362343,s329.363314054507896
038_22,s1.543550098231238,s-1.377681060902529,s200.148966290600896
038_23,s-0.404570882214440,s1.342717822214369,s209.601942442875270
038_24,s0.709515041115201,s1.253588841376574,s66.370623109662802
038_25,s0.458732172167619,s0.474714981401870,s149.363322885514009
038_26,s-1.054314791907747,s-0.371622239079472,s68.612538138608315
038_27,s1.139127045785558,s1.253588846204587,s293.629377739527342
038_28,s0.693521829113416,s-0.077659100456081,s113.179382041570946
038_29,s-0.794355806502266,s-1.942717822214369,s341.332487981561599
038_30,s-0.912098759780082,s0.660618879117982,s70.846206049174270
038_31,s1.347334530659124,s0.901125724322763,s154.905822554199432
038_32,s0.977461538372630,s-0.232061104052042,s292.991475886171600
038_33,s-1.319753940267742,s-0.879226542256714,s204.116707139252526
038_34,s-1.646577202217746,s1.253563122471905,s293.618869974929225
038_35,s-0.708491842661552,s-0.952472007221734,s161.369631801444484
038_36,s-0.528277298272227,s-0.184347016774092,s146.465980951973052
038_37,s-1.539217107368144,s-0.756250173774320,s23.629377692843686
039_0,s0.699114701443676,s-0.981940979471771,s248.787614001974077
039_1,s-1.573959382832653,s-1.068363588473030,s202.496138600886411
039_2,s-0.520676152107988,s-1.304947270842254,s203.555424297279870
039_3,s-0.158887732749118,s-0.539094154801085,s61.579446403140828
039_4,s-0.078672232152995,s-0.822623145062324,s236.862152156225676
039_5,s1.643912122686515,s-0.537008317995245,s68.153249578350895
039_6,s-1.000027029721685,s-1.248576727458671,s162.759062649090168
039_7,s1.024937139145123,s0.082702263536279,s248.153249578346475
039_8,s1.643905137650862,s-1.075287030947959,s68.239476486871837
039_9,s1.522787594727891,s0.437753091106703,s204.729706076082294
039_10,s1.064137295621442,s1.261873229177695,s290.790547621035614
039_11,s-1.141902940038697,s0.922770000423761,s251.658440895941993
039_12,s-0.199152056062354,s0.388284673456475,s203.945718925229016
039_13,s-1.576673486288270,s-1.952410993516810,s23.629377730646389
039_14,s-0.060903448805834,s0.680756511820116,s25.920245065016836
039_15,s-0.650753615256678,s-1.845048805851088,s113.629377730680062
039_16,s-1.643913316718769,s-0.718758499861812,s294.738603478472157
039_17,s0.269238446874282,s0.619727549997102,s247.634191673303548
039_18,s0.463249341041357,s-1.845048805851107,s113.629377730672005
039_19,s0.520723038258164,s1.219530540231692,s235.973966308373775
039_20,s-1.576673486289229,s0.252081593566161,s156.370622269343357
039_21,s1.200969705168786,s0.510694984995837,s65.157731206031343
039_22,s0.249257800984806,s-0.306425783609497,s196.409850469130106
039_23,s1.536802968020717,s0.856156847139800,s336.370622320849407
039_24,s0.697503042315789,s-0.440175384004161,s9608.207774968997910
039_25,s0.574926670663540,s-1.578676964467688,s291.733096436496226
039_26,s-1.480360901298456,s0.620421708121635,s31.413421767284447
039_27,s-1.491128424838415,s1.268427648351242,s293.629377748899287
039_28,s1.441567700189188,s-1.482304115158778,s211.323056822722009
039_29,s-0.689075079342778,s1.352410988971015,s205.920311745182630
039_30,s0.257550285817776,s1.196885032174110,s60.643175668541922
039_31,s-1.078190020009434,s-0.997731200575919,s338.569745996605945
039_32,s0.947871046164954,s-1.844167723967796,s246.733096435566722
039_33,s-1.234708267341228,s0.320162485200099,s294.651390731114930
039_34,s0.104644050570061,s-1.347079142203513,s157.552740523160821
039_35,s-0.744165631725091,s0.135102974410623,s241.579578617455951
039_36,s-1.058627523311627,s-0.066645229109542,s114.438111134818357
039_37,s0.770280662995160,s-0.008826183603870,s67.634191673303476
039_38,s-0.461383489538275,s-1.059653993806689,s23.809738433425785
040_0,s-1.689632103422091,s-0.247894431182563,s307.046886048847682
040_1,s0.953906339823958,s-0.552668496076432,s307.137818848197981
040_2,s-0.821313951420922,s0.356433575901729,s307.203589922703600
040_3,s-1.689632103415816,s0.489826127465764,s307.046886011937772
040_4,s0.842519162318000,s-1.882363352068191,s301.357035345567226
040_5,s-1.690954908480061,s-1.834206437330584,s297.533791521620401
040_6,s-0.874184327926464,s-1.869729286109717,s307.209907803582610
040_7,s-0.026478073822320,s-1.869688575766734,s307.098221507900917
040_8,s0.133073013205791,s0.291614148128908,s307.203595274965267
040_9,s-1.689632103444474,s-1.030321431471047,s307.046886180390118
040_10,s-0.841839758786854,s1.282363351986680,s121.357295506391438
040_11,s0.837483100483337,s-0.260518982276501,s127.203595274965892
040_12,s0.063156306811633,s-0.429769808928904,s307.203673191370058
040_13,s1.042280671588369,s1.009776957504171,s307.137818848194172
040_14,s0.869498918966221,s0.493123121356135,s127.203595274964528
040_15,s-0.133200631797414,s-0.892037907087095,s127.205607419842934
040_16,s-0.869777893877223,s-1.093493586107135,s307.209907803572378
040_17,s-0.697025765707458,s1.057405543433749,s307.203589922701781
040_18,s1.689666306624012,s-1.089206566154127,s127.137818848197696
040_19,s0.011439364550899,s-1.095947963772263,s307.205632732460629
040_20,s-0.953811842263804,s-0.047412692039454,s127.046886048837450
040_21,s-0.930796780016967,s0.670609849791188,s127.046886011937772
040_22,s1.689666306624010,s-0.351240006824346,s127.137818848196730
040_23,s1.689666306623976,s0.430849919064112,s127.137818848200070
040_24,s-1.692807406319898,s1.185007340771968,s301.357295506480966
040_25,s0.986207779836464,s0.201864131894402,s307.137818848197298
040_26,s1.690954911979517,s1.234719627177975,s117.575150928451350
040_27,s-0.837319060687250,s-0.339769428739601,s307.205598646723047
040_28,s0.164690848129075,s1.045051565098488,s307.203595274971462
040_29,s0.697697421294876,s-1.657402718538468,s127.205632732460430
040_30,s0.929944745405333,s-1.270192722317679,s307.137818848197639
040_31,s-0.986522340859599,s-0.801843593148721,s127.046886180384774
040_32,s-1.042156714577258,s-1.610192553047215,s127.046886180390302
040_33,s0.820502427005603,s-0.956239209050486,s127.205577750310809
040_34,s-0.063573256739975,s-0.170003189168160,s127.205598646697823
040_35,s1.691088062291694,s-1.788130246550452,s121.357035345572143
040_36,s0.873881567309660,s1.269741697915088,s127.203595274960236
040_37,s-0.164696405882671,s-1.645234996189660,s127.209907803576272
040_38,s-0.011559728216703,s0.495529274190131,s127.203589922702818
040_39,s0.026703470953784,s1.269749277220575,s127.197657374711838
041_0,s-1.726125288951005,s-1.141738548979018,s289.262243339222039
041_1,s1.623684729689126,s0.555190648744166,s23.785694807903283
041_2,s-0.428615380643299,s0.522229437190920,s243.880925203218936
041_3,s-1.366413179034543,s-1.647814981623794,s334.620834271773560
041_4,s-0.952203625794211,s-0.553575978904964,s288.985999348448161
041_5,s-0.676944727931056,s0.472182501484878,s64.609612736747238
041_6,s0.259785927761589,s-0.541553738083443,s146.245142393689207
041_7,s1.726801758431258,s0.224425683320411,s127.781013182057464
041_8,s-0.805258195232615,s-1.871422337977326,s117.564082168985195
041_9,s-1.726799921526160,s0.140760012185901,s285.801500196475558
041_10,s1.488744518580274,s-1.423845242711962,s93.649712884348460
041_11,s1.621308875228042,s1.428393686816968,s203.785694807900768
041_12,s0.487085149917062,s-0.298756015328350,s256.691695291646624
041_13,s1.623307281902683,s-1.046286639530667,s336.370622209228259
041_14,s-0.449353557421997,s-0.878236706564206,s326.245142393688980
041_15,s0.360001939421429,s0.543234827387987,s252.610264216952999
041_16,s0.290565472397496,s-1.837073668382102,s288.425087249647618
041_17,s0.846398531360165,s-0.021897104367396,s304.730926521872618
041_18,s-0.287067131240765,s-1.921323680782347,s246.370622269343471
041_19,s-0.854883712078772,s1.319882851429710,s293.169101679004484
041_20,s0.627085431319704,s-0.780396176509130,s181.640709568874712
041_21,s-0.691488938980948,s-0.971578308176106,s149.342770014115388
041_22,s-0.759153223686547,s0.011323560781660,s253.826502083624632
041_23,s1.228808867129750,s-1.855484374678021,s118.889240124480054
041_24,s-1.726220721145045,s1.318772369549045,s292.702618066347554
041_25,s-1.298067301557825,s-0.316719876055785,s331.828296085536351
041_26,s-1.619015780977630,s-0.679684663930772,s23.629383882843587
041_27,s0.304389287275600,s-1.235144983204080,s95.358557833876603
041_28,s-1.326574036034097,s1.105169149262880,s244.994958642386621
041_29,s1.614589927315970,s-2.028398807765577,s340.231026834215527
041_30,s0.281218162182208,s1.269118587510845,s6417.645750474967826
041_31,s1.230820796160384,s-0.844386483396649,s139.378582242029808
041_32,s1.142648266582501,s1.317799534619216,s477.636355665208612
041_33,s1.311925014952319,s-0.541894482273337,s307.810127033074480
041_34,s0.021110652860745,s1.319882851429895,s113.169101679005351
041_35,s-1.723967647177206,s0.761465439784296,s240.463420916085596
041_36,s-0.620199901084102,s-1.565771926621028,s275.506274451188688
041_37,s0.213859106742939,s0.748383700615554,s72.009002843342117
041_38,s0.325345031517417,s-0.089319219476763,s71.859377524117917
041_39,s1.188986239701839,s0.677466504123226,s70.371978743243034
041_40,s-1.611073840303397,s-2.028384261842028,s20.140879383993170
042_0,s1.745114437553923,s-0.611677031067868,s84.643126086878766
042_1,s1.745382693358273,s-0.007535198594018,s126.027299405978496
042_2,s0.115992215625258,s0.280823653389368,s280.886230262181016
042_3,s-0.541382316259180,s-1.896394089334980,s246.366470347027189
042_4,s1.630587793883809,s0.918755216047844,s336.370622268148850
042_5,s-0.266908950405094,s0.186848878586254,s63.169944018493275
042_6,s-1.169435785757296,s-0.862387871655067,s70.299557360127650
042_7,s-0.994153113335993,s-1.882880769065232,s114.694311506870733
042_8,s1.505926313096166,s-2.009203838325147,s326.175859554072417
042_9,s0.849591774739263,s-0.603124215363410,s33.739412433150250
042_10,s-0.843617575461829,s1.345945123590735,s16625.546563405172492
042_11,s0.999818745975777,s-1.691078609683328,s289.379912980504400
042_12,s0.331267810264290,s1.370136984145620,s65.010289137915365
042_13,s-1.260729819082150,s-1.321852534963967,s244.752587539127887
042_14,s-1.749365966826976,s1.384537272870065,s-833.299396274749142
042_15,s0.119725361192901,s-0.104534422923846,s213.739768665719538
042_16,s1.682628948673424,s-1.115923929008120,s109.183777845225933
042_17,s-1.212002058992741,s0.314446359418455,s247.853190973906777
042_18,s0.360936063072283,s0.836082660475472,s238.627218139628553
042_19,s1.141406326946901,s-0.052138870266387,s77.202886890670641
042_20,s-0.289463713821883,s-0.545870381516892,s213.739768538626777
042_21,s-0.803924690478956,s-0.345452130890764,s286.502732324344663
042_22,s1.743539996525304,s0.462498624434650,s97.061284179209025
042_23,s-1.637021566701673,s-1.271282648221025,s24.908731113751440
042_24,s1.189450265280905,s1.387446317552926,s293.629377730585702
042_25,s-1.144746828203108,s0.748057838750600,s66.743367908903565
042_26,s0.037910204641328,s0.698665436747301,s96.190470460056360
042_27,s-0.926858933697020,s-0.789981429240282,s249.288464472467666
042_28,s-1.653305718712464,s0.410841934511791,s23.629378097952074
042_29,s0.801701463441043,s-1.039937287329723,s287.859204652279516
042_30,s-0.342639137793644,s-1.446683688926522,s65.641748186710515
042_31,s-0.551807484060655,s1.395777839804507,s243.170427607276906
042_32,s0.570528854695309,s-1.896447199757122,s246.370622269343386
042_33,s0.443866300214677,s-1.027056730686731,s33.739768538626905
042_34,s-1.038307290053883,s-0.258402232306988,s106.502732324361588
042_35,s-1.501730032487717,s-1.571348357911746,s143.822520005569771
042_36,s-0.856636854658452,s0.883969688605003,s276.187956797018273
042_37,s-1.515813579089818,s0.109852238338923,s145.170396138482602
042_38,s0.597649873653175,s1.409203836208892,s238.627255342338003
042_39,s0.716610773349854,s-1.497524494060020,s70.640935057403340
042_40,s1.226537160016963,s0.716980494407849,s58.627218139629271
042_41,s0.208344790750009,s-1.816401544339501,s30.553952855166660
043_0,s-1.702260612912921,s-0.412672596882109,s156.370622269343869
043_1,s-1.682483655766941,s1.483858534472334,s193.427896891284092
043_2,s1.725298828998761,s-0.318484709659979,s86.314716423468582
043_3,s-1.702260611897132,s0.520402118526856,s23.629377727442090
043_4,s0.030930042134385,s-1.972486866247155,s113.629377730676836
043_5,s-1.283561650035158,s-0.445738070097890,s359.508201559754468
043_6,s1.760119047970181,s0.279425172366766,s125.972191515960972
043_7,s1.299561007172821,s-0.760897454169055,s48.803058530172585
043_8,s0.326915802105630,s-1.997443037948081,s302.343704812540466
043_9,s0.866499579645734,s-0.076205019018131,s19.791950793394911
043_10,s1.266875720647537,s0.395700399543996,s64.823876783080323
043_11,s1.652285937349756,s0.611024942122302,s26.308201579819361
043_12,s0.032789276526409,s-0.933321995870129,s234.322742097211034
043_13,s1.027794763201611,s1.482270600585658,s199.164865945526316
043_14,s-0.825800567013111,s0.889337383191656,s338.432273211412166
043_15,s-1.689005457458176,s-1.409660329396087,s-203.905033238597781
043_16,s-0.121675049172266,s-0.583929153929744,s304.492760975258818
043_17,s0.606977426282859,s1.022209103884863,s244.823876783080493
043_18,s0.397463754042249,s0.183486576771670,s-7475.920988666975973
043_19,s-0.442211342694932,s-1.340663843688885,s172.296315732298154
043_20,s-1.047596612279920,s-0.836696690543053,s94.236998071171982
043_21,s0.495151592398758,s-0.554439635049370,s228.803058530169892
043_22,s-0.237170662902578,s0.676677558442888,s143.660197768835587
043_23,s1.645366481503973,s-1.119047868604623,s336.375702672056889
043_24,s-1.207365238120327,s1.375152665968255,s293.629377739908534
043_25,s-0.062524414192023,s-1.558941381546872,s280.850646863481984
043_26,s-0.314117280996029,s1.361140355510289,s244.861573233564627
043_27,s0.542612354239509,s1.355962398599262,s64.861573233564201
043_28,s-1.308709659675681,s-1.932711967516270,s116.778171890186883
043_29,s0.965403319499768,s-1.343139136947314,s50.669745377562137
043_30,s1.441292831764468,s-1.631060043015057,s16.984571336710552
043_31,s-0.980711292213935,s0.112272769242176,s323.660197842870900
043_32,s-0.441855401505887,s-0.075637017839028,s264.141418374327827
043_33,s-1.760119046255061,s-0.077650764319562,s318.663805253804696
043_34,s-0.858704956664927,s-0.369233353658464,s234.676455951149734
043_35,s1.611474375875767,s1.483283170200796,s206.308201579827539
043_36,s-1.161073008072155,s0.548155305252847,s19.575319270514242
043_37,s-0.914442942110855,s-2.083858534774011,s350.982384573855427
043_38,s1.190048101009315,s-1.865144647594625,s122.343681331413222
043_39,s-1.129008470146696,s-1.447577496229312,s6170.192007422973802
043_40,s1.645378917952307,s-2.079849053954149,s336.370622154521925
043_41,s-0.831470208446858,s-0.984492949500764,s270.357376181612892
043_42,s0.383886410362047,s0.660888303022149,s57.161592090865405
044_0,s-0.836059152254272,s0.941078396361648,s158.285344911877928
044_1,s0.735737842343060,s-1.769244280000076,s72.416497040192297
044_2,s0.238487200220498,s-1.985647143030240,s113.629377732330738
044_3,s0.881079066256122,s-1.972655019228154,s252.416497061330830
044_4,s0.536792003296284,s0.206050307339589,s109.896168683825820
044_5,s0.888021055590478,s-1.372637569483254,s248.262169134049202
044_6,s0.945296738990850,s-0.048782568786818,s226.035200005532033
044_7,s1.686621579977545,s0.898570681222624,s336.370622314235959
044_8,s-1.793770695426406,s-1.181306110618701,s250.801060000064240
044_9,s-0.226004333790999,s-1.546504748664653,s160.730172724591966
044_10,s1.764300939509503,s-0.364154959317972,s46.035200046864382
044_11,s-1.686495274422414,s0.975429698761146,s23.641927886165469
044_12,s-0.567443002671686,s0.559407236047048,s194.268895845170022
044_13,s-0.041398523115424,s-1.238753511981010,s251.600328036036700
044_14,s-0.113155201648897,s0.857378310794578,s28.234032873163116
044_15,s1.793044127431061,s-1.963343851386936,s72.189452351118163
044_16,s1.793721987072043,s-1.420496353276802,s68.262169354319354
044_17,s1.277559983538303,s0.748542572543832,s23.161817988389082
044_18,s-1.685119584811360,s-0.628160908217554,s23.749525631741577
044_19,s0.872161004404839,s-0.842018092288651,s251.359343943858988
044_20,s1.531042714941323,s0.604263913148264,s209.340388801491457
044_21,s-1.451599721501114,s0.859933766552751,s203.641927878960246
044_22,s1.490712678035381,s1.387630243016688,s66.370623116671652
044_23,s-0.670483920624386,s-1.969501520961161,s114.897791461536471
044_24,s-1.366690266014145,s-0.706555858233385,s203.749525651245733
044_25,s-1.793575796361172,s0.352233084190990,s247.217429098646505
044_26,s1.793770695426406,s-0.868492035875095,s71.145631457516771
044_27,s0.563243372931817,s-1.005163213328197,s71.600327978637509
044_28,s0.754606997094138,s-0.438091694322598,s110.835003343424432
044_29,s0.809200237421142,s0.822866372538678,s90.569650407977889
044_30,s0.795774972052514,s0.399813695506602,s256.973582205181003
044_31,s-1.539415018857022,s-2.100211538269809,s35.793793808647287
044_32,s0.735037001488092,s1.425456950621169,s131.278501725971694
044_33,s-0.253638220933584,s-0.670248064359457,s123.955681938719977
044_34,s-0.134683945365090,s-0.411947074272409,s293.046560314369628
044_35,s0.189371403234514,s1.387630243983539,s66.370622359587273
044_36,s-0.925000580863792,s0.078568118745498,s234.043185707096256
044_37,s-0.820876879785187,s-0.460630158841473,s165.605225007760055
044_38,s-1.156953530651155,s-0.274927155371862,s69.356356965081957
044_39,s0.048303095621287,s0.568554522489208,s149.871750618509452
044_40,s-1.146333705033480,s1.239224221122371,s5103.655420099442381
044_41,s-1.060605306490960,s-1.730076883709653,s70.801060063664934
044_42,s-0.804730107045210,s-1.486222059916279,s314.149376265847479
044_43,s-0.821588217632298,s1.500211538269809,s213.617625651864785
045_0,s0.899018512611729,s-0.257685668834266,s61.268820193448349
045_1,s1.765291760461748,s0.108964369787049,s38.070138114656018
045_2,s-1.784369199889637,s1.439082969413339,s293.887866989842564
045_3,s1.730934320011392,s-1.245815339781013,s44.174626691428593
045_4,s1.245297338877496,s-1.960873138747340,s-113.629377093549905
045_5,s0.911916045325271,s-0.607466972325043,s187.865606611883010
045_6,s1.197572623281298,s-0.428290372607730,s294.940493653696194
045_7,s-1.613125602658829,s-1.456075773556032,s157.223293934436271
045_8,s-0.047374186127033,s-0.941679441236448,s22.660725787528190
045_9,s1.232455738836380,s-1.615127214931762,s360.552790644146512
045_10,s-1.674486065100675,s-0.333598182357520,s157.399404682591921
045_11,s1.726306248385310,s-0.720274128628761,s336.370622265680652
045_12,s-0.613951529303052,s0.081677480080235,s159.665159658928758
045_13,s-0.832306953665155,s0.321968287157764,s45.825934486923970
045_14,s0.576090702182614,s0.284621015103935,s310.701662751470792
045_15,s1.725418172454933,s-1.548991516952341,s203.698820649947152
045_16,s-0.646413663056279,s-0.828043242296437,s339.665159658908522
045_17,s-0.515733068522497,s0.553320282393506,s344.851031096300744
045_18,s-0.802070912391242,s0.912166246784959,s24.388510022767349
045_19,s0.269475188751716,s-1.960873143047604,s246.370622272660796
045_20,s-0.505844175769008,s-1.141102210618161,s151.603711304975462
045_21,s-0.386602826182220,s1.427800502151047,s73.301694056667586
045_22,s-0.275762287464065,s0.334935065667936,s232.363757859048633
045_23,s-1.199329884998521,s-0.363065736110959,s3.758822832295231
045_24,s-1.674482387877231,s-1.213147010037389,s337.400971119533267
045_25,s0.808132884332577,s1.023920996184680,s130.701662751470394
045_26,s0.887137445729467,s1.406568121752407,s68.563644676027224
045_27,s-1.469987094688707,s0.920344647092632,s336.060270722008738
045_28,s1.784369205456552,s1.442386275872121,s66.370621813132189
045_29,s0.068529917535721,s0.944045693390869,s185.719314343606072
045_30,s-1.676953176210103,s0.517410117724981,s23.629377680292755
045_31,s-1.043907883043977,s-0.677567840465116,s157.400971120245117
045_32,s-1.188949811536683,s-1.626638581771965,s331.603711305255104
045_33,s0.324347840027075,s-0.749830941949272,s229.467327595549136
045_34,s-1.709631784561333,s-0.040099208031971,s322.778644092434035
045_35,s1.334214434535428,s0.994790871080004,s19.624303139997373
045_36,s-0.761437557093968,s-2.075638770230259,s324.002163060348551
045_37,s1.159792290508220,s0.075651588658355,s355.941388614831681
045_38,s-1.265375320039835,s-1.959293907743868,s113.752891282719432
045_39,s0.341547646299459,s-1.407186852040590,s68.042395935211530
045_40,s-0.077935371461065,s1.479934879209975,s232.613706199889180
045_41,s1.726306244643861,s0.665336443680722,s336.370621973158109
045_42,s0.670848305877369,s-1.485173461876282,s201.112958959767070
045_43,s-0.161480287406208,s-2.079934892801825,s-1.253891261497645
045_44,s0.272259013429798,s-0.444571092844213,s50.161395277500240
046_0,s0.166590754139893,s-1.328228151791305,s212.600188503596655
046_1,s0.954199118754789,s0.621638690155902,s212.597327183117613
046_2,s1.637815055091574,s1.455710881163667,s212.646700669987069
046_3,s0.258329728227761,s-0.375053769472235,s212.600188503599639
046_4,s0.363917694624542,s1.537289162330632,s212.600188651013127
046_5,s1.712544819799009,s-1.172362145364363,s32.603206925123516
046_6,s-0.316481183420048,s-2.136702749466989,s32.600188486173863
046_7,s-1.709747332293607,s0.600624798766829,s212.600582009964654
046_8,s0.342127993361036,s-2.136702749473639,s32.600188503594325
046_9,s1.126605694190927,s-0.190881933588461,s32.597327183112270
046_10,s-1.125609006778080,s-1.327533375272951,s212.505921277218221
046_11,s-1.716494533483848,s-1.261853974122643,s208.762385962149608
046_12,s-1.506500633785443,s-1.106214460354595,s32.491263826028330
046_13,s-1.026865053120060,s1.537289162328810,s212.600188650897081
046_14,s-0.408832756698151,s-0.356815866954131,s212.600188486150159
046_15,s1.029104521387430,s-1.208313706018925,s32.600188503595234
046_16,s-1.709740503186402,s1.537290942890917,s212.604956516729288
046_17,s-0.336240396963111,s0.617083643282850,s212.600188503597337
046_18,s-0.889480553860137,s-1.182962731159097,s32.600188479970768
046_19,s-1.027571709896281,s0.607906623235322,s212.600188503577471
046_20,s-1.709918630986421,s-0.335693341279330,s212.491263825960544
046_21,s1.716494509109587,s-0.241072342774263,s30.254525034716607
046_22,s0.832965630245757,s-1.363329586845184,s212.600188503547969
046_23,s-0.176078869142009,s-0.211480397551269,s32.600188503607512
046_24,s0.476447350400674,s-0.225848708809915,s32.600188503616266
046_25,s0.544767051063424,s0.735755215378040,s32.600188651142446
046_26,s-1.632158855971739,s-2.134571558558879,s28.762447788087911
046_27,s-0.471311340496808,s-1.301172899876388,s212.600188486150302
046_28,s1.515089083007064,s-1.332866584659945,s214.038581141583421
046_29,s0.307739926015361,s0.591549520001685,s212.600188503616749
046_30,s-0.228163690254712,s-1.158585372909350,s32.600188486146862
046_31,s-0.336802794900763,s1.537289162330115,s212.600188650999371
046_32,s-1.513376787512720,s-0.180635288987689,s32.600582009771813
046_33,s0.428461678887455,s-1.190590754997807,s32.600188503599384
046_34,s-1.019589612171582,s-0.317875196333923,s212.600188479971081
046_35,s-0.130150449450308,s0.769468626757801,s32.600188651005794
046_36,s0.905666598701244,s-0.339344916340223,s212.600188503601743
046_37,s1.225786659795797,s0.756759495432821,s32.609045347682752
046_38,s-0.823220294538419,s-0.162920236504648,s32.600188503581819
046_39,s1.511762156244532,s-0.396817944139231,s212.600177173164667
046_40,s-0.826267970161135,s0.761557002438664,s32.600188650886992
046_41,s1.710410493649175,s-2.137306393978725,s34.038580878895459
046_42,s1.632724761167857,s0.634350473206192,s210.252474040932697
046_43,s1.028766588385096,s1.537292471050212,s212.609045347683974
046_44,s-1.513606366213588,s0.755658965495570,s32.604956517229937
046_45,s1.035368200232558,s-2.136702749473041,s32.600188503643153
047_0,s0.166590754139893,s-1.328228151791305,s211.900483887819661
047_1,s0.954199118754789,s0.621638690155902,s211.897622567340619
047_2,s1.642421683125484,s1.460712778619339,s211.946996054210075
047_3,s0.258329728227761,s-0.375053769472235,s211.900483887822645
047_4,s0.363917694624542,s1.537289162330632,s211.900484035236133
047_5,s1.712544819799009,s-1.172362145364363,s31.903502309346528
047_6,s-0.316481183420048,s-2.136702749466989,s31.900483870396876
047_7,s-1.709747332293607,s0.600624798766829,s211.900877394187660
047_8,s0.342127993361036,s-2.136702749473639,s31.900483887817337
047_9,s1.126605694190927,s-0.190881933588461,s31.897622567335283
047_10,s-1.125609006778080,s-1.327533375272951,s211.806216661441226
047_11,s-1.716494533483848,s-1.261853974122643,s208.062681346372614
047_12,s-1.506500633785443,s-1.106214460354595,s31.791559210251343
047_13,s-1.026865053120060,s1.537289162328810,s211.900484035120087
047_14,s-0.408832756698151,s-0.356815866954131,s211.900483870373165
047_15,s1.029104521387430,s-1.208313706018925,s31.900483887818247
047_16,s-1.709740503186402,s1.537290942890917,s211.905251900952294
047_17,s-0.336240396963111,s0.617083643282850,s211.900483887820343
047_18,s-0.889480553860137,s-1.182962731159097,s31.900483864193781
047_19,s-1.027571709896281,s0.607906623235322,s211.900483887800476
047_20,s-1.709918630986421,s-0.335693341279330,s211.791559210183550
047_21,s1.716494509109587,s-0.241072342774263,s29.554820418939620
047_22,s0.832965630245757,s-1.363329586845184,s211.900483887770974
047_23,s-0.176078869142009,s-0.211480397551269,s31.900483887830525
047_24,s0.476447350400674,s-0.225848708809915,s31.900483887839279
047_25,s0.544767051063424,s0.735755215378040,s31.900484035365459
047_26,s-1.646801324609590,s-2.133676211822954,s28.062743172310924
047_27,s-0.471311340496808,s-1.301172899876388,s211.900483870373307
047_28,s1.515089083007064,s-1.332866584659945,s213.338876525806427
047_29,s0.307739926015361,s0.591549520001685,s211.900483887839755
047_30,s-0.228163690254712,s-1.158585372909350,s31.900483870369875
047_31,s-0.336802794900763,s1.537289162330115,s211.900484035222377
047_32,s-1.513376787512720,s-0.180635288987689,s31.900877393994826
047_33,s0.428461678887455,s-1.190590754997807,s31.900483887822396
047_34,s-1.019589612171582,s-0.317875196333923,s211.900483864194086
047_35,s-0.130150449450308,s0.769468626757801,s31.900484035228807
047_36,s0.905666598701244,s-0.339344916340223,s211.900483887824748
047_37,s1.225786659795797,s0.756759495432821,s31.909340731905765
047_38,s-0.823220294538419,s-0.162920236504648,s31.900483887804832
047_39,s1.511762156244532,s-0.396817944139231,s211.900472557387673
047_40,s-0.826267970161135,s0.761557002438664,s31.900484035110004
047_41,s1.710410493649175,s-2.137306393978725,s33.338876263118472
047_42,s1.632724761167857,s0.634350473206192,s209.552769425155702
047_43,s-0.951687977563561,s-2.136667847439238,s31.806216661445070
047_44,s1.028766588385096,s1.537292471050212,s211.909340731906980
047_45,s-1.513606366213588,s0.755658965495570,s31.905251901452949
047_46,s1.035368200232558,s-2.136702749473041,s31.900483887866166
048_0,s-1.698433478646560,s-2.152227319151503,s26.646764533028673
048_1,s1.532486246676173,s-0.381224037593324,s216.761238158074207
048_2,s0.390061853864285,s-1.214142793420615,s36.701123869842561
048_3,s0.392293583589642,s-2.153512514647883,s36.701123869941924
048_4,s-0.290395634743311,s-2.153512514649492,s36.701123870163499
048_5,s-0.912420548767136,s-1.202008586959193,s36.705317887043364
048_6,s1.725178844924874,s-1.187197913602195,s36.761238158112590
048_7,s-1.068674372232875,s0.608059648083399,s216.705317950598953
048_8,s0.247374786694804,s0.568340625712398,s216.701123869897970
048_9,s-0.860297944084628,s-0.175578878897327,s36.705317950601014
048_10,s1.725127736738143,s-2.153556384615177,s36.797116264545551
048_11,s1.052724265568518,s-0.264478506786476,s36.698521635726152
048_12,s-0.390442412268123,s0.614901634840163,s216.701123890175069
048_13,s1.698930274192301,s1.552216399881450,s206.638449350355955
048_14,s0.862191425658216,s-1.363120343355804,s216.701123869913346
048_15,s0.291868611272776,s1.553499938482057,s216.701123867311679
048_16,s-1.516947421729085,s-1.162166992713086,s36.705973091560011
048_17,s-1.725278171221336,s-0.378456129194738,s216.705973091595013
048_18,s-0.222255614509052,s-0.223623518132379,s36.701123890175850
048_19,s-1.744838458473793,s-1.323261862796029,s206.646764532774426
048_20,s-0.391331399558059,s1.553499938491574,s216.701123888419346
048_21,s1.068431108421568,s-1.207131911868728,s36.701123869840515
048_22,s1.744838459756544,s0.722883732545386,s26.638449350318705
048_23,s-0.464706650717125,s-1.323360780603821,s216.701123870164110
048_24,s1.516924068640497,s0.561822128968887,s216.697608631983002
048_25,s-1.725109336675191,s1.553556389999467,s216.824390023464986
048_26,s-0.861712940533295,s0.763889144073287,s36.703267475432497
048_27,s0.221058574463860,s-0.376733986148118,s216.701123869890409
048_28,s1.725269801456475,s-0.221742242288046,s36.697608631984806
048_29,s-0.929760352621108,s-2.153448151790009,s36.557891214798602
048_30,s1.065582110340704,s-2.153512514647181,s36.701123869760082
048_31,s-1.532540721274327,s-0.219041455729232,s36.744657486694123
048_32,s0.859938321299846,s-0.423715657813511,s216.701123869752990
048_33,s1.126689638881496,s0.756457775783152,s36.686479992463447
048_34,s-1.532555673203794,s0.746384621527013,s36.824390024667721
048_35,s-0.182541847366255,s0.770489440135339,s36.701123888346629
048_36,s1.532597810462084,s-1.346787700713140,s216.797116265834234
048_37,s-0.448419631151575,s-0.374805942668734,s216.701123872325297
048_38,s-1.126577830629065,s-1.356297978223326,s216.557891214806546
048_39,s-1.725222856543799,s0.586683059142801,s216.744657486718836
048_40,s-1.053011651386359,s-0.334841245914651,s216.705317887040195
048_41,s0.464905112979227,s0.721605607947317,s36.701123867311665
048_42,s-1.065698363591129,s1.553500911792240,s216.703267475431858
048_43,s0.928324424419722,s1.553493297315400,s216.686479992472982
048_44,s0.183782264342819,s-1.370121598882245,s216.701123870090981
048_45,s0.911927516222326,s0.602516924314934,s216.698521635731964
048_46,s0.448058185638867,s-0.225753117912125,s36.701123869897359
048_47,s-0.248395896947827,s-1.169801621696756,s36.701123872323606
049_0,s1.678248155050945,s-1.556195782729202,s3803.337181345322279
049_1,s1.261474217797217,s-1.389880306059029,s156.947984396454643
049_2,s-1.308637743301326,s0.997272561418280,s236.993071229313387
049_3,s-0.840293558759445,s1.407862182248653,s192.651985260940648
049_4,s0.734936471192023,s0.218039508941002,s193.741906582461240
049_5,s0.862948922740822,s1.078992793302084,s341.945238120311785
049_6,s-0.101346713801953,s-0.164364689491844,s203.868677831725279
049_7,s-0.640993196790696,s0.282922646437082,s59.220864452026383
049_8,s-1.664644707765784,s1.208156238071643,s38.750581129332403
049_9,s0.291215347901116,s-1.435998652923592,s336.353916621393694
049_10,s-0.976110422273885,s-0.694091841155550,s90.847319391898026
049_11,s0.250331837317247,s-2.034276704597734,s244.366177631233541
049_12,s0.481932138032231,s-0.312907796075743,s163.403420414327854
049_13,s1.740967089015294,s0.024308310859437,s26.357078210180994
049_14,s-0.963551278187364,s-2.059716066002088,s246.370622269343130
049_15,s1.844734747585496,s-1.163943402190582,s80.199053923667719
049_16,s1.286907317721365,s-0.335392784353339,s13.741906582461317
049_17,s-1.426105607821973,s-2.059716066001553,s113.629377730626999
049_18,s-1.769122017735488,s0.162974758418736,s150.359941305565826
049_19,s1.473829323672671,s1.011946903213812,s25.134856404932467
049_20,s-1.844734746202682,s-0.675860813118259,s156.370622259480285
049_21,s-0.115427988965181,s1.518946311015605,s66.370622267446578
049_22,s0.379553763372279,s1.515336222940407,s293.911898801481584
049_23,s-1.047580264437591,s-1.739493903115848,s61.805565286176929
049_24,s-0.020731360591581,s-1.026499872631579,s156.353916621408359
049_25,s-1.001374239027223,s-0.271870364711966,s285.535795057240364
049_26,s1.078797216189937,s0.806139440272986,s208.169625458903312
049_27,s1.713602385906575,s0.903389329508775,s205.228251283670403
049_28,s-0.965559584396838,s-1.296292233207101,s305.016524402125640
049_29,s-1.837809659504398,s-1.590354070841901,s159.381079413994655
049_30,s0.002815244216720,s1.261014979366986,s248.911903090581092
049_31,s0.322292433303422,s0.116319215776928,s14.342046770954562
049_32,s-1.518905159542655,s0.436941740344696,s239.220864452033311
049_33,s-0.626697922834388,s-0.538657723330234,s250.494307436238870
049_34,s1.695829150280448,s-0.222455540025583,s206.376394479096916
049_35,s-1.343817274617120,s-1.112018468826887,s107.506101083133331
049_36,s0.729542733909681,s0.577218330512337,s57.821482833819012
049_37,s-1.844734743866918,s0.544616842311057,s23.629377923144339
049_38,s-0.609877414082071,s-1.781088025897473,s342.784974288175533
049_39,s1.062520389012412,s-0.720588130537179,s260.199053923654958
049_40,s-0.316725887072851,s0.742885506962572,s12.651985478747690
049_41,s1.321656830006658,s-2.059716066001910,s246.370622269336764
049_42,s-1.161815145720811,s1.518946311039891,s66.370622269344366
049_43,s-0.188747201787349,s-2.118946309688309,s343.200245236155183
049_44,s0.867211563042583,s-1.273097246964097,s15.676379034925224
049_45,s-1.279098682443613,s-0.195677462810406,s108.319748774645177
049_46,s-0.303238968205698,s0.166121473230197,s328.261771977082844
049_47,s1.841382024050514,s1.513440648685026,s65.939508717944861
049_48,s0.683556311287887,s-1.554463798477544,s196.989659552587227
050_0,s0.041283412018938,s0.500153434581642,s347.206049336974502
050_1,s0.629531134837783,s-0.953592174022633,s241.088159938848634
050_2,s-0.342189309649697,s0.843594511550089,s167.206695559004544
050_3,s-1.213734905865208,s0.176091204124301,s86.723758491495033
050_4,s1.490939210502098,s-1.023795813554810,s61.088159938847951
050_5,s-1.780052070240119,s-0.643884232079246,s208.107604919102641
050_6,s-0.188337940656910,s-0.490261777996937,s173.063950514970543
050_7,s-1.103133603660458,s-1.213313282261815,s28.107610473016180
050_8,s-0.755077026664377,s-0.759057202265581,s218.567445613697828
050_9,s-1.395171027147939,s0.857886708467689,s328.045345259879753
050_10,s-1.385945513797524,s1.499876284216165,s66.370622269344153
050_11,s1.069597048720751,s0.143661853662762,s253.451634523407847
050_12,s-0.764209156219090,s0.902031298865087,s13.291002276638775
050_13,s0.991113541383012,s-1.628094776945427,s61.083850014546876
050_14,s-0.725632180702438,s-0.462686786223510,s20.684877524262152
050_15,s0.981393838211211,s1.173543639645078,s247.772557165001473
050_16,s-0.226710595763330,s-2.105889838723763,s246.370621435869879
050_17,s-1.798216302114910,s-1.512893059301152,s23.629378699124789
050_18,s0.960251426690632,s0.638597660039145,s117.807074365775534
050_19,s1.335207560799830,s1.493268740275354,s290.766033067862907
050_20,s-1.348743248147177,s-0.231150971478107,s206.688988863311039
050_21,s-1.518607524513872,s-1.610572925900434,s203.322786250111051
050_22,s1.254891508534979,s-0.435114843844680,s295.932723131775731
050_23,s-0.369593987617653,s1.359803202180874,s54.836601936508060
050_24,s0.826625611975312,s0.044826074603999,s77.426120706778676
050_25,s1.914912006788135,s-2.105889849391581,s113.629377730645416
050_26,s0.896777348347203,s1.499876276499076,s66.370621666070335
050_27,s0.083638457366685,s-1.513428252305406,s199.769747760490702
050_28,s-1.741968211684684,s-0.396802019612315,s28.107604919106116
050_29,s0.691142160072905,s-2.153900579683405,s20.728082078354110
050_30,s1.226377233030786,s0.580156807943270,s290.243221009836361
050_31,s1.048548307738881,s-2.098735729851061,s293.629377730667784
050_32,s-0.915440243067098,s-1.494753137224634,s159.280574832456608
050_33,s-0.312541806096925,s-0.269620070850791,s352.038085876870014
050_34,s0.123438345211987,s1.553900585174893,s153.408223731054278
050_35,s1.807546613968166,s0.213809879197845,s336.370593764176249
050_36,s1.313206912782631,s-1.473976911901333,s247.820322578846600
050_37,s-0.890203716473861,s0.594319278404484,s208.011131248601544
050_38,s-0.304372976036823,s-1.678570292091290,s38.567446167647645
050_39,s-1.905277917333049,s-2.099808086748528,s248.992545872931174
050_40,s1.807549819104346,s1.087021181964728,s336.370622269344153
050_41,s-0.527794587226543,s-1.968768253100422,s124.905236586004065
050_42,s1.798393648194848,s-0.687103273346995,s335.652861697858839
050_43,s-1.772688470713614,s1.005660929050872,s-335.035876705407304
050_44,s0.286278378841608,s-0.323674323420888,s32.575888753429290
050_45,s0.992021345923642,s-0.358729163476395,s113.505671390443979
050_46,s1.807549818549878,s-1.108354445332022,s203.629377504202637
050_47,s-1.914912007047837,s0.598450090920308,s266.723758491492958
050_48,s0.292157185636857,s-0.869894706333524,s134.705555384840153
050_49,s0.559747238351458,s1.202838036743353,s167.207499865008742
051_0,s-1.664685755468028,s1.651522426323856,s904.778750954040447
051_1,s1.615168843544233,s-0.281483570383574,s170.609568853962259
051_2,s-1.196986308575192,s-2.249691519596452,s350.492944550837024
051_3,s1.261640975893400,s-2.244745079461937,s351.657191911016014
051_4,s0.442183281904962,s1.648034610025448,s169.160240541075353
051_5,s0.447970888236491,s-1.395783619606994,s170.493187450496407
051_6,s0.637356748247912,s-1.223983630526724,s349.935618458396107
051_7,s-0.606935011217349,s0.821042972763706,s350.452100221212049
051_8,s-1.410927971654716,s-1.404277981528671,s170.492944585064748
051_9,s-1.243225174678475,s0.824137988635912,s350.740808433805114
051_10,s1.225878593063115,s0.786326202517080,s349.159814019190833
051_11,s-0.186524934923980,s-0.383587037848598,s169.935618369115588
051_12,s0.424596081669761,s-0.387521087971469,s169.935618443903394
051_13,s-0.583406356821033,s-2.249691520340265,s350.492944305042784
051_14,s-0.199781359702820,s0.639171519373288,s169.935618214160087
051_15,s0.625038772046435,s-0.219971123607642,s349.935618796110248
051_16,s1.636194303625822,s-1.331682378587330,s171.849146147017763
051_17,s-0.816110929277077,s0.653393918612004,s170.434442492167193
051_18,s-0.799814875775696,s-0.372668898407959,s170.294562705190799
051_19,s1.826014117506119,s1.632893476873343,s-3084.583813343617749
051_20,s0.416234886027714,s0.622658473871008,s169.935618797199481
051_21,s0.016942418724355,s0.804829053568164,s349.171915303430012
051_22,s1.827544424435795,s-0.104428410989107,s341.523937825753478
051_23,s-0.174811252152499,s-1.409910042378759,s170.492950418763343
051_24,s-1.812990707849532,s-0.257126112724711,s350.708813912552046
051_25,s1.047551534298532,s1.648034342357271,s169.159814701217130
051_26,s-1.402192408779255,s-0.378412897804254,s170.294562713540643
051_27,s-1.813283264955040,s-1.233767610772709,s2150.049709533118858
051_28,s-0.790947449445574,s-1.398936274841582,s170.492944310489520
051_29,s-1.811147126610895,s-2.251522426323856,s352.815209932415939
051_30,s-1.220337364031696,s-0.204826467860634,s350.742660975885315
051_31,s-0.600395163320291,s-1.227800632951052,s350.294562666269883
051_32,s1.045796197594505,s-1.375931359847734,s172.590320873741291
051_33,s-1.837743837033794,s0.677456108221522,s23.629377711003610
051_34,s-0.000424238042957,s-0.213491574447865,s349.935618616582985
051_35,s1.039734069238752,s0.610689913304122,s171.073346949884808
051_36,s1.825835898427908,s-2.245526054890470,s342.393012241531608
051_37,s1.226395159572193,s-1.195601953188026,s350.909225809513941
051_38,s0.011020308088339,s-1.237515787716195,s349.935618391067635
051_39,s0.042667153173656,s-2.249691524538664,s350.492950414026382
051_40,s-0.614177765897912,s-0.200956335645091,s350.432195051098972
051_41,s-1.205680811236724,s-1.235603277828071,s350.294562747443877
051_42,s1.837743837033794,s0.758495353844914,s336.826138748582139
051_43,s-0.831411333779038,s1.648900863799268,s170.452100461300319
051_44,s0.651093144199795,s-2.249691692949382,s350.493187499846215
051_45,s1.621142081903238,s0.633660744064464,s156.826138761282607
051_46,s-0.182015413420588,s1.648041960181689,s169.171915426123405
051_47,s1.813039700468027,s-1.154936990517149,s351.849146493515320
051_48,s1.038689408839827,s-0.325512200603124,s170.457234847282990
051_49,s0.625436241783991,s0.789666097062170,s349.160240467612994
051_50,s-1.423450940446358,s0.650879009914825,s170.740808355308388
052_0,s-0.092636170496167,s-1.943707516841160,s78.466985173060422
052_1,s-0.932203303470321,s0.913952091433495,s259.647611119953694
052_2,s0.927516705565612,s-1.338878654021805,s78.499679519050858
052_3,s0.100587274884090,s0.916438984007608,s260.545526969026469
052_4,s-1.101992896810821,s1.097454117524123,s79.646656452820650
052_5,s0.098613742733445,s0.308004508878920,s260.299032219182038
052_6,s-1.961659539269827,s0.911090460084694,s259.645995942804802
052_7,s-0.072546178394910,s0.498664290775539,s79.647611072520675
052_8,s-1.101991411975779,s0.495783363559389,s79.645995947820040
052_9,s1.121495419682721,s0.308154724845658,s260.327089598983605
052_10,s0.952834877902680,s0.509035024912534,s80.315418823481977
052_11,s1.951155397849567,s-1.990066333036154,s77.161757270848341
052_12,s-1.961466993388763,s-1.527355203230303,s259.349970977791315
052_13,s-0.932203295858845,s-0.289395179060306,s259.647595097851308
052_14,s-1.961659449060618,s0.309431000220617,s259.645685473873357
052_15,s1.952601602022440,s-0.111410144392310,s79.651944352626671
052_16,s0.072510089361634,s-2.134716688077858,s258.466334261079396
052_17,s-1.123688698772215,s-1.322620483490195,s79.349970977758744
052_18,s-1.961660089733338,s1.512752555614957,s259.646655722469518
052_19,s0.066624192920607,s-1.511515907462143,s258.499679519050858
052_20,s-1.961468224856801,s-2.133676062424090,s259.351890943882324
052_21,s-0.080974291527111,s-0.709815864993879,s79.334154836503785
052_22,s-0.072548139175096,s-0.103009905343677,s79.647595102353677
052_23,s-0.102662476866776,s-1.324038397619558,s79.331448559633486
052_24,s1.116266238895807,s-0.320785932363018,s259.651944352460475
052_25,s-1.961583544961300,s-0.899214428140646,s259.530081131841030
052_26,s-0.934636794253196,s-2.134715893084814,s258.466985172950785
052_27,s1.082595339334318,s-2.136398833332853,s257.161757260690877
052_28,s1.105169333474152,s-0.941298221786082,s258.510347229496119
052_29,s1.951882875409360,s-1.374570591307720,s78.499679519051710
052_30,s-1.104022234657358,s-1.947107066335102,s79.351890979893469
052_31,s-0.936483292494690,s-0.899039807669651,s259.334154836502989
052_32,s0.086946130076820,s-0.904437281106844,s258.524362745343069
052_33,s0.944635183007466,s-0.726706118785350,s78.524362745341236
052_34,s0.952035399580285,s-0.106785018050990,s79.651944351504753
052_35,s1.951889138584277,s-0.752947005551950,s78.510347229502244
052_36,s-1.101991781247161,s-0.105880365435656,s79.645685455195846
052_37,s-1.961659436473163,s-0.292227889884961,s259.645685361670644
052_38,s-0.072678242988496,s1.100525780361197,s79.647611119950781
052_39,s1.089642356312848,s-1.545171204408768,s258.499679519047106
052_40,s1.948439572782075,s1.175866802968290,s80.542418365344474
052_41,s-0.932201395759735,s0.312278916488190,s259.647607681914337
052_42,s0.095270091909918,s-0.297396037741258,s259.651943789998938
052_43,s-1.105092193480344,s-0.709441547870941,s79.530081131837917
052_44,s0.046420405667413,s1.511637263605795,s260.717379181420370
052_45,s0.955013179464434,s1.122270390480018,s80.717376589374240
052_46,s-0.956471453699010,s-1.515724222977516,s259.331448559636272
052_47,s-0.963240377727043,s1.509254086356542,s259.994455255984519
052_48,s0.981408350115780,s1.536398835083663,s293.629377571795544
052_49,s0.915909692801222,s-1.944665493201666,s78.466334261327731
052_50,s1.953062246441540,s0.528788504311508,s80.327089621039718
052_51,s1.128198438608395,s0.941973779167164,s260.717375293544478
053_0,s-0.431437434458452,s-1.280088627753530,s305.599813979520832
053_1,s0.429606060823071,s-0.494659820774826,s125.601376500731050
053_2,s-2.489888936225876,s-0.677766259129233,s305.574971987064941
053_3,s-0.602188721534632,s-2.298565421209717,s125.603049324236778
053_4,s-1.631708672699463,s-2.298206364650226,s125.603046819202291
053_5,s0.428083529169123,s-1.697166420111463,s125.603016602628443
053_6,s-0.600767996320813,s-1.096005226005271,s125.599815794631439
053_7,s-0.601537484304686,s-1.697336352140108,s125.603016506287972
053_8,s-1.460969314194357,s-1.280239415273770,s305.599815757919544
053_9,s-2.490959393162310,s-1.881104770373638,s305.603017128620081
053_10,s-0.432916179280615,s-3.684850540308520,s305.579352284094170
053_11,s0.428816513428617,s-1.095930991780313,s125.599813879602110
053_12,s-1.629500986289466,s-0.494060564333718,s125.574972091625142
053_13,s-2.657096571971814,s-1.082099353089031,s125.599816465941146
053_14,s-3.517357973034160,s-0.664904689964094,s305.574840268037349
053_15,s-2.660332607634979,s-3.496217662290517,s125.578644939322416
053_16,s0.427202491361842,s-3.500707585547568,s125.579355604513665
053_17,s-2.492528677825963,s-3.083748103622907,s305.603046570467200
053_18,s-1.632299866331451,s-2.899520488785677,s125.603046907349508
053_19,s-2.658875991333876,s-2.285654909265810,s125.603047007134720
053_20,s-2.490214848422202,s-1.279415989562478,s305.599815654598785
053_21,s-2.491896470174708,s-2.482493609149476,s305.603046859494498
053_22,s-0.599363975699852,s0.106296967036754,s125.593274612945393
053_23,s-1.463009451624587,s-3.083867513071200,s305.603049315167084
053_24,s-1.461783982245626,s-1.881537938279384,s305.603016720513722
053_25,s-1.631739391999795,s-3.500782136907077,s125.578431956221181
053_26,s-2.656866019575765,s-0.481351730186150,s125.574840095305717
053_27,s-2.657756306878973,s-1.683279436625982,s125.603017077626745
053_28,s-0.430657184282875,s-0.678832383864367,s305.599641331872817
053_29,s0.427450867042991,s-2.298354866495479,s125.604006355516972
053_30,s-3.517376343370972,s-3.078381937442821,s305.603046679340082
053_31,s-3.517376342014716,s-2.472395651640512,s305.603046995975546
053_32,s-1.630955755402104,s-1.696550069988330,s125.603017163234611
053_33,s-0.429965196744193,s-0.077620582268764,s305.607032636723659
053_34,s-1.459730544499311,s-0.077629265401973,s305.593273408871312
053_35,s0.426965357210053,s-2.899499422600888,s125.604006535052221
053_36,s0.430279888865737,s0.106624586891277,s125.607033146645449
053_37,s-1.630097104254764,s-1.095060276031979,s125.599815748004886
053_38,s-3.517360448201404,s-3.684851328811266,s305.578645055979621
053_39,s-1.460304413728728,s-0.678800481864595,s305.588449437673148
053_40,s-2.660064005669887,s-2.889913863707553,s125.603046590198559
053_41,s-1.462463231291594,s-3.684851564888374,s305.578433505487794
053_42,s-0.432183339280068,s-1.881338386239902,s305.603016554576300
053_43,s-3.517374237744692,s-1.266222525174540,s305.599816346040484
053_44,s-1.462453038471496,s-2.482741435898285,s305.603049252137112
053_45,s-0.432823125961532,s-2.482526715233845,s305.604006673821516
053_46,s-0.602713468336594,s-2.899737530971882,s125.603049484375987
053_47,s-3.517376323534629,s-1.868391912273745,s305.603017209954828
053_48,s-2.489647190245004,s-0.076554942980881,s305.554475342892374
053_49,s-2.491902011319890,s-3.684851566011669,s305.578431775027695
053_50,s-0.600014076282209,s-0.494813304669995,s125.588449449933080
053_51,s-0.433335541515313,s-3.083632151251309,s305.604006681747137
053_52,s-0.602215156887745,s-3.500890827993894,s125.579331382504492
054_0,s-0.431437434458452,s-1.280088627753530,s305.609267479029654
054_1,s0.429606060823071,s-0.494659820774826,s125.610830000239858
054_2,s-2.489888936225876,s-0.677766259129233,s305.584425486573764
054_3,s-0.602188721534632,s-2.298565421209717,s125.612502823745587
054_4,s-1.631708672699463,s-2.298206364650226,s125.612500318711099
054_5,s0.428083529169123,s-1.697166420111463,s125.612470102137252
054_6,s-0.600767996320813,s-1.096005226005271,s125.609269294140248
054_7,s-0.601537484304686,s-1.697336352140108,s125.612470005796780
054_8,s-1.460969314194357,s-1.280239415273770,s305.609269257428366
054_9,s-2.490959393162310,s-1.881104770373638,s305.612470628128904
054_10,s-0.432916179280615,s-3.684850540308520,s305.588805783602993
054_11,s0.428816513428617,s-1.095930991780313,s125.609267379110918
054_12,s-1.629500986289466,s-0.494060564333718,s125.584425591133950
054_13,s-2.657096571971814,s-1.082099353089031,s125.609269965449954
054_14,s-3.517357973034160,s-0.664904689964094,s305.584293767546171
054_15,s-2.660332607634979,s-3.496217662290517,s125.588098438831224
054_16,s0.427202491361842,s-3.500707585547568,s125.588809104022474
054_17,s-2.492528677825963,s-3.083748103622907,s305.612500069976022
054_18,s-1.632299866331451,s-2.899520488785677,s125.612500406858317
054_19,s-2.658875991333876,s-2.285654909265810,s125.612500506643528
054_20,s-2.490214848422202,s-1.279415989562478,s305.609269154107608
054_21,s-2.491896470174708,s-2.482493609149476,s305.612500359003320
054_22,s-0.599363975699852,s0.106296967036754,s125.602728112454201
054_23,s-1.463009451624587,s-3.083867513071200,s305.612502814675906
054_24,s-1.461783982245626,s-1.881537938279384,s305.612470220022544
054_25,s-1.631739391999795,s-3.500782136907077,s125.587885455729989
054_26,s-2.656866019575765,s-0.481351730186150,s125.584293594814525
054_27,s-2.657756306878973,s-1.683279436625982,s125.612470577135554
054_28,s-0.430657184282875,s-0.678832383864367,s305.609094831381640
054_29,s0.427450867042991,s-2.298354866495479,s125.613459855025781
054_30,s-3.517376343370972,s-3.078381937442821,s305.612500178848904
054_31,s-3.517376342014716,s-2.472395651640512,s305.612500495484369
054_32,s-1.630955755402104,s-1.696550069988330,s125.612470662743419
054_33,s-0.429965196744193,s-0.077620582268764,s305.616486136232481
054_34,s-1.629059482391097,s0.106664131419239,s125.561598223304372
054_35,s-1.459730544499311,s-0.077629265401973,s305.602726908380134
054_36,s0.426965357210053,s-2.899499422600888,s125.613460034561029
054_37,s0.430279888865737,s0.106624586891277,s125.616486646154257
054_38,s-1.630097104254764,s-1.095060276031979,s125.609269247513694
054_39,s-3.517360448201404,s-3.684851328811266,s305.588098555488443
054_40,s-1.460304413728728,s-0.678800481864595,s305.597902937181971
054_41,s-2.660064005669887,s-2.889913863707553,s125.612500089707368
054_42,s-1.462463231291594,s-3.684851564888374,s305.587887004996617
054_43,s-0.432183339280068,s-1.881338386239902,s305.612470054085122
054_44,s-3.517374237744692,s-1.266222525174540,s305.609269845549306
054_45,s-1.462453038471496,s-2.482741435898285,s305.612502751645934
054_46,s-0.432823125961532,s-2.482526715233845,s305.613460173330338
054_47,s-0.602713468336594,s-2.899737530971882,s125.612502983884795
054_48,s-3.517376323534629,s-1.868391912273745,s305.612470709463651
054_49,s-2.489647190245004,s-0.076554942980881,s305.563928842401197
054_50,s-2.491902011319890,s-3.684851566011669,s305.587885274536518
054_51,s-0.600014076282209,s-0.494813304669995,s125.597902949441888
054_52,s-0.433335541515313,s-3.083632151251309,s305.613460181255959
054_53,s-0.602215156887745,s-3.500890827993894,s125.588784882013300
055_0,s-1.627289361168112,s-1.708514551355916,s125.934018291757994
055_1,s-2.661621754820547,s0.692084979865708,s125.931501378572563
055_2,s-1.461018648825308,s-0.091898033273915,s305.934308856803455
055_3,s-1.625042201306254,s-2.908733418832147,s125.934659380683641
055_4,s-3.521398249039383,s-0.091721790571015,s305.920835181156065
055_5,s0.433998261036981,s-2.308649563867583,s125.936385478989848
055_6,s-0.599318358245925,s-0.508224963558145,s125.934185771711142
055_7,s-2.658455256436172,s-1.108294384446709,s125.922833469430302
055_8,s-0.432006481932639,s0.508249213528829,s305.935800508235388
055_9,s-2.659490404432350,s-0.508164732731297,s125.929365695441646
055_10,s-1.462092081213707,s0.508241370573206,s305.935161881445424
055_11,s0.432886365467770,s-1.708522969307679,s125.935795427785706
055_12,s-1.459960326500072,s-0.692043973181641,s305.933889258014119
055_13,s-2.490056067442249,s-0.692019301384086,s305.932266900738057
055_14,s-2.655313449562112,s-2.908605613076396,s125.924879171509929
055_15,s-1.630455054551204,s0.091927003051173,s125.934095534939104
055_16,s-2.656331602083038,s-2.308487371173529,s125.924082687728514
055_17,s-1.457853626804606,s-1.892340418603828,s305.934074841383847
055_18,s-0.597205318618829,s-1.708523652863683,s125.934658769366777
055_19,s-0.427767898636973,s-1.892347054943200,s305.934607986440483
055_20,s-3.517482187879398,s-2.492106697720678,s305.916669288641401
055_21,s-2.487966014375513,s-1.892301040455570,s305.931129274011255
055_22,s-3.520400595778587,s-0.691830267732492,s305.919711429218751
055_23,s-0.601447935788272,s0.692070807763365,s125.935482757104424
055_24,s-3.512382634472532,s0.518390184280858,s305.923559590489788
055_25,s-1.628343433708418,s-1.108366428221210,s125.933614734450913
055_26,s-1.626197086991735,s-2.308642110037370,s125.935904542057912
055_27,s-1.629395366065906,s-0.508218040165389,s125.933773741697209
055_28,s-2.492184466672577,s0.508250422761988,s305.934044391826660
055_29,s-2.486889916613081,s-2.492428421082464,s305.933436116191103
055_30,s-0.596099974209386,s-2.308651649132834,s125.936295128195297
055_31,s0.431816764367681,s-1.108372441336810,s125.935339638624257
055_32,s-0.426656752605683,s-2.492470307639263,s305.936384980941511
055_33,s-2.485732204248810,s-3.092532003216951,s305.935141943380131
055_34,s-1.455598197857253,s-3.092564703942817,s305.936154949306570
055_35,s-0.594941994864942,s-2.908745520194143,s125.936299716261999
055_36,s-1.456755347837985,s-2.492471017820266,s305.936293054033172
055_37,s-0.429881878531878,s-0.692049690705062,s305.934344512378459
055_38,s-0.430937504493113,s-0.091898253577453,s305.934952926845597
055_39,s0.430761665349976,s-0.508214038161317,s125.935458401404844
055_40,s-3.519332022629738,s-1.291792704202691,s305.904190666228203
055_41,s-2.660543706667092,s0.091962682759746,s125.930400268133212
055_42,s-1.631531352631888,s0.692064633232733,s125.934743110219742
055_43,s-1.458909143798082,s-1.292192821482460,s305.933661751946545
055_44,s-0.600376027685226,s0.091925191167885,s125.934652992505960
055_45,s-3.516693906693565,s-3.092697710343919,s305.950592683634000
055_46,s-0.598266770392873,s-1.108376447230933,s125.933976332513481
055_47,s-0.428831576772060,s-1.292201678786224,s305.933976425697267
055_48,s-0.425498394494916,s-3.092564129821222,s305.936309436461386
055_49,s0.429705542422750,s0.091945466057414,s125.935748890580115
055_50,s-2.489009083696660,s-1.292162478239918,s305.931976513442578
055_51,s-3.518460628074521,s-1.891960296217117,s305.913986303282627
055_52,s-2.657433872284984,s-1.708420897001712,s125.927094064452021
055_53,s-2.491108720221439,s-0.091879097819088,s305.933100489298397
055_54,s0.428633610507533,s0.692098567656917,s125.936488266541787
056_0,s-1.627289361168112,s-1.708514551355916,s125.860510218946132
056_1,s-2.661621754820547,s0.692084979865708,s125.857993305760701
056_2,s-1.461018648825308,s-0.091898033273915,s305.860800783991579
056_3,s-1.625042201306254,s-2.908733418832147,s125.861151307871779
056_4,s-3.521398249039383,s-0.091721790571015,s305.847327108344189
056_5,s0.433998261036981,s-2.308649563867583,s125.862877406177986
056_6,s-0.599318358245925,s-0.508224963558145,s125.860677698899281
056_7,s-2.658455256436172,s-1.108294384446709,s125.849325396618440
056_8,s-0.432006481932639,s0.508249213528829,s305.862292435423512
056_9,s-2.659490404432350,s-0.508164732731297,s125.855857622629784
056_10,s-1.462092081213707,s0.508241370573206,s305.861653808633548
056_11,s0.432886365467770,s-1.708522969307679,s125.862287354973844
056_12,s-1.459960326500072,s-0.692043973181641,s305.860381185202243
056_13,s-2.490056067442249,s-0.692019301384086,s305.858758827926181
056_14,s-2.655313449562112,s-2.908605613076396,s125.851371098698067
056_15,s-1.630455054551204,s0.091927003051173,s125.860587462127242
056_16,s-2.656331602083038,s-2.308487371173529,s125.850574614916653
056_17,s-1.457853626804606,s-1.892340418603828,s305.860566768571971
056_18,s-0.597205318618829,s-1.708523652863683,s125.861150696554915
056_19,s-0.427767898636973,s-1.892347054943200,s305.861099913628607
056_20,s-3.517482187879398,s-2.492106697720678,s305.843161215829525
056_21,s-2.487966014375513,s-1.892301040455570,s305.857621201199379
056_22,s-3.520400595778587,s-0.691830267732492,s305.846203356406875
056_23,s-0.601447935788272,s0.692070807763365,s125.861974684292562
056_24,s-3.522382634472532,s0.508390184280858,s305.850051517677912
056_25,s-1.628343433708418,s-1.108366428221210,s125.860106661639051
056_26,s-1.626197086991735,s-2.308642110037370,s125.862396469246050
056_27,s-1.629395366065906,s-0.508218040165389,s125.860265668885347
056_28,s-2.492184466672577,s0.508250422761988,s305.860536319014784
056_29,s-2.486889916613081,s-2.492428421082464,s305.859928043379227
056_30,s-0.596099974209386,s-2.308651649132834,s125.862787055383436
056_31,s0.431816764367681,s-1.108372441336810,s125.861831565812395
056_32,s-0.426656752605683,s-2.492470307639263,s305.862876908129635
056_33,s-2.485732204248810,s-3.092532003216951,s305.861633870568255
056_34,s-1.455598197857253,s-3.092564703942817,s305.862646876494694
056_35,s-0.594941994864942,s-2.908745520194143,s125.862791643450137
056_36,s-1.456755347837985,s-2.492471017820266,s305.862784981221296
056_37,s-0.429881878531878,s-0.692049690705062,s305.860836439566583
056_38,s-0.430937504493113,s-0.091898253577453,s305.861444854033721
056_39,s0.430761665349976,s-0.508214038161317,s125.861950328592982
056_40,s-3.519332022629738,s-1.291792704202691,s305.830682593416327
056_41,s-2.660543706667092,s0.091962682759746,s125.856892195321350
056_42,s-1.631531352631888,s0.692064633232733,s125.861235037407880
056_43,s-1.458909143798082,s-1.292192821482460,s305.860153679134669
056_44,s0.435157053389660,s-2.908743483905849,s125.862877346089050
056_45,s-0.600376027685226,s0.091925191167885,s125.861144919694098
056_46,s-3.516693906693565,s-3.092697710343919,s305.877084610822124
056_47,s-0.598266770392873,s-1.108376447230933,s125.860468259701619
056_48,s-0.428831576772060,s-1.292201678786224,s305.860468352885391
056_49,s-0.425498394494916,s-3.092564129821222,s305.862801363649510
056_50,s0.429705542422750,s0.091945466057414,s125.862240817768253
056_51,s-2.489009083696660,s-1.292162478239918,s305.858468440630702
056_52,s-3.518460628074521,s-1.891960296217117,s305.840478230470751
056_53,s-2.657433872284984,s-1.708420897001712,s125.853585991640159
056_54,s-2.491108720221439,s-0.091879097819088,s305.859592416486521
056_55,s0.428633610507533,s0.692098567656917,s125.862980193729925
057_0,s-0.887922515102400,s-0.575939387092978,s248.071849216475442
057_1,s-0.913256171354048,s-2.221861868607196,s247.015078356754998
057_2,s1.580759504801327,s-0.306188176217322,s-1927.774368613881279
057_3,s1.556756554669520,s1.184711883681448,s238.237705619057181
057_4,s-2.045444632518937,s-0.579873903430421,s248.608913233682642
057_5,s0.248252372105928,s-1.674643400930397,s247.060348681725003
057_6,s-2.046164320908215,s-0.039610089615577,s247.990436790930374
057_7,s0.027582419908545,s-0.647410933929126,s67.824557130622182
057_8,s0.014630311448306,s-1.190718496791791,s67.568363112976186
057_9,s-0.892945541942374,s1.577859819718338,s248.262208491194826
057_10,s1.506039680933304,s-1.407613969879856,s-2633.745891432389726
057_11,s0.297204079948850,s-0.575320065881505,s248.074345662746765
057_12,s-2.045543232311805,s0.498147417008605,s248.264982739662429
057_13,s1.147239702237001,s-2.286226199942779,s68.274335119684665
057_14,s1.020326372364965,s1.581430986487601,s-68.113854816713314
057_15,s0.232207927161732,s-2.225281134454494,s247.015361251151262
057_16,s-2.046126507856035,s-2.285787394505344,s248.469226624793691
057_17,s-0.010487662464823,s-2.285275279060994,s67.015078489292634
057_18,s-0.903207305568085,s-1.666941752987702,s247.399353020734310
057_19,s0.272191840049260,s1.040719230567166,s248.989191423525853
057_20,s1.915835915116113,s0.188981638840873,s4880.362595708472327
057_21,s1.221545429163947,s-0.620140556796590,s69.635255398214753
057_22,s1.469349941589825,s0.574708134132381,s-820.799318001447432
057_23,s1.912594629336816,s1.686226199942779,s198.063906844316790
057_24,s0.284346682607623,s0.499500828908849,s250.025624982821824
057_25,s0.296089371121327,s-0.037863458498201,s249.302324354471921
057_26,s1.187903058503098,s0.994828850198107,s1869.475801856548969
057_27,s-1.134520178221110,s1.512695607414649,s68.195568117805720
057_28,s1.162953042253282,s-1.190006151699306,s67.568363136872520
057_29,s1.211772032120342,s-0.083970966647708,s68.822950450913908
057_30,s-0.888852021109266,s-0.038629551263140,s248.508414522450721
057_31,s-1.159616359466266,s-2.285787394505333,s68.469226896338128
057_32,s0.027608376218148,s-0.106062077974001,s68.530584740166404
057_33,s-1.130804156116189,s-0.641575940553178,s68.528179849985250
057_34,s1.503122535682973,s-0.881773411204486,s-829.359852519196693
057_35,s1.159083526158838,s-1.751723101798937,s66.305767214875544
057_36,s-1.133891211105564,s0.973583854634308,s68.262167843432351
057_37,s-1.133133246547423,s0.434734135312415,s68.264982837009313
057_38,s0.022363794410289,s0.971833400556660,s68.348861836608407
057_39,s-0.892414433171661,s1.039004677857613,s248.320047824191136
057_40,s-2.046146301955596,s1.575565864119478,s248.195567304846833
057_41,s0.004711019105740,s-1.735811213680389,s67.399353128747876
057_42,s-2.046222203909928,s-1.679059476744341,s247.471196010410637
057_43,s-1.136806402921876,s-1.184532501698075,s67.590103448437475
057_44,s-2.046207404311010,s-1.115661431852661,s247.590103584326158
057_45,s1.201775373769281,s0.457571537342845,s69.866195716541469
057_46,s0.256734530843939,s-1.128384339559033,s247.568363137439093
057_47,s-0.894725842283874,s-1.122106477131071,s247.590106011894704
057_48,s-1.145677372190595,s-1.728756872028054,s67.471196016638444
057_49,s-1.132609459747577,s-0.103847298924768,s68.243900875940994
057_50,s0.024603510806353,s0.432809930955522,s68.449332687626153
057_51,s-0.891176034853283,s0.500215549813439,s248.387179825595922
057_52,s0.264641292115618,s1.578972570054518,s249.225930928506813
057_53,s1.411335996912307,s-2.232604540397897,s241.741517531528672
057_54,s0.020932182649632,s1.511049034007976,s68.264933696660790
057_55,s2.046222203909928,s-2.104630407870189,s61.724691531579168
057_56,s-2.046141033070777,s1.036676698482396,s248.262167465049771
058_0,s0.121536587206006,s-2.384774359021788,s328.063674254308523
058_1,s-0.130801836069904,s-1.327814154400737,s355.991154477790019
058_2,s-0.705310573574584,s-2.273519823101516,s246.370623010070119
058_3,s-1.525227449265759,s-0.972113854538452,s267.526819868642292
058_4,s1.981353236165043,s-2.023395220987894,s336.370622286301568
058_5,s-0.363834852265755,s-0.453003553764690,s175.991154508461591
058_6,s-1.399516522694712,s0.835622695298860,s333.318879032886116
058_7,s-1.968884008908597,s1.778725640737897,s156.370622430173398
058_8,s1.981353235296937,s-0.667528751046263,s336.370622285344155
058_9,s0.977179312574548,s0.555025183389839,s123.527443636098326
058_10,s0.209603433874378,s1.164674135590588,s5.275444992858674
058_11,s0.637693400415013,s-2.273519694957790,s246.370615300320253
058_12,s-1.981353236165043,s-0.119725230233505,s208.293519003063295
058_13,s0.192070938420333,s-0.801951662159790,s309.046491520418726
058_14,s-0.310007715998318,s0.010473836880792,s118.135844975370659
058_15,s-0.971213952432517,s-0.572639491051201,s220.976346145755258
058_16,s0.027295713138999,s-0.184121186877710,s261.929416057681522
058_17,s0.741992664417032,s1.499031309006630,s51.469842579547738
058_18,s-1.307258401710415,s0.403854857694696,s75.175575766061527
058_19,s0.376399491961307,s0.946651164416124,s176.927594873474362
058_20,s1.023500242002890,s-1.540961596393553,s135.479158341597326
058_21,s1.174790658725122,s0.085266077948296,s261.666456252836156
058_22,s1.408179822770937,s-0.903943293028102,s260.886208195234246
058_23,s1.981353231290365,s1.784079608477321,s203.629378015511520
058_24,s-1.938492263469373,s0.133672110113833,s26.027884407663464
058_25,s0.952638125842435,s-0.049033248513961,s81.929416140872291
058_26,s-0.864513241862824,s-2.045824579637989,s75.956427255749432
058_27,s1.555109518270243,s-2.273519824854126,s246.370622279854814
058_28,s-1.492240265414141,s-1.575597293171465,s309.073451031091452
058_29,s-1.640362509575421,s-2.254636087131598,s255.956286539725511
058_30,s1.674471415072158,s-1.497604580535079,s308.332830383586952
058_31,s1.366546712154181,s1.079498780261606,s341.607647171807173
058_32,s0.240501703588744,s-1.525843692442945,s148.063674449046118
058_33,s1.039143315205638,s1.630782154512282,s297.273461848806392
058_34,s1.148061179558942,s-0.451878395196743,s121.186485718606932
058_35,s-1.954020666899730,s0.840997945007433,s343.460561031747943
058_36,s-0.156177791381780,s1.684000434159741,s116.446742413050330
058_37,s1.978978744971696,s0.204012397933494,s336.184866704926890
058_38,s-0.839624327909247,s1.148466416312795,s214.973993346124075
058_39,s-1.051186393946247,s0.579512643195420,s257.268047272235492
058_40,s-1.968883999489541,s-2.200151137472695,s23.629374103100989
058_41,s-1.308326614963853,s-0.513812427439915,s28.293518938009690
058_42,s-1.963332594399489,s-1.258638534238888,s201.248315841400057
058_43,s0.532290464980384,s-1.059299738156681,s186.892668637196607
058_44,s0.943941041456894,s-0.974171014323061,s227.979381559958483
058_45,s-0.016328720604663,s0.167342266655667,s356.957843234556435
058_46,s-0.649811217055342,s-1.335861609621168,s129.073451027491956
058_47,s1.129584583320399,s-2.088396107582172,s301.221821885234476
058_48,s-1.145512532820046,s-0.015279413688947,s298.135845074879910
058_49,s-0.225187531320132,s1.134488431225241,s178.646150840943875
058_50,s-0.354935074347555,s-1.597109347414840,s188.025285440128528
058_51,s0.788274712233304,s1.220334026863146,s221.718372137311832
058_52,s-1.910348187069471,s-0.990046024000800,s28.293518992212139
058_53,s-1.029219624513401,s1.639812908769384,s296.548133041097344
058_54,s1.960955676054553,s0.930394078620972,s23.629378139441002
058_55,s-1.446939628194876,s1.784774359021787,s164.995743238784058
058_56,s1.339061980688842,s0.530621933017865,s281.248642950594899
058_57,s1.417957950694730,s-0.478462179138008,s305.311195127263829
059_0,s-0.508431688228387,s-0.599172595396570,s126.156934091502336
059_1,s2.094264650356925,s0.868392578921331,s126.950029810012850
059_2,s0.517435211628303,s-1.590463198126093,s307.787276860582665
059_3,s1.242508828365694,s-1.353708949684296,s127.787276860586090
059_4,s2.094264649971954,s-1.434829765777683,s126.950029374382268
059_5,s0.530084550639144,s-2.278375713766028,s306.795779068055481
059_6,s1.461722936013706,s-2.276798435359675,s307.756121659019357
059_7,s-0.375467360887125,s-2.279164070513733,s306.336151350342277
059_8,s-1.332853587047088,s1.679164083500723,s119.243590033097263
059_9,s-2.094218793243190,s-0.704838394981228,s306.156646203260721
059_10,s0.538468425767205,s1.435523472185313,s306.950029874696042
059_11,s0.369930846002761,s-0.610208592169072,s126.893179491020035
059_12,s-1.339193569013991,s0.973257531599115,s125.682121350947639
059_13,s1.367861198026766,s-0.908320985106675,s306.950029810038643
059_14,s-0.500768694255933,s0.140839868283879,s125.986901793841795
059_15,s-0.365560332047734,s-0.830182295576855,s306.893179491021442
059_16,s-0.343035325999187,s0.671136005814995,s306.888018928283884
059_17,s0.373100229628101,s-1.350321668223455,s126.893179491022480
059_18,s1.307761985833392,s-2.079831367460024,s127.756121657653225
059_19,s-0.372734504060267,s-1.562330538242577,s306.795779067912122
059_20,s-1.404128646988749,s-2.027704207835673,s126.336151376371689
059_21,s1.462006869070506,s1.429256316831115,s306.950029810010903
059_22,s-1.219961727363950,s0.681951401748399,s305.682541306370183
059_23,s-0.516063178877821,s-1.335299453700005,s126.336151376494854
059_24,s1.264927558000598,s1.663248107720805,s126.950029874695943
059_25,s1.464807181392408,s-1.685560886987997,s299.743049326751418
059_26,s-2.094264652531966,s-2.279164070468242,s306.336151376386397
059_27,s1.376325757925329,s-0.149336340522583,s306.950029810044782
059_28,s0.380505993337743,s-2.075179555955559,s126.795779067909109
059_29,s-1.189189623635763,s1.448713064787081,s305.235339587559224
059_30,s-2.094124147471611,s0.049051447177085,s305.756734433029123
059_31,s-1.365309578338779,s-0.486675473898296,s126.156646203260365
059_32,s0.376227742232640,s0.140177224886481,s126.893177186223383
059_33,s-0.470027626833625,s1.666271991920559,s125.235339587532621
059_34,s2.094264650357075,s0.085175997268384,s126.950029810058169
059_35,s-1.250802109604128,s-0.808637809329866,s306.336151376495707
059_36,s0.518431076229159,s-0.832150760689581,s307.787276860586474
059_37,s1.248645525241156,s-0.596957849182043,s126.960462858066137
059_38,s0.531533206334610,s0.683288202546948,s306.950029874690642
059_39,s-1.352573552510382,s0.252863980354534,s125.756734433021549
059_40,s0.384545893622963,s0.897374804797503,s126.888018928282989
059_41,s1.255251844847246,s0.155286486706377,s126.950029874691950
059_42,s0.395399711979966,s1.663355880584046,s126.885847388893950
059_43,s-1.239987487932231,s-0.069387447914768,s306.156628131167281
059_44,s1.389254174549746,s0.623580736342960,s306.950029810012666
059_45,s-0.488907294196056,s0.893837158583556,s125.660978626548740
059_46,s-0.521151775728188,s-2.067165216555818,s126.336151376476010
059_47,s-1.380304901084773,s-1.244802580445680,s126.336151376257291
059_48,s2.094264650356931,s-0.680551992439437,s126.950029810043333
059_49,s-0.355552466911676,s-0.082758846846711,s306.893177186223568
059_50,s-2.094264652531918,s-1.476862245837441,s306.336151376256623
059_51,s-2.094046534220978,s1.562150051239663,s299.243590033099281
059_52,s-1.259746517709958,s-2.279164070468286,s306.336151376483201
059_53,s-2.094107638695954,s0.781328416387045,s305.682121350947511
059_54,s-0.326717709975635,s1.432775028340082,s306.885847388895797
059_55,s2.093873891006245,s1.679164081877669,s119.243587871887840
059_56,s1.262297454054413,s0.907583140637631,s126.950029874690784
059_57,s0.524590001387555,s-0.069221856860392,s306.960462858066421
059_58,s-1.260159841822395,s-1.542817973062995,s306.336151376491955
060_0,s-1.341593069459413,s1.035388558555498,s72.431032989767672
060_1,s0.425976645726219,s-2.281145582757986,s2052.308935979920079
060_2,s-0.588589673684778,s-2.060028773388530,s72.482833333449904
060_3,s-1.304848771866211,s-2.281159863057884,s252.482833333330603
060_4,s2.101620223470298,s-1.452132832487963,s72.342008233023662
060_5,s-0.528939651505261,s-0.542622118952488,s72.474353360423919
060_6,s-0.503640499909099,s0.195406527052067,s72.474313502314686
060_7,s-0.458391510337658,s0.913674216921862,s72.474313502317329
060_8,s0.558391856474393,s0.700871407565054,s252.474349502662506
060_9,s0.448465181259477,s1.681166246568434,s72.474349128706834
060_10,s1.153492857094677,s-2.069080879699324,s72.474355433629015
060_11,s-0.365891586598233,s-0.032549338069684,s252.474313502309542
060_12,s-0.448653067419415,s-2.281174195041836,s252.475040182416393
060_13,s-1.249434574869764,s-0.000735288934358,s252.474345811336576
060_14,s-2.104102429500446,s-2.216816698038647,s240.155968610767530
060_15,s1.290604100432654,s0.908505172700408,s72.477209214259744
060_16,s-0.558709389304342,s-1.301089840687962,s72.477357425120218
060_17,s0.504153743016487,s-0.795309871618612,s252.474293237334706
060_18,s-0.282036973354196,s1.472126727793886,s252.474349129264255
060_19,s-2.101592258316621,s0.851685117104188,s252.431032989771637
060_20,s1.357333356458168,s-0.921220486776010,s252.449201063811643
060_21,s-1.261459546040849,s-0.749993378610547,s252.476972124464254
060_22,s0.312699681007194,s-1.310801206808195,s72.474355433689354
060_23,s-2.101601251481442,s-1.419287032312077,s252.476972124565407
060_24,s-1.298705956844628,s1.694264959494404,s66.370622637593740
060_25,s1.444279155350310,s1.394955012453106,s252.463901259991076
060_26,s-1.381091587347654,s-0.417656222326664,s72.476172787716266
060_27,s0.281982455061738,s-2.072240476710828,s72.475040182907222
060_28,s0.366047499993902,s-0.568485454370199,s72.474313502309926
060_29,s2.104102425627204,s1.617717362427341,s60.231069345411015
060_30,s-2.101609256559985,s1.620820989676771,s246.370622744600439
060_31,s1.304294773884911,s1.681160985811631,s72.477209214350594
060_32,s-1.152912013005842,s1.469067898859012,s252.474313502317585
060_33,s-0.417993170169522,s-1.519688677766460,s252.475040182276018
060_34,s-1.290941804106595,s-1.508769321255330,s252.482833333644805
060_35,s1.381074794028360,s-0.181985155621373,s252.463884506719552
060_36,s-1.399270854964506,s-1.186463252245630,s72.476972124522035
060_37,s1.261802401596074,s0.150100160316806,s72.474293237931178
060_38,s-0.425847436541277,s1.681084425976528,s2232.471281488140903
060_39,s2.101643677955776,s0.035334334232910,s72.463884506746908
060_40,s2.101653506298370,s-2.220212149596021,s66.374391273856531
060_41,s-0.312845101560660,s0.710410243497811,s252.474313502310451
060_42,s-2.101595890976831,s0.124506534259072,s252.449673897713296
060_43,s1.299287397489125,s-2.294264960249866,s246.374388101178312
060_44,s-1.444105618363653,s-1.993916906620414,s72.476972125036042
060_45,s-1.226287562045079,s0.736174471732822,s252.474313502315312
060_46,s0.458246238540984,s-1.514065073715565,s252.474355433648810
060_47,s1.226036464201878,s-1.336475427384802,s72.474293237337861
060_48,s0.528840803053482,s-0.056864428204486,s252.474293237801135
060_49,s1.249408490175413,s-0.598713797650182,s72.474293237333740
060_50,s2.101640801063541,s-0.724078485459772,s72.449201063879258
060_51,s-2.101601093827737,s-0.635141003225684,s252.476172787711249
060_52,s-0.387299689646892,s-0.758256823887931,s252.474355433688402
060_53,s0.386868275518440,s0.157716842653521,s72.474313502309613
060_54,s1.399844402004628,s0.587018678119700,s252.463901259156273
060_55,s-1.357373696836355,s0.321725270784105,s72.449673897702056
060_56,s1.341694416267444,s-1.634958466668756,s252.342008233020636
060_57,s0.588320964543557,s1.459841303079028,s252.477209214190339
060_58,s2.101643681241868,s0.820175158853787,s72.463901259610807
060_59,s0.417676379793985,s0.919433570878720,s72.474349128818147
061_0,s-0.354869349256839,s-2.423756422584312,s336.916723458062449
061_1,s-0.870295914230166,s-0.355908501558447,s158.116735582286481
061_2,s-0.882771827889739,s0.805737468206201,s159.100154360060003
061_3,s2.017246237494996,s1.825052138911701,s154.374966950216901
061_4,s1.443053509991935,s-1.497998659524138,s161.043412200834865
061_5,s-1.478773474827409,s-1.269345181372302,s338.131113004343433
061_6,s0.747101696357496,s-1.374692534295695,s332.738829914483631
061_7,s0.789732269118377,s-0.230694364901106,s337.657985020214312
061_8,s1.341445687990534,s1.825050760094917,s154.379154641130640
061_9,s-0.875580092824557,s-1.511527997144371,s158.131982414859806
061_10,s0.169289468162089,s-1.343926154344857,s335.280906344584082
061_11,s-1.994210201675864,s1.823298139876238,s-3074.916013330717760
061_12,s0.163347871256666,s0.940227396552425,s337.495765976514747
061_13,s-1.805069974517260,s1.001537428041167,s346.593588571809448
061_14,s-0.321413444681587,s-0.379848755918945,s156.311938162907381
061_15,s-0.940279534847117,s-2.423603295277688,s338.147844213034148
061_16,s0.803668708316577,s0.656305041786216,s157.657985045943207
061_17,s1.385666106605553,s1.018939361018748,s334.379154641133880
061_18,s1.968536963648140,s0.945933574606261,s334.374966950215651
061_19,s0.234760996549016,s0.688983216779831,s156.341315976802662
061_20,s-1.477332641160894,s-0.113329574202847,s338.339837996461313
061_21,s-2.004681463956875,s0.840945706036691,s164.592549557265045
061_22,s1.373551483665832,s-1.235211729504202,s334.494369969991169
061_23,s-0.376922618619875,s-0.133106212824353,s335.650051447968849
061_24,s0.730545358233721,s0.907497621054359,s341.465720651558797
061_25,s-1.950367942449268,s-0.355862119278155,s158.131846843238918
061_26,s-0.320122649094219,s0.757304911472944,s155.650051053390740
061_27,s0.182155575476840,s-0.204608328779941,s336.341315976802605
061_28,s-1.263773449810556,s1.824220091358028,s159.123782571299472
061_29,s0.747585756621438,s1.824349723067343,s161.465720651564709
061_30,s-1.084409946721602,s1.096846153852531,s339.123782571298591
061_31,s-2.016968003983814,s-2.423556161518190,s338.272726846209878
061_32,s1.964916610490991,s-1.304459406894370,s334.421749823714947
061_33,s1.995292952348834,s-2.424178917081141,s335.041457835525762
061_34,s2.017287567081888,s0.700732884018165,s154.374966950205277
061_35,s-1.419799016513136,s0.799663873955361,s158.575053871370017
061_36,s-0.413693509476464,s1.021825340063386,s337.577770268896131
061_37,s0.172929158022765,s1.824340222113151,s157.495765976514690
061_38,s0.812649119461588,s-2.425052142879639,s332.641906152985143
061_39,s1.434434633390929,s0.773742233241676,s154.379154649876995
061_40,s-0.940279679650249,s-1.270016040706653,s338.123030411969069
061_41,s-1.952588100255448,s-1.510225476899968,s158.123211030730687
061_42,s2.004301784291808,s-0.428335782595793,s154.421749823713611
061_43,s-1.414093076992708,s-1.510896809349153,s158.130847469074439
061_44,s1.434771871789756,s-0.350915929361805,s154.494369969987957
061_45,s1.955430417903660,s-0.183009322264671,s334.374966950205703
061_46,s-1.478708022244870,s-2.423281443717334,s338.179739361401289
061_47,s-0.936507144774307,s-0.109122781822096,s339.100154360055399
061_48,s2.015469430712671,s-1.551273370167868,s155.041457835526131
061_49,s1.385705890439464,s-0.105409338215912,s334.379154649873442
061_50,s0.237561344261296,s-0.451779679042982,s155.280906344584452
061_51,s-0.399197349272392,s-1.286125202273341,s336.602169542213232
061_52,s0.843853163467075,s-0.489978074919934,s152.738829914483489
061_53,s1.408273015371973,s-2.423623683773068,s340.962470115760311
061_54,s-2.016293787357539,s-0.113279861390677,s338.572847763322102
061_55,s0.788656614381759,s-1.621523287328443,s152.641906152975054
061_56,s0.233437074907171,s-1.598959653154644,s159.370905106150389
061_57,s-0.326649416725194,s-1.535881193806244,s156.916723458259611
061_58,s-1.411552932100144,s-0.356361155715589,s158.131945137614565
061_59,s-2.017287571520124,s-1.268714525875099,s338.131844342653153
061_60,s-0.502707248076526,s1.824330047785395,s157.577770268894199
062_0,s1.091520081302151,s1.115405809109044,s65.311511211718766
062_1,s1.088070776825229,s0.575111773630692,s65.140825204712897
062_2,s-0.154068908133652,s-0.534860498656453,s64.852820746382932
062_3,s2.122850656072900,s1.694030973563652,s75.072901912203065
062_4,s-2.128934429804765,s-1.710102277118029,s244.658755707391038
062_5,s-1.308944572484241,s-0.536784574609182,s65.171833716290209
062_6,s2.126614595487873,s0.979336692465330,s67.264147471764460
062_7,s-2.128553087464807,s-2.314216230400243,s245.716802418313932
062_8,s-0.974735456688839,s1.717334139453236,s245.193813005661752
062_9,s1.217802543014689,s-1.560879416407819,s244.718305014523111
062_10,s1.067268463186878,s-2.315398029044816,s65.312696508621670
062_11,s-0.993078455172218,s0.098583055246007,s244.189990316049688
062_12,s-1.224839953048536,s-1.766149953662502,s64.658755707411146
062_13,s1.310840921439937,s-2.251107738894459,s244.700598909924452
062_14,s-0.073879315277724,s-1.771218120078957,s64.660602329470663
062_15,s-0.088134613056937,s-2.317341772627771,s64.469516362733671
062_16,s-1.218206658818435,s-1.223888979291150,s64.846840066037757
062_17,s-1.216218191050770,s1.652634147118819,s65.193813005350634
062_18,s1.227943833691393,s-1.017250442849006,s244.856287475239583
062_19,s-0.976301503279865,s0.639810328088931,s245.140982284160714
062_20,s-0.982763478493857,s-1.703707756473173,s244.658785961254239
062_21,s0.075871797556474,s-1.013476580678077,s244.855658955537734
062_22,s0.154164282409758,s-2.255680782949725,s244.476412529742703
062_23,s-1.241099573648565,s-2.314491299374398,s65.716802418465988
062_24,s2.126614595491922,s-0.430416757414211,s67.264147465117304
062_25,s-2.126861324711999,s-0.617212716171167,s245.171833716436140
062_26,s-0.976315824822820,s-1.160630143777382,s244.855024422140616
062_27,s0.975788907154251,s-1.623575534258294,s64.719198279356903
062_28,s-2.128478987047559,s1.717245763875784,s245.232682248505029
062_29,s-2.128878085050412,s1.178796311061953,s245.208411525683118
062_30,s1.064701872932718,s0.026893840937786,s64.189990316021635
062_31,s0.996690076424693,s-0.535438712051676,s64.856084357635226
062_32,s-1.240488833262796,s0.027225935062340,s64.354989079716745
062_33,s-0.165990888796632,s-1.076749305232279,s64.855024422159985
062_34,s1.301652787397170,s1.504352270468035,s255.073001346963025
062_35,s-0.062433793864390,s1.652120143083533,s65.141413993116203
062_36,s1.393510106211216,s0.794781781841790,s247.264147469464973
062_37,s2.126614595487124,s0.241043615996751,s67.264147468501264
062_38,s-0.995688882718153,s-2.249455191336096,s244.469516362721805
062_39,s-0.086310925227286,s0.027363558947111,s64.189990316048139
062_40,s-1.216853344956157,s1.114067856299706,s65.202911219225868
062_41,s-2.128973989690659,s0.050743831362195,s244.354989079739198
062_42,s0.986081798141184,s-1.080525989093303,s64.855658955531396
062_43,s0.176813120709624,s0.639332403517874,s245.140825204625656
062_44,s-0.063298469746091,s1.113764212545831,s65.199404032689429
062_45,s0.087812080593705,s-0.471567316761218,s244.856084357700610
062_46,s0.179414976025606,s1.178364889589380,s245.298748164812821
062_47,s-2.128912943340920,s-1.155493223427681,s244.846840066020889
062_48,s0.168343955182933,s-1.708608025877723,s244.719198279260354
062_49,s0.179535323604516,s1.717066980693770,s245.311516428424369
062_50,s2.126684868801723,s-1.056993118180218,s64.856287475268545
062_51,s2.126700322123313,s-1.627357916542393,s59.718305014486198
062_52,s2.124078312910422,s-2.172099046440968,s64.700598909924494
062_53,s-0.975368105650285,s1.178801064563841,s245.199404032752540
062_54,s1.244455273592046,s-0.465568797881800,s247.264147465210868
062_55,s-1.064357250539011,s-0.467837827216745,s244.863265196306315
062_56,s-0.064729722605994,s0.574855353414570,s65.140974868544063
062_57,s1.135663505944038,s1.704479593086557,s71.807150814088899
062_58,s1.324801289074630,s0.119273704226833,s247.264147468254123
062_59,s-1.217935943504057,s0.575232328516401,s65.177597267486220
062_60,s0.159247267707809,s0.094884060428499,s244.189990316054605
062_61,s-2.128880738961906,s0.638038935444902,s245.177597267475306
063_0,s-1.007719096613265,s1.739885999842981,s243.628181669863608
063_1,s-2.145152165671564,s0.461006035560131,s245.591404440139144
063_2,s1.269321723727023,s1.738088978110213,s244.365129294399537
063_3,s1.023359720651837,s1.680200929565454,s63.505851732399805
063_4,s-1.085911953145544,s-2.286969159722120,s243.107530208261522
063_5,s-1.232406748332817,s-0.680813304715243,s65.660054950122600
063_6,s0.079535138071104,s0.062753043720701,s245.767618932501335
063_7,s2.145651626889026,s-1.759432680339389,s63.059504192137354
063_8,s-0.162108698245483,s-0.002747075446619,s65.883479036213757
063_9,s0.080283748315582,s0.603460036912297,s245.598204239567764
063_10,s2.145196198816873,s-2.323261465812073,s-2809.820696683033930
063_11,s0.169675868801098,s-0.617152949229544,s245.775425466949741
063_12,s2.145202265463220,s0.001377183266537,s65.759260115532072
063_13,s-2.145447693189824,s1.130286667258800,s243.654427053217120
063_14,s2.145200980603693,s-1.075804978601617,s65.775528399782814
063_15,s-0.126798159408564,s1.104451549694766,s63.596415180074189
063_16,s1.233239299802247,s-0.473763781381353,s245.726687248828910
063_17,s1.192085040397757,s-2.283848014972575,s243.161634816893326
063_18,s1.010138902154970,s1.103755067215127,s63.596415180075539
063_19,s-0.988213220634898,s-1.151714005316790,s245.476145851821116
063_20,s-2.145155008481383,s-0.615935229486024,s245.560032977575275
063_21,s-1.070964931021266,s0.599648011661131,s245.594806201859285
063_22,s-1.264013777589268,s1.105323659430858,s63.654427053216665
063_23,s0.129442219465275,s1.740178716070028,s243.505851732397986
063_24,s-1.315054042893307,s0.528923163228729,s65.591404440140636
063_25,s-1.253387071639051,s-1.786566599929343,s62.148105404802223
063_26,s0.131217898063237,s-1.723510121399061,s243.059498045898437
063_27,s-1.232173274926983,s-0.141467237405510,s65.869851683098588
063_28,s1.320754421279184,s-1.151700142931001,s245.775518353247179
063_29,s-2.145078872532094,s-1.155475977493831,s245.925694865172545
063_30,s-1.251464620961115,s1.683631400697755,s63.676860579514056
063_31,s-0.988657616340224,s-0.614776457365994,s246.045649581151196
063_32,s1.232841658676705,s0.065236647613574,s245.759260115533181
063_33,s2.145513189579349,s1.108539471879774,s63.648533690736528
063_34,s-0.075057448490931,s-1.222729935962104,s65.476143389414105
063_35,s-1.001477889167260,s-1.725066958866333,s243.122287510967993
063_36,s1.265300937785537,s-1.727391985107619,s243.059502979591826
063_37,s-0.161273761165165,s0.538998364433054,s65.594806201857736
063_38,s2.142801993544503,s1.716205988180094,s64.365129294392432
063_39,s-0.113111140981861,s-1.777379947822905,s63.122287245222921
063_40,s1.253924552186312,s1.159883667016663,s243.648533690736571
063_41,s0.945446670157831,s-2.338071245284111,s63.221834276292441
063_42,s0.991717005678659,s-0.538906203483853,s65.775425466949898
063_43,s-2.145435509074693,s1.739680335022665,s243.711451433711233
063_44,s-1.331935651537685,s-2.340178723031522,s62.592492292810832
063_45,s0.116851430990908,s1.160441522888657,s243.596415180076150
063_46,s0.051807376146484,s-2.280514946363048,s242.705544647445009
063_47,s1.021137357718127,s-1.781096315806818,s63.059498073556256
063_48,s-2.145652820484781,s-1.718381500194655,s242.592524390375615
063_49,s0.991457716140380,s0.000068234263948,s65.767618890326915
063_50,s-1.231709834693921,s-1.218595393053537,s65.925694865180361
063_51,s-2.145127511956834,s-0.078275168938176,s245.869851867126897
063_52,s2.145208387149716,s0.539683890062011,s65.683176720054462
063_53,s-0.071668705552201,s-0.682366417395728,s65.775425466969807
063_54,s2.145204865174143,s-0.537305348129824,s65.726687248804808
063_55,s0.991387138006437,s0.539557648197013,s65.598204239593031
063_56,s1.078679665526928,s-1.218697775885409,s65.788728734246334
063_57,s-0.114549737258705,s1.684315630036762,s63.603111799336759
063_58,s1.233145844775306,s0.604257786577018,s245.683124675074993
063_59,s-0.990901843581480,s-0.075818693239351,s245.883479036213657
063_60,s-0.197645133587144,s-2.338824209297345,s63.123766977912041
063_61,s-1.020212753561833,s1.161467935249807,s243.596415180074302
063_62,s0.167408404215371,s-1.157922088596818,s245.788033314484807
064_0,s-0.272441515659835,s0.714336149036420,s155.096165239802900
064_1,s-0.291872242332191,s-2.454636414753592,s335.095231280574581
064_2,s-0.863519629447546,s-2.454640806468580,s335.069526458999576
064_3,s2.047478884204427,s-0.420964897295681,s154.465759973659374
064_4,s1.991178265556370,s0.960371120451694,s334.411128111531127
064_5,s-1.474017943623142,s0.958130941153152,s334.956167166999990
064_6,s-0.239274590553015,s-1.557577499047160,s155.095231280747612
064_7,s-0.890260688292747,s-1.322946469565406,s335.070287601574705
064_8,s0.325555296418900,s-0.417230725586133,s155.097092495966649
064_9,s-0.266020281937873,s-0.425696531278807,s155.095231280767848
064_10,s-0.278779758491078,s1.854538625422553,s155.108990360004100
064_11,s2.021423677431799,s-2.449025741679513,s334.585524573029545
064_12,s2.046646580626373,s-1.561866630345720,s155.002350175116135
064_13,s-0.838940214411015,s-0.426577745651293,s155.070287601642747
064_14,s0.849283566971464,s-2.454635895349689,s335.098288087124274
064_15,s-0.843654309345658,s0.714078110618735,s155.083878667500329
064_16,s0.843951350120974,s-1.314118572254736,s335.086043488387020
064_17,s-1.461052112345973,s-2.454767647770462,s334.412445371827800
064_18,s-1.468526336210175,s-1.320120549032243,s334.492589689087538
064_19,s-2.046220267165697,s-0.178374341938248,s334.556628045689706
064_20,s0.292223578635805,s1.854635264217925,s155.097092915659744
064_21,s2.046500644880110,s1.853650735646212,s154.411128111692477
064_22,s0.298775601007130,s0.714650480233281,s155.097092497181393
064_23,s-1.412002055108801,s-1.563905054124878,s154.412445372971803
064_24,s-0.331689608850815,s0.957255603023414,s335.108990360151324
064_25,s-1.415601071743567,s0.714632252672101,s154.826187435660472
064_26,s-2.018605256598133,s1.854445119656172,s155.480107322386914
064_27,s1.468354190852600,s0.719822171163751,s154.531880981420926
064_28,s-1.471310765528322,s-0.181863726805727,s334.789084157336845
064_29,s0.863758409788558,s1.854639332398934,s155.073256409697535
064_30,s0.831421564370671,s0.965845388902546,s335.073256409714475
064_31,s0.272740851185224,s-1.314389874984924,s335.097092495967104
064_32,s-2.046299812004198,s0.961852083920651,s334.997890077549528
064_33,s2.047483496617079,s0.716794190092665,s154.411128140892544
064_34,s-1.988135518181857,s0.717417207209890,s154.595682123411962
064_35,s0.279188401347263,s-2.454616092296017,s335.114960588463077
064_36,s0.837750824022825,s-0.174043362204244,s335.073438655146958
064_37,s-0.898062658752908,s-0.183646716850494,s335.077257481289223
064_38,s-0.902823587876131,s0.956984781692141,s335.086840281241791
064_39,s1.411731456974230,s0.963722893770927,s334.408553095372952
064_40,s-0.831158190839079,s-1.565862278836798,s155.069526458889982
064_41,s0.266337985249610,s-0.174345340970627,s335.097092497195320
064_42,s1.461321673519071,s1.854767648563149,s154.408553095372781
064_43,s-1.990959018074426,s-1.560355425103918,s154.460298692290678
064_44,s-0.848806490921246,s1.854635665508098,s155.094731983332906
064_45,s1.990960931986086,s-0.177397561111339,s334.453456382788772
064_46,s0.239558288464161,s0.957535866027345,s335.097092915679752
064_47,s-1.413785183895249,s-0.425942267981930,s154.544856127746897
064_48,s0.903129956889144,s-1.557023155226114,s155.089063576268131
064_49,s0.332013118190597,s-1.557324207841835,s155.114960588486269
064_50,s-2.047473263269508,s-1.316826904826472,s334.460298715576926
064_51,s1.415918055248082,s-1.314643952621692,s334.828172412668209
064_52,s-1.420517356736615,s1.854658079951250,s154.966083272192037
064_53,s1.474369297308332,s-1.558165566737980,s154.967820247958485
064_54,s1.412896839831670,s-0.174529478119585,s334.548127597478924
064_55,s0.896886384697611,s-0.416970905726389,s155.080317980603411
064_56,s1.470496376438092,s-0.418662855914061,s154.814832569956934
064_57,s-2.046339216315699,s-2.454001887796781,s334.460298683972951
064_58,s1.420916681835238,s-2.454658490123442,s334.968460652916804
064_59,s-1.989448922507663,s-0.422152899278795,s154.460506968358914
064_60,s0.890538316480243,s0.722934920024773,s155.073438655145935
064_61,s-0.325232198107895,s-0.182806836744675,s335.096157389545851
064_62,s1.988472687283239,s-1.317415044896253,s334.594225232200927
064_63,s-0.298484011717925,s-1.314690190928053,s335.095231280753580
065_0,s0.972177455770313,s-2.518841146215717,s338.199919468808503
065_1,s0.433646656108021,s-2.518878827500891,s338.204760925189078
065_2,s-1.426970232169938,s1.060407158213620,s-3970.806796291820774
065_3,s0.496599753656562,s0.752516506874420,s158.851281572517109
065_4,s0.242466065907649,s1.917327470228535,s-1996.059512175980444
065_5,s-1.173611914227465,s-1.341071478938388,s338.318024918331844
065_6,s-2.105943401902833,s-1.185452691519444,s156.370954206331788
065_7,s1.514602970399342,s-2.517399183296189,s-1101.865389198461116
065_8,s-1.183458975826302,s-2.518414939660340,s338.057247410554339
065_9,s2.029396096193448,s-0.466681845981126,s-37818.778600778037799
065_10,s1.574513416594064,s-1.606686383192865,s158.212242977379020
065_11,s-1.649407253744045,s-1.594629462446515,s155.715087343368566
065_12,s1.465871189216816,s1.028430796031400,s343.730540084444442
065_13,s-1.643474711107633,s-0.426586227124240,s158.567658653270996
065_14,s2.105865684777188,s-1.594665800681609,s160.695464421706504
065_15,s0.443109785427498,s-0.160254829987425,s338.848292961975346
065_16,s-2.105945255574587,s-0.028562827496994,s156.370622269343073
065_17,s1.395653910417698,s1.917278568442840,s163.730232647435116
065_18,s-1.103685948614410,s-0.422328283675873,s158.606946139591031
065_19,s-1.710807295443297,s-0.184901562077601,s338.851135163497588
065_20,s0.981629635177094,s-0.154102927249269,s338.860602623196030
065_21,s1.573638000771465,s0.764715824538734,s158.841315681983815
065_22,s-1.118871146476268,s0.734049932233562,s158.858501569739559
065_23,s-0.993612399932064,s1.919110362326030,s1608.098276167877202
065_24,s-1.609278400713072,s1.919738074496178,s529.192024576605149
065_25,s-0.643481981399192,s-2.518856101580647,s338.187832907817210
065_26,s1.035055096364657,s0.758695959065464,s158.860602617258309
065_27,s-1.732796848121841,s-2.508570113156024,s4656.962241746192376
065_28,s0.827010831320740,s1.917229767298742,s163.545624325310655
065_29,s1.049465002947047,s-0.395050701322644,s158.907215542720593
065_30,s1.520390651487316,s-0.147943734904457,s338.845514375577181
065_31,s-0.633836417271936,s-0.172576216679579,s338.854200207750353
065_32,s0.899975710434720,s1.031206832905294,s343.545341706906868
065_33,s2.042609312782804,s-1.330588362307697,s333.441810502824978
065_34,s2.071088637826947,s-2.514028203986714,s8620.612794633239901
065_35,s2.020506691419013,s1.916683987465878,s159.094414437716267
065_36,s-0.830417154617470,s1.054800875021408,s348.098401157315493
065_37,s-0.634888121156100,s-1.339603474396961,s338.394041992302505
065_38,s-0.377752293440736,s1.918303984825887,s166.526233335730183
065_39,s-0.242553077448445,s1.047246752725056,s346.523594887780860
065_40,s-2.105854992023326,s1.878369091416890,s-1643.627892088671388
065_41,s-0.580375063726991,s0.740225895947947,s158.853050243369836
065_42,s0.510889957515442,s-0.401727911641443,s158.926140739219676
065_43,s-0.041023246378496,s-1.606813746992468,s158.207495293396164
065_44,s0.331259378288250,s1.037212854805545,s343.940689256650217
065_45,s1.521267227218137,s-1.314385299578105,s339.217385462209734
065_46,s-1.675072028522361,s0.733362056668591,s3039.924530744427102
065_47,s-1.172312734733822,s-0.178746519060297,s338.855946995836803
065_48,s2.028735847006227,s1.029578959169427,s339.094480265911955
065_49,s1.036040773580244,s-1.606742354324257,s158.196309594080475
065_50,s-0.041897765910016,s0.746383918642249,s158.854492223096941
065_51,s-0.095348104483737,s-0.166402371674924,s338.856822178691061
065_52,s-0.095978971271545,s-1.337107967268239,s338.538775533033231
065_53,s-0.566410357073156,s-0.416355542767862,s159.051683706712993
065_54,s0.443275970763248,s-1.332654549370531,s338.814306456838494
065_55,s1.588154722592976,s-0.388641930635584,s158.860809976124443
065_56,s-0.104865734478021,s-2.518951304891333,s338.207469441849639
065_57,s-1.117741798462250,s-1.606279547404369,s158.093442972680293
065_58,s-0.579485982208868,s-1.606808512201679,s158.187875352944360
065_59,s-1.711433770702130,s-1.343404369914668,s338.567662405324143
065_60,s2.104251377220156,s0.783443939297116,s161.511517739388353
065_61,s0.497505419403302,s-1.606751499596270,s158.203099607530504
065_62,s-2.068527655177792,s0.900958596585757,s-3975.530148721981732
065_63,s0.983143870954570,s-1.324507228428654,s339.330083248117148
065_64,s-0.027711739057529,s-0.408751859568623,s158.969154586490731
066_0,s-0.119922232708257,s-0.795494458014110,s68.527428173412972
066_1,s2.223805649051732,s-2.345309568208128,s69.150583848754991
066_2,s0.157751720928610,s-1.276876282833222,s248.785448045668005
066_3,s1.046448615758460,s1.362819960705085,s-4251.752803982084515
066_4,s-2.206616277856755,s-1.813018683352158,s608.700487245674708
066_5,s1.194340999558876,s1.764312481185478,s6018.520454014265852
066_6,s-2.210975875180249,s-1.274262882479552,s-831.345579830517295
066_7,s-1.286126331239066,s-2.409702670116734,s68.657093292783784
066_8,s1.065693983085989,s-0.792629640590585,s68.835222337733654
066_9,s0.285769425886329,s1.810493534055548,s66.370622269343698
066_10,s-0.116232112463389,s-1.333656781849876,s68.651224596612849
066_11,s-2.214860144430810,s-0.735523923366212,s-1191.297416351201491
066_12,s-1.045500680011871,s0.878615763372374,s248.526374953388597
066_13,s2.224783027164673,s-0.599545807719948,s72.864861488850423
066_14,s1.336807691591622,s-0.660691293454055,s252.816123730575725
066_15,s-2.206340516755852,s-2.351270220703332,s-831.782717057588343
066_16,s1.080823480864546,s-1.868379104416346,s69.269380312846224
066_17,s-1.637705484244363,s1.718242453221537,s-1003.145409308595390
066_18,s-0.101453955096654,s-2.406836290488889,s69.985928931276121
066_19,s-2.214844559600867,s-0.194598976379992,s248.179183725220327
066_20,s-1.295459357898625,s-1.332739125243927,s68.646739290689695
066_21,s-1.029362032242015,s-1.275715751446147,s248.645678090297849
066_22,s-0.132450843446071,s0.820185705992493,s68.593006287089509
066_23,s-1.042212691024772,s0.339984040385470,s248.571873167252335
066_24,s-1.036606748168271,s-2.346287649366940,s246.356409311477762
066_25,s1.353137073235425,s0.486840229224048,s-2626.095631412201783
066_26,s0.147122092097476,s-0.199869164731569,s248.775763891200739
066_27,s-1.302120555548251,s0.281056365618510,s68.021960857027295
066_28,s-0.123629514108376,s-0.256618436828244,s68.662771216539824
066_29,s1.087365490787316,s-2.408710625873345,s-2091.247308496282130
066_30,s1.342460687109568,s-0.093013580252309,s-3347.094483254871648
066_31,s-1.299893099755151,s-0.794107029052131,s68.695357299462557
066_32,s-1.027739062756131,s-1.812670416733553,s248.078831722262578
066_33,s-1.274750844037630,s1.422097265806730,s254.792822195674802
066_34,s0.152418593743399,s-0.738282199066534,s248.747678272282684
066_35,s1.054390752257782,s0.284465826652496,s68.850671065159190
066_36,s1.332510556067625,s-1.787423858116503,s253.235181153221220
066_37,s1.329771621910072,s-2.340180456117647,s249.041565430539890
066_38,s-0.888401591155546,s1.810203095010319,s66.489525327842358
066_39,s-1.293742267322391,s0.815324935096497,s66.528432056315438
066_40,s-2.214708038852158,s0.348483391939936,s247.990308703991957
066_41,s0.141376245398145,s0.338433404250515,s248.842233226631350
066_42,s2.224616223206756,s0.592151872190346,s-2446.059000000531341
066_43,s-2.211201826668133,s0.892045460091158,s607.760473731088268
066_44,s-0.131458825619677,s1.355814565572937,s67.556980994556753
066_45,s2.196768975132136,s1.233895168919618,s2233.366130806031379
066_46,s-1.033355601714538,s-0.737095473479592,s248.602606908723857
066_47,s-0.128193086654758,s0.281999974661592,s68.706810823862853
066_48,s0.155948937339194,s-2.342514873450981,s244.912862531484421
066_49,s2.224709650924388,s-1.168451764428501,s72.908065028041293
066_50,s2.194044784010906,s1.759527109073623,s1506.519238751451212
066_51,s-2.214974601601847,s1.423612368698185,s256.857055314695401
066_52,s-0.112048864743046,s-1.872197400598713,s68.636562604316737
066_53,s2.224914976857232,s-0.019664785166825,s72.961465055591034
066_54,s-1.037879464106750,s-0.199012459153402,s248.752802120117508
066_55,s0.129656844750288,s1.415268176947544,s248.890825312663566
066_56,s1.072229712739805,s-1.330808340987147,s68.950589310683739
066_57,s1.060006213269895,s-0.254302897515110,s68.772963778054645
066_58,s1.049965876484206,s0.824106075992366,s68.936022701807474
066_59,s-1.290805264409271,s-1.870983483915271,s68.738122699066892
066_60,s0.135642519595263,s0.877099207946212,s248.776905596777112
066_61,s1.333725838613185,s-1.224035165449812,s-107.130501814672769
066_62,s1.368002807476458,s1.088302669942501,s-1906.207242557513155
066_63,s-1.302600845924370,s-0.256789767177870,s68.264568017610486
066_64,s0.165481585310593,s-1.816663673315301,s249.269457040234414
066_65,s2.224904545971853,s-1.729595001591455,s73.242019733720795
067_0,s2.111383825362696,s0.597749831053172,s336.370758708178130
067_1,s-2.110717481112789,s-0.177947213171434,s338.818384126605736
067_2,s-0.436938291917936,s-0.427371851261082,s158.512526071940187
067_3,s0.104718528911732,s1.920913953836135,s158.232522418669220
067_4,s0.640161792032763,s-0.421604404881314,s158.482541390485437
067_5,s-2.046718270437391,s-0.427066608992051,s156.482775508100417
067_6,s0.042657069471280,s-2.508911963026815,s338.513492833819214
067_7,s-1.513950441754283,s-1.605254961074788,s158.495365843171300
067_8,s-1.573132557872018,s-0.173629908771123,s338.487730351023401
067_9,s-0.975426787068574,s-0.430289298048045,s158.505236781723681
067_10,s-0.975494291400050,s-1.602373063914367,s158.514462419954725
067_11,s0.579741289203736,s1.006706087352184,s338.088857965115380
067_12,s-0.975124351874122,s1.919105546891000,s158.488382877613759
067_13,s-2.046834726843966,s-1.599074587837981,s-923.492698871090397
067_14,s-1.034536691421403,s-0.170768549684758,s338.519317114008800
067_15,s-0.975563323277174,s0.741755457251902,s158.520253088161695
067_16,s0.042485210737603,s-1.336959335551780,s338.514569043331392
067_17,s-1.034380592178423,s-2.514809635931385,s338.514462418681887
067_18,s-1.573306070228628,s1.000730411769059,s338.453445128767044
067_19,s0.042392876094880,s-0.165100114436005,s338.487211228704552
067_20,s-1.034549313231282,s-1.342863431866665,s338.508127112956402
067_21,s-0.436971387241600,s-1.599432611902797,s158.511101861265445
067_22,s-1.513975191584828,s-0.433237517080233,s158.519756644876281
067_23,s1.654891021766658,s-1.334227161484135,s337.390805571053590
067_24,s1.716751740092579,s-1.587006753230400,s158.622930430928847
067_25,s-1.034707704381151,s1.003270952138926,s338.485355384328329
067_26,s1.666981677088019,s-2.497054428389707,s3578.690867226282535
067_27,s-2.110787779242358,s-1.350111122432368,s338.786557638249462
067_28,s0.580929248490843,s-1.334096605473639,s338.491041011767379
067_29,s-2.111348834122529,s-2.520795158486766,s338.534161149154215
067_30,s-1.573033698493915,s-1.345814944993527,s338.516840618250001
067_31,s1.721371159311573,s1.919055046063083,s883.946764161660099
067_32,s1.716607260092703,s-0.414991351082579,s158.687911906652431
067_33,s0.644599758147947,s1.920883541514967,s158.224757901135717
067_34,s-0.496687909163646,s1.005153335898573,s338.306607863206125
067_35,s-0.496090915379873,s-0.167857904152566,s338.496512942568359
067_36,s0.581021342540194,s-0.162189277853701,s338.530737639344920
067_37,s-2.110435191979354,s0.995950397696182,s338.946648753876502
067_38,s-2.046355108847450,s0.745961211096264,s-1643.674266615642637
067_39,s-2.056282990392461,s1.919333237861302,s7356.648741028286167
067_40,s0.640027763353528,s-1.593505423524398,s158.518057682234911
067_41,s1.119252650235976,s-1.331657450004567,s338.423010897307506
067_42,s1.654839585155701,s-0.161415382803724,s337.382335180386121
067_43,s1.114825781371058,s1.000197642578473,s336.873711205813834
067_44,s-0.496024366914097,s-1.339926925911429,s338.514106693204610
067_45,s0.101566693392487,s-0.424415277095000,s158.513752682640899
067_46,s-1.513966707273081,s0.738906553535312,s158.481951536545239
067_47,s1.197264059957398,s1.912000965358119,s156.721459724352627
067_48,s1.178568095479462,s0.753291107565049,s158.485231627960815
067_49,s-0.436967942160470,s0.744626379764891,s158.488824133663854
067_50,s0.101480752585723,s0.747460355783048,s158.510717748117912
067_51,s-1.572904980921760,s-2.517746932517584,s338.510935558311189
067_52,s1.178540156726201,s-1.590510265987732,s158.516517826478804
067_53,s-1.521463451890408,s1.917866918318328,s159.187610258953981
067_54,s1.982873444781582,s1.325806629753143,s-1816.276656556100988
067_55,s2.111384159426088,s-1.744644613333881,s336.370622269616206
067_56,s0.581191116377507,s-2.505949222928299,s338.518030626947279
067_57,s1.120019979667335,s-2.502826409548733,s338.518602620043680
067_58,s1.718961891838569,s0.982786238212867,s165.334775549399723
067_59,s1.119451138171238,s-0.159196958639848,s338.502298413885285
067_60,s0.041976662358888,s1.006415414952392,s338.360933581808240
067_61,s-0.495868392240117,s-2.511866577383779,s338.512910599683323
067_62,s0.101532001357285,s-1.596487449969938,s158.513534242369843
067_63,s2.111384159425588,s-0.572259489375833,s336.370622269630530
067_64,s-0.435276993098951,s1.920019001918624,s158.487967215584518
067_65,s1.178588529870287,s-0.418790681657112,s158.512439165324736
067_66,s0.639963486434986,s0.750438859464890,s158.519976647598241
068_0,s-1.140328972204253,s-1.622096252282824,s-1282.085082717621390
068_1,s0.479883329069051,s-0.476557242161437,s157.914226824266052
068_2,s1.493272503110201,s-0.240808030133093,s337.844439034249092
068_3,s2.067771910465872,s-1.417133153915850,s334.050992475350540
068_4,s-1.127311502559306,s0.686507645054343,s157.914952847809587
068_5,s0.954820969264078,s-0.237584305880407,s337.865907332403424
068_6,s1.492036181248177,s-1.393206758734954,s337.900575600963009
068_7,s-1.947559516632958,s-1.837470139997107,s-4164.597930488200291
068_8,s-0.518183747405006,s1.932484069768654,s155.255317374553442
068_9,s-0.652579057579213,s0.925642331109824,s-22.083225954793601
068_10,s-1.212631494726615,s-2.535522415592736,s337.916645779162820
068_11,s-0.673760718082835,s-2.538023276391569,s337.916567826257221
068_12,s-0.133275039103767,s-2.539839716781661,s337.916431406102220
068_13,s0.951532919521913,s-2.541910878501492,s337.902353421521184
068_14,s0.963319927766239,s0.917373118813248,s337.836824769227917
068_15,s-1.199470595294287,s-0.226840723532191,s337.914766201982843
068_16,s-0.588803855621503,s0.683845774364347,s157.915845490285534
068_17,s-1.600509965862967,s1.924139327249529,s157.682463262746126
068_18,s1.013801902431518,s-1.632842201181415,s157.902172925267166
068_19,s-0.063285249295277,s-1.627398099618232,s1237.916415223641025
068_20,s1.501945793840440,s0.913961535704769,s337.850514161719161
068_21,s0.002073149370563,s1.934775617889941,s161.456856969989616
068_22,s0.475230269051685,s-1.630059800754980,s157.915260062040716
068_23,s2.134943586979825,s0.586398535922584,s153.362404706080753
068_24,s1.506389460096925,s-2.541882375569992,s338.193301378461058
068_25,s-0.058637422125061,s-0.473885156001756,s157.916421398203482
068_26,s-1.710043605451177,s-1.662846824205993,s4668.427786195358749
068_27,s-1.674216351690378,s-0.465895000883445,s157.912567958601045
068_28,s0.950064031591097,s-1.391090743410455,s337.898294271662621
068_29,s-1.191090847038202,s0.928291750204132,s337.916677584053446
068_30,s2.126479360446309,s-2.542048292874869,s336.632616571689312
068_31,s0.406769031007111,s-2.541847087644952,s337.915318358088655
068_32,s2.099390996058903,s1.942022522263458,s174.525827326160567
068_33,s1.565458372089559,s0.672018191705372,s157.833465755581017
068_34,s2.090293971136318,s0.832684610621624,s333.456587366906774
068_35,s-0.127088988894020,s-1.385676756879514,s337.916451505585769
068_36,s-1.071278773980269,s1.934715227480989,s160.900378286841885
068_37,s-0.601795973765274,s-1.624744644052556,s-2002.083586429542720
068_38,s1.557276155312100,s-0.482891094547897,s157.898577744844374
068_39,s-0.114069763627468,s0.922990249716389,s337.916031782698496
068_40,s0.411431609382730,s-1.388334022186881,s337.914496791922204
068_41,s2.129902401224672,s-0.535340483068247,s154.051544918281905
068_42,s1.018502602911657,s-0.479445701625378,s157.898531554659343
068_43,s-1.780383761488010,s-2.463972006527467,s5375.338432675724107
068_44,s2.083729836317465,s-0.287438380625987,s-386.637540122745690
068_45,s2.121799483111257,s-1.669422691409327,s156.636925664199708
068_46,s1.079683934110098,s1.889776448980437,s159.118310409924931
068_47,s0.564891178712071,s1.915199611718630,s151.393915496827105
068_48,s-1.665808487855752,s0.689197135179287,s157.909906619117493
068_49,s-1.204122293674669,s-1.380345620953952,s337.913307570564882
068_50,s0.416092561958918,s-0.234822850532257,s337.911419990276556
068_51,s-0.597148685220022,s-0.471231231774292,s157.916188011455176
068_52,s-0.660953087979460,s-0.229508206535972,s337.916165411598854
068_53,s0.424467571570925,s0.920355102207187,s337.921602898505853
068_54,s-2.129452820393390,s1.075737418079048,s-201.136768782680690
068_55,s-0.122441458490920,s-0.232163732569538,s337.916429932117239
068_56,s-0.050295827770632,s0.681191693092793,s157.916614282272917
068_57,s-2.127717134625404,s-1.139832306556290,s-924.169466451323729
068_58,s1.556575482821292,s-1.635698262438266,s158.193903650888473
068_59,s-1.738006766887726,s-0.224126721215414,s337.909866490831575
068_60,s-0.665601344359841,s-1.383021326468946,s337.916098335395475
068_61,s1.626914263548876,s1.882205303316091,s155.815984558164160
068_62,s-1.135673424286378,s-0.468573558744694,s157.913526983560672
068_63,s1.026938197686392,s0.675429423817406,s157.838370861919174
068_64,s0.488237486615253,s0.678499828360040,s157.908088898077949
068_65,s-2.135252498834117,s1.934874080976972,s156.370622269343556
068_66,s-2.133388503572591,s-0.066706238871402,s-2003.036762097131259
068_67,s-1.729602437268113,s0.930943962940214,s337.916453226084968
069_0,s1.286399579316220,s1.028862232393510,s214.569648757909334
069_1,s0.546685642016673,s-0.894832050573540,s214.569580029633556
069_2,s-1.444367399903850,s1.053309181039826,s214.563545747807467
069_3,s1.938181476416876,s-0.874306024331116,s214.508343341642103
069_4,s2.135595093291854,s-2.560444395694757,s34.463013988596792
069_5,s-2.135625038740675,s1.045889044593763,s214.398153975693162
069_6,s-2.152444897585217,s-1.721134501879163,s206.140336763713350
069_7,s1.445479426688771,s-1.651843210091577,s34.569580557031308
069_8,s-2.134805256793747,s-0.806542099608254,s-1945.397994931271114
069_9,s0.514581688259434,s-1.796513104910596,s214.567543536982527
069_10,s-1.539467927057300,s-1.766816723826352,s214.567540891272898
069_11,s1.444812268665660,s-0.724266471729618,s34.569648593540130
069_12,s-0.015117401124478,s1.960480450110886,s214.544164189457121
069_13,s-1.931344469375575,s1.197166230803910,s34.398327580114191
069_14,s2.134951019335773,s0.206056591233806,s34.542602384264505
069_15,s-1.247860584476659,s0.277788730936569,s34.563545747792254
069_16,s-0.595050932856371,s-0.695924078881072,s34.577843170617705
069_17,s1.247636273812401,s-0.877960108311806,s214.569580557041377
069_18,s1.427127479937423,s-2.560480439580421,s34.567543529483025
069_19,s1.357285500821811,s1.960480450109992,s214.544164189012605
069_20,s-1.429610173485143,s1.960477572635332,s214.535857935624335
069_21,s1.433249127718553,s0.189271805961054,s34.569648757884970
069_22,s-0.514717124716394,s1.196290182944300,s34.544164189690484
069_23,s-0.707230262662685,s-2.560480439595297,s34.567543536715782
069_24,s0.095211029935228,s0.235119571939992,s34.563541637528992
069_25,s1.220471532702048,s-1.797980370437899,s214.567543536787127
069_26,s0.015049408685212,s-2.560480439593978,s34.567543536807413
069_27,s-0.094879884523788,s-0.834582381050174,s214.569580029559859
069_28,s1.937023601235575,s0.052450587950202,s214.569648701153284
069_29,s-0.054392287937981,s1.071062847504906,s214.563541637527720
069_30,s-0.719814434302114,s1.960480450111350,s214.544164189619352
069_31,s-1.236227382201020,s-0.635799591737330,s34.580169349491761
069_32,s-2.135624757723011,s1.960430578754319,s214.398327579799059
069_33,s0.720098829125056,s-2.560480439594925,s34.567543536919224
069_34,s1.539865278093735,s1.167302479758579,s34.544164189019561
069_35,s1.236073385100744,s0.035578192445707,s214.569648559087312
069_36,s-1.285823836624011,s-1.628399377419958,s34.580812409774460
069_37,s0.707015301368161,s1.960480450110973,s214.544164189018147
069_38,s-0.870236867089158,s-1.741741505257674,s214.567543536725026
069_39,s-0.546842691661538,s0.294671241819442,s34.563541637543544
069_40,s0.870146649577042,s1.142265753646978,s34.544164189019391
069_41,s-1.937955186818613,s0.274161781991993,s34.398153975701568
069_42,s-0.200381645940896,s-1.809286430326294,s214.567543536892003
069_43,s-1.221565522264618,s1.200049727440766,s34.544164189461405
069_44,s1.925545385369909,s0.965840520624355,s214.569648757891798
069_45,s2.116478349372200,s1.959854852635190,s206.170926964342868
069_46,s0.755423998888255,s-1.654676471436062,s34.569580029627041
069_47,s-0.587067759662885,s-1.611368415947764,s34.575237643221264
069_48,s0.595488433877025,s0.096488367495968,s214.569648485017353
069_49,s-1.433375561098140,s-0.789531844936145,s214.580812409775888
069_50,s0.743861879520494,s-0.741138479621496,s34.569648485021496
069_51,s0.794504600626974,s0.249682768241399,s34.569181743336792
069_52,s1.929247846528182,s-1.798957740673858,s214.463049656714844
069_53,s-0.794043923365295,s-0.849147928521290,s214.576902122939799
069_54,s0.587505165111456,s1.011784045355159,s214.563541637534541
069_55,s2.135522126551494,s-0.720823629133280,s34.508343348096837
069_56,s-1.445069797732611,s0.124053120138590,s214.580169349302196
069_57,s0.200019634062556,s1.209214715789018,s34.544164189412804
069_58,s2.152444889947872,s1.120590214191219,s26.170926181425894
069_59,s-0.755566471429639,s1.054453272694332,s214.563541637551197
069_60,s-0.102979110596231,s0.081693179910295,s214.569648447321072
069_61,s-1.925435559112441,s-1.566344682886814,s34.580812566780473
069_62,s0.103402274811955,s-0.681189170001420,s34.569648447321121
069_63,s-1.937130276998916,s-0.652817310882745,s34.580169456383253
069_64,s0.054274703216782,s-1.671201599761855,s34.569580029560250
069_65,s2.135594894199324,s-1.648061914249515,s34.463137494708342
069_66,s-2.135625038741735,s0.121068641426583,s214.398153975022524
069_67,s-1.356999422858840,s-2.560480438674364,s34.567540891274398
069_68,s-0.744104481415187,s0.140959362169250,s214.577843170617541
070_0,s1.286399579316220,s1.028862232393510,s214.116084266939907
070_1,s0.546685642016673,s-0.894832050573540,s214.116015538664129
070_2,s-1.444367399903850,s1.053309181039826,s214.109981256838040
070_3,s1.938181476416876,s-0.874306024331116,s214.054778850672676
070_4,s2.135595093291854,s-2.560444395694757,s34.009449497627379
070_5,s-2.135625038740675,s1.045889044593763,s213.944589484723735
070_6,s-2.152444897585217,s-1.721134501879163,s205.686772272743923
070_7,s1.445479426688771,s-1.651843210091577,s34.116016066061896
070_8,s-2.134805256793747,s-0.806542099608254,s-1945.851559422240371
070_9,s0.514581688259434,s-1.796513104910596,s214.113979046013100
070_10,s-2.116335918748791,s-2.559852791291812,s25.686772291517631
070_11,s-1.539467927057300,s-1.766816723826352,s214.113976400303471
070_12,s1.444812268665660,s-0.724266471729618,s34.116084102570717
070_13,s-0.015117401124478,s1.960480450110886,s214.090599698487694
070_14,s-1.931344469375575,s1.197166230803910,s33.944763089144779
070_15,s2.134951019335773,s0.206056591233806,s34.089037893295092
070_16,s-1.247860584476659,s0.277788730936569,s34.109981256822842
070_17,s-0.595050932856371,s-0.695924078881072,s34.124278679648292
070_18,s1.247636273812401,s-0.877960108311806,s214.116016066071950
070_19,s1.427127479937423,s-2.560480439580421,s34.113979038513612
070_20,s1.357285500821811,s1.960480450109992,s214.090599698043178
070_21,s-1.429610173485143,s1.960477572635332,s214.082293444654908
070_22,s1.433249127718553,s0.189271805961054,s34.116084266915557
070_23,s-0.514717124716394,s1.196290182944300,s34.090599698721071
070_24,s-0.707230262662685,s-2.560480439595297,s34.113979045746369
070_25,s0.095211029935228,s0.235119571939992,s34.109977146559579
070_26,s1.220471532702048,s-1.797980370437899,s214.113979045817700
070_27,s0.015049408685212,s-2.560480439593978,s34.113979045838001
070_28,s-0.094879884523788,s-0.834582381050174,s214.116015538590432
070_29,s1.937023601235575,s0.052450587950202,s214.116084210183857
070_30,s-0.054392287937981,s1.071062847504906,s214.109977146558293
070_31,s-0.719814434302114,s1.960480450111350,s214.090599698649925
070_32,s-1.236227382201020,s-0.635799591737330,s34.126604858522349
070_33,s-2.135624757723011,s1.960430578754319,s213.944763088829632
070_34,s0.720098829125056,s-2.560480439594925,s34.113979045949812
070_35,s1.539865278093735,s1.167302479758579,s34.090599698050148
070_36,s1.236073385100744,s0.035578192445707,s214.116084068117885
070_37,s-1.285823836624011,s-1.628399377419958,s34.127247918805047
070_38,s0.707015301368161,s1.960480450110973,s214.090599698048720
070_39,s-0.870236867089158,s-1.741741505257674,s214.113979045755599
070_40,s-0.546842691661538,s0.294671241819442,s34.109977146574131
070_41,s0.870146649577042,s1.142265753646978,s34.090599698049978
070_42,s-1.937955186818613,s0.274161781991993,s33.944589484732155
070_43,s-0.200381645940896,s-1.809286430326294,s214.113979045922576
070_44,s-1.221565522264618,s1.200049727440766,s34.090599698491992
070_45,s1.925545385369909,s0.965840520624355,s214.116084266922371
070_46,s2.116478349372200,s1.959854852635190,s205.717362473373441
070_47,s0.755423998888255,s-1.654676471436062,s34.116015538657628
070_48,s-0.587067759662885,s-1.611368415947764,s34.121673152251851
070_49,s0.595488433877025,s0.096488367495968,s214.116083994047926
070_50,s-1.433375561098140,s-0.789531844936145,s214.127247918806461
070_51,s0.743861879520494,s-0.741138479621496,s34.116083994052083
070_52,s0.794504600626974,s0.249682768241399,s34.115617252367379
070_53,s1.929247846528182,s-1.798957740673858,s214.009485165745417
070_54,s-0.794043923365295,s-0.849147928521290,s214.123337631970372
070_55,s0.587505165111456,s1.011784045355159,s214.109977146565114
070_56,s2.135522126551494,s-0.720823629133280,s34.054778857127424
070_57,s-1.445069797732611,s0.124053120138590,s214.126604858332769
070_58,s0.200019634062556,s1.209214715789018,s34.090599698443391
070_59,s2.152444889947872,s1.120590214191219,s25.717361690456475
070_60,s-0.755566471429639,s1.054453272694332,s214.109977146581770
070_61,s-0.102979110596231,s0.081693179910295,s214.116083956351645
070_62,s-1.925435559112441,s-1.566344682886814,s34.127248075811060
070_63,s0.103402274811955,s-0.681189170001420,s34.116083956351709
070_64,s-1.937130276998916,s-0.652817310882745,s34.126604965413840
070_65,s0.054274703216782,s-1.671201599761855,s34.116015538590837
070_66,s2.135594894199324,s-1.648061914249515,s34.009573003738929
070_67,s-2.135625038741735,s0.121068641426583,s213.944589484053097
070_68,s-1.356999422858840,s-2.560480438674364,s34.113976400304985
070_69,s-0.744104481415187,s0.140959362169250,s214.124278679648114
071_0,s-0.431437434458452,s-1.280088627753530,s305.885504794585756
071_1,s0.429606060823071,s-0.494659820774826,s125.887067315795946
071_2,s-0.598947830225866,s0.707368025738947,s125.900350148149329
071_3,s-2.489888936225876,s-0.677766259129233,s305.860662802129866
071_4,s0.596467610765646,s-3.684850501663106,s305.865079445581898
071_5,s0.596830962164824,s-2.482230870340146,s305.889697091772177
071_6,s-0.602188721534632,s-2.298565421209717,s125.888740139301675
071_7,s-1.631708672699463,s-2.298206364650226,s125.888737634267187
071_8,s0.428083529169123,s-1.697166420111463,s125.888707417693340
071_9,s-0.600767996320813,s-1.096005226005271,s125.885506609696336
071_10,s-0.601537484304686,s-1.697336352140108,s125.888707321352868
071_11,s-1.460969314194357,s-1.280239415273770,s305.885506572984468
071_12,s-2.490959393162310,s-1.881104770373638,s305.888707943685006
071_13,s-0.432916179280615,s-3.684850540308520,s305.865043099159095
071_14,s-1.459424657816650,s0.523298680289457,s305.899620030862479
071_15,s0.428816513428617,s-1.095930991780313,s125.885504694667006
071_16,s-1.629500986289466,s-0.494060564333718,s125.860662906690038
071_17,s-2.657096571971814,s-1.082099353089031,s125.885507281006042
071_18,s-3.517357973034160,s-0.664904689964094,s305.860531083102273
071_19,s-2.660332607634979,s-3.496217662290517,s125.864335754387312
071_20,s-2.489605787673510,s0.524111270555626,s305.859839994022536
071_21,s-3.515110005494679,s0.534491756167280,s305.858592887712064
071_22,s0.427202491361842,s-3.500707585547568,s125.865046419578562
071_23,s-2.492528677825963,s-3.083748103622907,s305.888737385532124
071_24,s0.597461085001444,s-1.881051938454585,s305.887313764373459
071_25,s-2.656717059967176,s0.719797697164500,s125.858592841116916
071_26,s-1.632299866331451,s-2.899520488785677,s125.888737722414405
071_27,s-2.658875991333876,s-2.285654909265810,s125.888737822199616
071_28,s-2.490214848422202,s-1.279415989562478,s305.885506469663710
071_29,s-2.491896470174708,s-2.482493609149476,s305.888737674559422
071_30,s-0.599363975699852,s0.106296967036754,s125.878965428010289
071_31,s-1.463009451624587,s-3.083867513071200,s305.888740130232009
071_32,s-1.461783982245626,s-1.881537938279384,s305.888707535578646
071_33,s-1.631739391999795,s-3.500782136907077,s125.864122771286077
071_34,s-2.656866019575765,s-0.481351730186150,s125.860530910370613
071_35,s-2.657756306878973,s-1.683279436625982,s125.888707892691642
071_36,s-0.430657184282875,s-0.678832383864367,s305.885332146937742
071_37,s-1.628862535896282,s0.707291324751375,s125.859841262763823
071_38,s0.427450867042991,s-2.298354866495479,s125.889697170581869
071_39,s-3.517376343370972,s-3.078381937442821,s305.888737494405007
071_40,s-3.517376342014716,s-2.472395651640512,s305.888737811040471
071_41,s-1.630955755402104,s-1.696550069988330,s125.888707978299507
071_42,s-0.429965196744193,s-0.077620582268764,s305.892723451788584
071_43,s-1.629059482391097,s0.106664131419239,s125.837835538860460
071_44,s0.600257537732330,s0.524011797970502,s305.892594221544641
071_45,s-1.459730544499311,s-0.077629265401973,s305.878964223936237
071_46,s-2.656750306876837,s0.119251177675074,s125.857352368254908
071_47,s0.426965357210053,s-2.899499422600888,s125.889697350117117
071_48,s0.430279888865737,s0.106624586891277,s125.892723961710345
071_49,s-1.630097104254764,s-1.095060276031979,s125.885506563069782
071_50,s-3.517360448201404,s-3.684851328811266,s305.864335871044545
071_51,s-1.460304413728728,s-0.678800481864595,s305.874140252738073
071_52,s0.430868135971636,s0.707879236279953,s125.892595984099827
071_53,s-2.660064005669887,s-2.889913863707553,s125.888737405263456
071_54,s-1.462463231291594,s-3.684851564888374,s305.864124320552719
071_55,s-0.432183339280068,s-1.881338386239902,s305.888707369641224
071_56,s-0.429491099192842,s0.523515680374503,s305.908995871546665
071_57,s-3.517374237744692,s-1.266222525174540,s305.885507161105409
071_58,s0.598187797547060,s-1.279820290754336,s305.886709342357221
071_59,s-1.462453038471496,s-2.482741435898285,s305.888740067202036
071_60,s-0.432823125961532,s-2.482526715233845,s305.889697488886441
071_61,s-0.602713468336594,s-2.899737530971882,s125.888740299440883
071_62,s-3.517376323534629,s-1.868391912273745,s305.888708025019753
071_63,s0.598977716807796,s-0.678543594993188,s305.887067359165144
071_64,s-2.489647190245004,s-0.076554942980881,s305.840166157957299
071_65,s-2.491902011319890,s-3.684851566011669,s305.864122590092620
071_66,s-0.600014076282209,s-0.494813304669995,s125.874140264997976
071_67,s0.599669783500072,s-0.077242947111472,s305.892594909667991
071_68,s0.596345454525768,s-3.083375423279691,s305.889697217185471
071_69,s-0.433335541515313,s-3.083632151251309,s305.889697496812062
071_70,s-0.602215156887745,s-3.500890827993894,s125.865022197569388
072_0,s-2.113649479556995,s-1.673319446087258,s157.006931741784058
072_1,s1.048767748214037,s-0.101602128189580,s338.846187239197207
072_2,s-1.048975059519685,s-0.497829615710155,s158.910390014433375
072_3,s-1.102699028221529,s-2.591055222467427,s338.264387858133375
072_4,s0.021621226553930,s-0.468510575951920,s161.053635370288674
072_5,s-0.501741423921313,s-1.674666414846673,s158.313768871971320
072_6,s1.102176299358491,s0.813038155769873,s158.577378501383066
072_7,s1.040792853565075,s1.076650149587153,s338.533653680190241
072_8,s1.638437093473183,s-0.390381690467690,s159.873238548885126
072_9,s2.111140356218268,s-0.109614191797460,s333.909922878215298
072_10,s0.557914946122952,s-0.439267039827566,s161.568362514146884
072_11,s1.111163905002200,s-1.668068015337976,s159.252944676839746
072_12,s-1.654882222059661,s1.067995077741871,s337.349329785421844
072_13,s-0.510803451143335,s1.991160416625739,s157.528360104060653
072_14,s-2.178464446225665,s-1.426003879931473,s338.814034155500281
072_15,s1.654879667892971,s-1.667541356034306,s157.324678804368489
072_16,s-1.111237684963575,s1.068632912042124,s339.250676721633397
072_17,s-1.641621340605625,s-2.590956111240340,s338.116853009210047
072_18,s0.021659276387261,s0.800434739574597,s159.890212814989468
072_19,s2.178391268912156,s0.825825848313178,s158.846757919225411
072_20,s0.575499155429152,s-1.673342102431065,s158.238352596652362
072_21,s2.096497949671250,s-1.345105020005367,s329.312899127021637
072_22,s-1.097791299230005,s-0.189338596196448,s340.798854039887431
072_23,s1.641698543785490,s1.991053375798181,s158.088446772197074
072_24,s-1.578604215501387,s-1.678415007904298,s158.254254687548212
072_25,s1.058401629405457,s-1.347293550173192,s341.457072464835960
072_26,s-0.036969320149531,s1.074020723922572,s338.267269904043985
072_27,s1.604398560283402,s-2.590604456022024,s-21.332754597384213
072_28,s-1.056817725537283,s1.990736349834950,s159.780752752723231
072_29,s-1.639547112075247,s-1.419552994047661,s338.967527430160317
072_30,s-2.174830410957570,s-0.228336343387675,s340.526550056256781
072_31,s-2.096391647170698,s0.745204192287204,s149.301961936805554
072_32,s-1.058227520790873,s0.746856545155538,s161.430480993080835
072_33,s0.563804047355378,s0.809746578796294,s158.523613856963010
072_34,s-0.520600063865945,s0.777298824470114,s161.447053225951777
072_35,s2.164528694918053,s-1.633424641202923,s166.465254447486330
072_36,s2.113495548382937,s1.073232590551400,s336.989539845560273
072_37,s-0.564043481864692,s-2.590207183633262,s338.315041897207323
072_38,s-1.638422634726355,s-0.209427904415168,s339.886549851711379
072_39,s-2.111082635296922,s-0.490480436247922,s153.887609771322701
072_40,s0.512490481749504,s-0.111408244283698,s339.619875508654502
072_41,s-0.021514769873417,s-0.131758255628942,s341.092810687145800
072_42,s1.639382537495860,s0.818842765905378,s159.041885359349720
072_43,s1.587782550278219,s-0.094613284968902,s339.043599168157698
072_44,s2.174874315403101,s-0.371638008084161,s160.504772805378934
072_45,s2.179525986563609,s1.991230828682834,s158.337979928339962
072_46,s-1.587937370982232,s-0.505348653723899,s159.091623065220034
072_47,s-0.022132170079526,s-1.399249923701118,s339.692622983938634
072_48,s-2.164478757246410,s1.033613757161139,s346.500403744319954
072_49,s-0.025431226901907,s-2.588953062902950,s338.350236650403929
072_50,s-0.575677634411297,s1.073714870577843,s338.198366230494116
072_51,s2.173654126760663,s-2.591155018446323,s340.937401201411831
072_52,s1.578503177382275,s1.078476740900310,s338.242855991374654
072_53,s-0.557866083711795,s-0.161249005726736,s341.582038736481138
072_54,s0.564084864351244,s1.990401519743541,s158.297019657471793
072_55,s1.102652656574913,s1.991234981934943,s158.279089769787305
072_56,s-1.101466917604251,s-1.412985001275682,s338.823201103638723
072_57,s-1.594413606684813,s0.719232082547274,s160.845886372193632
072_58,s0.036913510258172,s-1.673829501523576,s158.263453463841017
072_59,s0.520473824435959,s-1.377465831089575,s341.364497949749875
072_60,s1.594606836248409,s-1.319360691573179,s340.884736162678337
072_61,s-2.174014030280057,s1.991264250536767,s-919.069357154282443
072_62,s0.501585202601405,s1.074727828270301,s338.280953832015484
072_63,s-1.598286433008240,s1.988005599690027,s157.466740422056773
072_64,s-0.563524606425909,s-1.408063483713342,s338.618589066163850
072_65,s-2.179525986563609,s-2.591264250536766,s338.338389148878832
072_66,s1.097543137871291,s-0.410820581964152,s160.887729347090442
072_67,s1.056874691306021,s-2.590500583817244,s339.817352536838200
072_68,s-1.040799546178403,s-1.676647631643217,s158.511743517087154
072_69,s0.025313825746550,s1.989056004583490,s158.389853623008037
072_70,s-0.512233208941359,s-0.488211732747072,s159.519210653982498
072_71,s0.510820657268115,s-2.591213489546642,s337.536809666198849
073_0,s2.330509121980779,s-2.365395718570327,s126.027373365215311
073_1,s2.174912072587441,s-2.005938765147606,s776.616860539822142
073_2,s-1.168216535923412,s-1.318382528720763,s248.608838970808989
073_3,s-1.168746356277383,s-0.777995642048007,s247.924631835391523
073_4,s-0.135126658500630,s-2.466842194017210,s242.190255935015813
073_5,s-1.171016590717633,s-1.857481777475868,s246.964188707850781
073_6,s-1.166198301968884,s0.297448438954068,s248.495171356497565
073_7,s-1.166083198363274,s-0.239435879985939,s247.906527653609999
073_8,s1.205597181503238,s-0.757579525617626,s259.928891100562225
073_9,s-0.250831028109168,s0.772095221785721,s1148.232150893510607
073_10,s0.916980046883155,s0.772476252335014,s68.666494266531927
073_11,s2.318250620740288,s0.786449167260247,s-4254.032536811234422
073_12,s-0.250470493834057,s-0.306508967709997,s1147.867688471277916
073_13,s-1.232825807196840,s-2.466829193677527,s242.189203481786848
073_14,s2.313289575391500,s-1.489789891057509,s2572.477051132501856
073_15,s-1.166323549112807,s0.837464039270053,s247.947686210697384
073_16,s-0.003192334143258,s-0.238513269347325,s247.589596525944387
073_17,s-0.000305037071107,s0.835457921405109,s-111.312567517058014
073_18,s1.374569958006567,s0.893989345153432,s241.168556157757877
073_19,s0.914885548807892,s1.309800874460701,s68.169570910756477
073_20,s-0.250226278355399,s1.311666089758894,s68.361971001809209
073_21,s0.725355512997802,s-2.517902979615496,s62.190256069524381
073_22,s2.322556071788637,s1.388756020833849,s16631.264971816635807
073_23,s-0.249555864408631,s0.233826957801246,s68.411918390070696
073_24,s-1.164962024448906,s1.375413459768578,s248.152439548736254
073_25,s0.000019202199786,s1.376727643742929,s247.676715264747799
073_26,s1.373650276057838,s1.388482562490890,s255.060024952372316
073_27,s-1.412540933194864,s0.773184748465348,s68.438648321820963
073_28,s1.198195567411829,s-1.744950927897821,s243.461675766700353
073_29,s0.974524642855188,s-2.476300074104363,s242.953419638723574
073_30,s-1.414919230702984,s1.312697606484367,s-9651.624286425401806
073_31,s-1.412916117988777,s0.232814269242472,s67.900555374344307
073_32,s-1.413807603336948,s-0.304601531378774,s68.340102573307405
073_33,s-1.414455677796611,s-0.844211189365720,s67.968869850276590
073_34,s2.323631123608220,s-0.853505949001441,s-1016.183406151400163
073_35,s-0.006272088355957,s-1.318275030825605,s248.591150802832544
073_36,s-1.415974204993864,s-1.382362289972676,s68.101052264288214
073_37,s-1.416885736498398,s-1.920869931219246,s68.109750289563991
073_38,s-1.479707433156706,s-2.506192485680416,s62.189199895341979
073_39,s-2.328817101475901,s1.375435292216426,s248.123178958416617
073_40,s1.198285172595419,s-0.174561599836186,s244.862556931320569
073_41,s-2.327532304534294,s0.835717134855698,s248.562062110816584
073_42,s-2.326886150524060,s0.298892169317134,s247.952288300867878
073_43,s1.443047419773642,s-1.177027745638593,s229.265561596065766
073_44,s-2.327615144356959,s-0.240584060728872,s248.302201144583080
073_45,s2.268252027920208,s0.233476789948757,s68.606598755371792
073_46,s-2.327403849842545,s-0.778636849055938,s248.134208187048074
073_47,s-2.328072865899557,s-1.317114089232539,s248.120116535333153
073_48,s-0.019277716467095,s-1.870157158715770,s245.961946660932739
073_49,s-2.328857049542345,s-1.855602330164084,s248.109750412435062
073_50,s-1.411795436674526,s1.849792104970780,s67.456903500839161
073_51,s0.958263400250565,s1.816213193086192,s58.193516415122815
073_52,s-0.251104259288657,s-1.383367628710200,s-1371.863086320531920
073_53,s-0.244605057162499,s1.849635411833484,s3667.023203377693335
073_54,s-2.330509121980779,s-2.466829152262708,s242.189199903049854
073_55,s-1.165458562397161,s1.913401076799000,s248.343928125342813
073_56,s0.000857686678704,s0.299039715191832,s247.932508529085965
073_57,s0.001779151123015,s1.913448874406338,s-111.677264834265515
073_58,s0.911502752813457,s-1.384079774969319,s-2092.050950644622390
073_59,s2.322238334543508,s1.917902979615496,s-7133.585814181522437
073_60,s-2.328613654890971,s1.913665091846388,s248.227111439203355
073_61,s-0.007075374110746,s-0.778133588712434,s247.997189268388439
073_62,s1.272927292336731,s1.890744501224913,s263.769707399276626
073_63,s0.876910760315946,s-1.936417074882079,s65.961946658244017
073_64,s-0.251570621422613,s-0.844041805917737,s-651.607384389414506
073_65,s0.911453022449553,s-0.844117057003948,s68.477101852831524
073_66,s0.910856882271417,s-0.306740294450588,s68.051568844737730
073_67,s1.282702819304370,s0.382386708366529,s234.751612614411187
073_68,s2.326542812154766,s-0.264575998295126,s-1719.211091210043151
073_69,s-0.265624723583840,s-1.928342290228577,s66.964188672600756
073_70,s0.914864803442463,s0.230350867147256,s67.493240747142750
073_71,s1.757353846386654,s-2.415505045391877,s63.464340250275285
073_72,s-0.382011204970433,s-2.506208098134612,s62.189203451222973
074_0,s2.215647290463029,s-2.652260983101179,s346.722720396153306
074_1,s2.023223157025551,s-1.840889006365384,s166.793418603776473
074_2,s0.939796912394633,s-0.702782285376634,s344.770019864136771
074_3,s2.216409142874977,s-0.714960444040233,s346.200176228060570
074_4,s1.554563040822912,s-2.651996007928290,s346.136912297220988
074_5,s0.802652872652752,s0.148720763448387,s164.770018326242649
074_6,s-0.297458102668694,s-0.724795879268423,s345.183746452506966
074_7,s2.021795105215292,s0.083707369891568,s166.200115732020720
074_8,s0.184345710293223,s0.109619665389017,s164.978707064926084
074_9,s1.424058905214419,s0.109560849646674,s166.132650924067633
074_10,s-0.415280409442829,s-1.765761879616506,s346.291408974014985
074_11,s-0.464667490412056,s0.094448969349037,s165.183746505064903
074_12,s0.730878562401533,s-0.856629261139667,s165.576724297932429
074_13,s-0.520015156274272,s-0.877825176870402,s166.291408721538772
074_14,s-0.478663019880810,s-2.651996008511732,s346.136913398702916
074_15,s-0.821968395884573,s-2.070531996607920,s172.752528858730983
074_16,s1.352093216915564,s-1.864929799130198,s166.136912318167617
074_17,s-0.933839992883378,s-0.777923964890853,s347.059030375194368
074_18,s-0.946825582077169,s-1.842520869447162,s352.212028867771551
074_19,s-0.875454419042289,s0.203440191131950,s345.131211832271390
074_20,s1.033044623854927,s0.296098775493001,s342.576098534648338
074_21,s2.217243115162269,s0.242392231751080,s345.639004786227872
074_22,s-0.235278255935331,s0.240721675363575,s345.131211664923001
074_23,s2.022735008807905,s-0.874645423704688,s166.524311429367941
074_24,s0.392772611689275,s0.261093908388555,s345.055562567206607
074_25,s1.630368296643843,s0.268971866242652,s342.626919419628678
074_26,s-1.128190938219370,s-0.959187717486999,s172.212029551621498
074_27,s-1.116518148089169,s0.051147846155167,s167.059030346461867
074_28,s1.556986542350842,s-1.709494832295411,s346.136694187832802
074_29,s-1.019513596234731,s1.052040893793956,s165.131211907734041
074_30,s0.898893251994649,s1.116881689645009,s162.576098772971903
074_31,s0.242455156252557,s1.100290117389552,s165.055563250511966
074_32,s-0.398709270072510,s1.064066152907528,s165.131211824672192
074_33,s1.608518654244892,s1.175353033456195,s162.626919635318018
074_34,s0.255038461135462,s-1.723525197452014,s345.027784758625273
074_35,s2.242248802054944,s1.219781013388494,s153.806363765529539
074_36,s-1.419324828215300,s-2.013814170265270,s3.919999604755924
074_37,s-1.544191145216796,s-0.860612045914294,s351.770537689757248
074_38,s-1.523517432726288,s0.172862865802106,s342.556298379807970
074_39,s-1.172165605766184,s-2.540841181129053,s113.836246620487543
074_40,s2.215942284017272,s-1.680321493256643,s346.524312088277213
074_41,s-1.638628715525864,s1.015994838859719,s162.556298270942420
074_42,s-1.720661191556508,s-1.079543504706690,s182.644134711780907
074_43,s-1.757539726219213,s-0.004898928120730,s171.770537892988926
074_44,s-1.672456503994670,s-2.228212719325039,s140.344780284539752
074_45,s0.201681999626906,s-2.651996008470942,s346.136913186685774
074_46,s-0.803873208985655,s1.201717995916012,s345.131212057695620
074_47,s-1.429117685431648,s1.170576512778693,s345.131219408809955
074_48,s1.201998844400466,s1.299113935140741,s345.124825930315865
074_49,s0.492464857589780,s1.240933519463438,s345.129028658485765
074_50,s-0.168195272177525,s1.209794367959597,s345.131210629580210
074_51,s1.779536724670075,s1.474414874923915,s376.413502654613012
074_52,s0.877532430594038,s-2.651996005836472,s346.136912403966733
074_53,s-2.021584939601701,s-1.905594205004464,s362.644134715803489
074_54,s-2.027007194337672,s1.208099402570449,s345.149667093811559
074_55,s-2.242248802054944,s-0.549523895211043,s383.629377509931999
074_56,s0.097282968756441,s-0.894443985531607,s165.027271872442725
074_57,s-2.197335227407551,s0.129286306176317,s-10816.402580066502196
074_58,s-0.324429908061322,s2.042521176705547,s165.131210751432405
074_59,s-2.225613547399464,s1.052998389655230,s164.512050200331629
074_60,s-2.104371249733402,s-0.850341890277458,s145.304935637656200
074_61,s-2.241131872953482,s-2.128661559697576,s156.831031543005906
074_62,s-2.221320424817316,s2.022148940368800,s-4155.939883032033322
074_63,s0.977316815960409,s2.042518820254776,s165.124825972980858
074_64,s0.878976797251129,s-1.707469393793558,s345.576724342740874
074_65,s2.206580052508043,s2.052260983101180,s177.734127350746149
074_66,s-0.953913186756652,s2.042521177047802,s165.131212265232676
074_67,s0.320266796587783,s-0.746983992441171,s344.978706896622725
074_68,s0.312370749089941,s2.042520371757591,s165.129029023166595
074_69,s-1.546745419830143,s2.042521181627978,s-1634.868780518788071
074_70,s1.358188188820002,s-0.917463183689498,s166.135690446883956
074_71,s0.675712148564732,s-1.864051438935154,s166.136912778417326
074_72,s-0.002612017566575,s-1.867396578503156,s166.136913228621040
074_73,s1.556544296824809,s-0.760414486672625,s346.132650971518842
075_0,s0.935469737740889,s2.062350491524043,s166.821054385936776
075_1,s0.292593722819673,s2.062350491521495,s166.821054379617493
075_2,s-1.457714694683278,s-0.849174253478700,s352.259187631058182
075_3,s-0.990361133694940,s2.062653093328572,s167.428370555002488
075_4,s0.876417076340765,s1.084162652057133,s166.430326694803284
075_5,s-1.438294023825477,s1.217847024020259,s347.428371184988691
075_6,s1.594532835856610,s-2.665042858160009,s346.902530375976767
075_7,s-1.073109786398190,s0.060478247346498,s170.730728026245970
075_8,s2.051684128614370,s-1.839638541152312,s167.294897271650115
075_9,s-0.466975219849159,s-2.663396697754639,s346.369215837906893
075_10,s-1.038420977113639,s1.054889277592546,s167.428370660312709
075_11,s2.050381976122295,s-0.865218780991796,s166.908998844363310
075_12,s1.524534764910925,s1.117971679105168,s163.574542688614486
075_13,s0.925505856579563,s-2.664800535051468,s346.383853316325940
075_14,s1.389898599659717,s-0.910768242798138,s166.902530375894770
075_15,s1.779252526217307,s1.267769832834120,s346.821126399051650
075_16,s2.049096844446451,s0.093382522367155,s166.185305253710254
075_17,s0.025217843622082,s-1.908574629302922,s166.369232785732123
075_18,s-0.384019670819575,s-1.794107620132914,s343.945646089083368
075_19,s-1.044554384022941,s-0.963754796289975,s170.465356665987173
075_20,s1.393109625959764,s-1.864695424914040,s166.902530375677117
075_21,s2.245783293949745,s0.252146753660399,s345.298395065722957
075_22,s-2.219883051459419,s-1.073560964903926,s172.259187480664934
075_23,s-1.675253257611083,s0.007046410925809,s172.259187630538747
075_24,s0.475960447879490,s1.238258793993256,s346.821054379614054
075_25,s-1.632739811135751,s1.056296868261125,s167.428371192015533
075_26,s-2.044311516939470,s-0.895587269469951,s352.259187480717685
075_27,s-0.847995318180975,s0.230425438689066,s347.428370660312964
075_28,s-0.399330362633124,s1.104144071696833,s166.903710289200433
075_29,s1.594799544708660,s-1.706278984047932,s346.902530375865467
075_30,s-2.094194479326566,s0.078253507610189,s-10810.054582362810834
075_31,s-1.482501411931620,s0.188341901763148,s347.428371192011582
075_32,s0.806352184434095,s0.084507925111038,s166.383853315503757
075_33,s0.754947471788615,s-0.878386076546871,s166.383853315506741
075_34,s0.723443145024307,s-1.873432581646912,s166.383853315667665
075_35,s2.243419456234519,s2.062393194880191,s166.909735830300036
075_36,s-2.043145289402068,s1.180648622274688,s351.745519861611058
075_37,s1.574601911579937,s2.062350525996002,s166.821126399053384
075_38,s2.190818479373483,s1.161845678820993,s165.298395065648037
075_39,s2.242823882367609,s-2.661095587959402,s347.250002571455468
075_40,s-2.245783289964368,s-2.124984463992220,s156.475118683023510
075_41,s0.140084767851010,s-0.921052441222465,s166.369233252662866
075_42,s-1.633286228783515,s-1.027147949722554,s172.259187631056932
075_43,s-2.017375068231170,s-1.941214950856818,s352.259187480777598
075_44,s-0.787005850047884,s-2.090445175327077,s169.416450852699967
075_45,s1.657990640532642,s0.281185250724363,s343.574542688614031
075_46,s-0.169648986079085,s1.256052001535230,s346.903710289210551
075_47,s1.584812370430418,s-0.750086601191979,s346.383853345875536
075_48,s-1.614374346247275,s2.062653093650622,s-1632.571628815455597
075_49,s0.923109186251348,s-1.716012835535011,s346.383853315654335
075_50,s0.991524730295325,s-0.729907105306053,s346.383853315503757
075_51,s-0.819173822731861,s1.210908562508424,s347.428370554972048
075_52,s0.231883142883800,s1.089821087950100,s166.686019082420586
075_53,s0.210161372333597,s0.105271265752457,s166.383853310534420
075_54,s1.452394914508375,s0.121666923063377,s166.383853345875195
075_55,s1.115794255609268,s1.234040485016287,s346.821054385939647
075_56,s2.244448944636975,s-0.704054892665260,s346.185305253747970
075_57,s-0.421694986762742,s0.100768307051642,s166.414857810775999
075_58,s-1.171733908610714,s-2.552369585304899,s113.927641792386950
075_59,s0.300165477933175,s-1.769451427511821,s346.369233252661331
075_60,s-1.374749969446866,s-2.026053964099483,s3.828117180772099
075_61,s0.345141762229881,s-0.764918827885285,s346.383853310534278
075_62,s0.411961719618031,s0.263443213240420,s346.686019004761874
075_63,s-0.863329104404109,s-0.790335889453697,s350.730728026364432
075_64,s1.036538872733316,s0.234754625631136,s346.430326694727910
075_65,s-2.220324161366618,s1.004251981343693,s171.740345640525419
075_66,s0.252889034300039,s-2.664793956134007,s346.369232785782629
075_67,s-0.451968359804184,s-0.895708038120348,s164.544733342498120
075_68,s2.243420475898964,s-1.677333051250108,s346.908998844481005
075_69,s-2.220838240799368,s2.065040852077438,s-4148.826172214708095
075_70,s-0.228139550321137,s0.261730052880206,s346.903710289001992
075_71,s-1.677820324986656,s-2.245907389082496,s142.060495508772590
075_72,s-0.366778276381406,s2.062390277294783,s166.903710289204838
075_73,s-0.905916202207333,s-1.863403182970160,s350.465354950790640
075_74,s-0.252357998627363,s-0.735904827460217,s346.383701325975267
076_0,s1.003807611371605,s-0.669118965464126,s348.442097666609016
076_1,s-2.050358252874029,s0.161855464720795,s350.191896969797767
076_2,s2.053367458192786,s0.159935309597674,s166.397166655126853
076_3,s1.765224110614013,s1.316954366860491,s347.080523786898311
076_4,s-0.848679825643679,s1.213778735763277,s349.210042548814613
076_5,s1.594289586785882,s-0.664589677206880,s348.498839016852685
076_6,s-1.009825227260531,s-2.485243712265414,s479.950096636383932
076_7,s2.057326092077608,s-0.804412860432689,s168.737516175108027
076_8,s-0.244873781351985,s0.225138435966647,s349.205385157249907
076_9,s0.825926495438442,s1.126789079795273,s167.156948705166059
076_10,s-2.028018209436007,s-1.937539339873194,s353.340569163795465
076_11,s1.639792466460396,s-2.674409838338574,s349.634834526293616
076_12,s1.021403889718267,s0.314010394394598,s347.156948753539609
076_13,s1.629497797325160,s-1.650240579474388,s349.634835280421044
076_14,s0.135267228488646,s-1.894808982616468,s169.634679115296024
076_15,s1.029364484626715,s-2.674409820257598,s349.634808247569310
076_16,s-1.639077097399002,s2.074409838338575,s169.582708142108686
076_17,s0.377012010132879,s-0.739467696883896,s349.197922965863086
076_18,s0.381254958257587,s-2.674409736176939,s349.634679591657459
076_19,s-0.850405462361786,s-0.805902525176953,s349.198132886083215
076_20,s-1.641804477664935,s1.048868952297041,s169.582708141862980
076_21,s1.482268157328550,s1.175316568758637,s166.050446797895574
076_22,s-1.050429385232566,s0.036188456743036,s169.198134702356754
076_23,s-1.455842039029813,s0.189383012862737,s349.582708559027537
076_24,s0.176350643611025,s-0.906658251935998,s169.634667943330925
076_25,s-1.462714125044271,s-0.851176872700839,s350.361121098807132
076_26,s-0.314533967957355,s-2.674409735394485,s349.634679027020070
076_27,s0.799944514571159,s0.153494960625257,s168.442097328516013
076_28,s-2.234135031902516,s2.073742299878383,s-4151.490782775330445
076_29,s-1.055513833004191,s-0.976932349808162,s163.519755962349620
076_30,s2.248597013274371,s-2.674018965618241,s349.024122764962556
076_31,s1.432641040752729,s0.203569960555857,s168.498838143450200
076_32,s-1.029469191271575,s2.074169722199660,s169.210042488478166
076_33,s-1.714725504626171,s-2.384220966322135,s2996.158169468386859
076_34,s0.384697122354901,s0.244241462361291,s348.532555244469393
076_35,s-0.429703956757502,s0.056766229442922,s169.198132635701171
076_36,s2.252012341466633,s-0.636302691277880,s346.397166649016583
076_37,s0.795089067607599,s-0.835804063162966,s169.634835184693145
076_38,s-1.644123986022807,s-1.023473994621581,s170.422135975685165
076_39,s2.174094105402895,s1.201254868242202,s163.582518859333106
076_40,s1.665343078041632,s0.363402733284938,s346.050446659840077
076_41,s-2.232235598095350,s-0.009668974067686,s170.191897870940977
076_42,s-2.050341595786385,s1.200254418138145,s350.216846170745043
076_43,s0.221250228855517,s2.073756024178246,s168.532555361286711
076_44,s-0.634591030286125,s-2.008930353977817,s169.634678923911707
076_45,s-1.034994543838616,s1.045686427071266,s169.209837761986563
076_46,s-0.427611643308282,s2.074166777199432,s169.205385978639242
076_47,s-0.450817058856670,s-0.975716532124687,s165.661804858198110
076_48,s0.413919847604143,s1.233005634982377,s348.532555347934078
076_49,s0.185454248452985,s1.075278558533906,s168.532555291104188
076_50,s-0.422482333452365,s1.087658690787773,s169.205385221455771
076_51,s-0.214599779169645,s1.251626006434882,s349.205386010333029
076_52,s2.248934657310787,s-1.650525580690710,s348.737515466903801
076_53,s-0.252094895294647,s-0.805702000787796,s349.198124589372583
076_54,s1.069474394934062,s1.276395743396019,s347.156949053095730
076_55,s1.530096882587964,s2.072968766752841,s167.080523847036346
076_56,s0.163373416143335,s0.081988768397056,s169.197922720393080
076_57,s1.406606843221125,s-0.835050951643393,s169.634835837299022
076_58,s-1.643900860267637,s0.018128725012364,s170.192072861561087
076_59,s-2.256464866782656,s-2.125496956185026,s156.370622710979262
076_60,s1.445961412065274,s-1.819988622044773,s169.634835083358155
076_61,s0.990010237296286,s-1.689472282885653,s349.634835568188350
076_62,s-1.450129296925095,s1.216982034382587,s349.582708169832472
076_63,s-2.232235599271438,s1.028633428915924,s170.191896376673469
076_64,s2.256464866782656,s0.320103191459796,s343.582535911731327
076_65,s-1.428211106510608,s-2.202041171889865,s370.789278791953848
076_66,s-0.837686209665614,s0.199258733319356,s349.209836708261093
076_67,s0.388839625535220,s-1.737871542668894,s349.634667991895810
076_68,s-2.232113786540086,s-1.049929004939518,s170.309656747681572
076_69,s2.251054782870421,s2.072968766932754,s167.080523530064141
076_70,s0.806473758453459,s-1.859220344420728,s169.634808006832429
076_71,s-1.043988234595804,s-1.896146415546399,s343.519755806735475
076_72,s2.062546675127258,s-1.818483157805625,s169.024123300481392
076_73,s-0.277606614168383,s-1.794638973343554,s345.661805356271827
076_74,s0.862480531298736,s2.073006817703606,s167.156949190109771
076_75,s-2.050589359062417,s-0.878031119714905,s350.309656646138990
077_0,s1.676853134183975,s-1.645029702404047,s35.937443301190996
077_1,s-0.456570244113632,s2.089813294758409,s215.988538378196409
077_2,s-1.641623289419235,s0.025592884084479,s216.496066383741010
077_3,s-2.268134330044262,s-1.033930249271578,s202.819663729128564
077_4,s-1.052802882723094,s1.061320644043254,s216.089642732899080
077_5,s1.676992169752183,s-0.610770033259946,s35.940398680595621
077_6,s-1.666142251124980,s2.087977985135094,s216.545612768467691
077_7,s2.265141731310367,s-1.622628318423833,s35.983155935473775
077_8,s-2.040553021359429,s-0.857111240999682,s36.496066368589567
077_9,s-1.635106428728314,s-1.007871055071849,s214.623932249004952
077_10,s2.082489970291677,s-0.758015010889157,s215.954987234276530
077_11,s1.082911172092894,s-2.689533320237754,s35.829840271344125
077_12,s-1.460576959616406,s0.197994238157016,s36.496066383747490
077_13,s1.677089833970562,s1.459480985825137,s35.949014220388761
077_14,s0.147420887902926,s2.089823543236470,s216.003565879780297
077_15,s1.493615979327955,s-0.781292858318607,s215.937443301194321
077_16,s-0.447563074763381,s1.061148360929430,s216.089642079671421
077_17,s0.792662318116798,s2.089823543236376,s216.003565879649415
077_18,s1.494269262554240,s0.253347381440240,s215.940399425748552
077_19,s-0.325405613668926,s-1.832795177415436,s216.089642578513718
077_20,s2.267608512493395,s-2.670215322352850,s33.884319793848846
077_21,s0.282074163486358,s-1.836483240164831,s215.905264980131079
077_22,s2.265178156247993,s1.482418482573488,s35.949022676860722
077_23,s2.082494065843091,s1.311753537875230,s215.949022674934724
077_24,s-1.753075240378869,s-2.001015478003799,s216.086845989832341
077_25,s0.372482791001414,s1.271788342887802,s36.003565879778392
077_26,s0.487885823677286,s-1.670063424666302,s35.905264980130283
077_27,s-2.194744855484911,s-1.842064019112583,s22.819663729431994
077_28,s0.902848167341267,s0.230105184833573,s215.940398330063942
077_29,s0.480069100048288,s-2.689697969955513,s35.905264980140345
077_30,s1.088717340208833,s0.400180602343411,s35.940398739087613
077_31,s-0.766534161949810,s-1.755507233484696,s36.089642608102423
077_32,s-2.063566511359788,s1.201750245733221,s36.545613662930947
077_33,s2.082494067191299,s0.276880794117357,s215.949022567534826
077_34,s-0.735752842478434,s-2.689821620407437,s36.086845990248179
077_35,s0.843815603401095,s1.188591811656719,s216.053299710102095
077_36,s-1.444514653577848,s-2.689821620407532,s36.086845989830664
077_37,s-0.131014031706270,s-2.689823541279792,s36.089642578512866
077_38,s-1.447092181336507,s-0.834263404983498,s36.496066383740612
077_39,s-1.060536982121669,s2.089813309625571,s215.988537796913988
077_40,s0.494805096593124,s-0.646618260794625,s35.930248051917630
077_41,s1.088281411353676,s-0.632120538923862,s35.940398330063687
077_42,s-0.158992613980776,s-0.705827083521619,s36.089642523484912
077_43,s-0.868093055292658,s1.232139075324447,s35.988538245565934
077_44,s1.075802420556154,s1.362450669621887,s36.003565879649528
077_45,s-0.119497548996078,s-1.665824829642785,s36.089642524306299
077_46,s-0.361876965288197,s-0.873327200873676,s216.089642524306498
077_47,s1.491997204868784,s-1.816578255264014,s216.260786073502715
077_48,s0.188725415553260,s1.100968528577085,s216.053317402209700
077_49,s0.898876434601850,s-0.801702244083224,s215.838409479613773
077_50,s-0.264055537810874,s1.232176065987050,s35.989574717332772
077_51,s-2.053782947053072,s0.166686539813233,s36.496066390244863
077_52,s2.265178157798921,s-0.587327004980796,s35.949022567540936
077_53,s1.676979111256758,s0.423985248916276,s35.940508051699481
077_54,s0.293883838601842,s-0.814013154901222,s215.909610794828041
077_55,s-0.410259447242307,s0.072750946111665,s216.089642523485054
077_56,s-1.470445679992963,s1.228351681207721,s36.496066383763633
077_57,s1.494247871474824,s1.288097641369818,s215.940508051700135
077_58,s-1.008084673627602,s-0.961711361029906,s216.089642608099098
077_59,s-2.244644919619539,s1.029156982537629,s216.496066390251912
077_60,s-0.221712490637453,s0.242763047845131,s36.089642079671108
077_61,s-0.857986162468665,s0.204590654184178,s36.089642732899193
077_62,s-2.244644919641411,s-0.004066740288259,s216.496066368584337
077_63,s2.082373534666873,s-1.794476363322774,s216.260786729771127
077_64,s1.680595204307825,s-2.678921631083220,s36.260786729764703
077_65,s-1.656576822678384,s1.056804081512912,s216.496066383756897
077_66,s2.265178157799275,s0.447545737907095,s35.949022567535309
077_67,s-1.040314091585711,s0.033488947531242,s216.089642732814355
077_68,s-2.249995397461133,s2.087684367756248,s212.173144344655981
077_69,s-2.151803792211486,s-2.588802563922447,s36.086845989787349
077_70,s0.893247818751035,s-1.831008721406419,s215.833136955785761
077_71,s1.085513064529793,s-1.662352686355776,s35.838391916741983
077_72,s0.436247915420938,s0.317147217735688,s36.053317402184149
077_73,s-0.991979570848979,s-1.919058262618322,s216.086845990189886
077_74,s0.253180941674998,s0.146227090381979,s216.019472431620216
077_75,s-1.431113859788388,s-1.833025984193539,s34.623932249007083
077_76,s-0.818880541666336,s-0.791814399571818,s36.089642732813587
078_0,s1.689944457367087,s1.232654075211295,s32.622706100711348
078_1,s-1.484528207701417,s-0.621404903201541,s35.422685021808768
078_2,s1.423917704783077,s-1.917023869640722,s212.634838915682508
078_3,s0.294606226260208,s-2.707705925478695,s32.617258438065726
078_4,s1.635867229642841,s-2.707714786685808,s32.634838916496953
078_5,s-2.257242831062733,s2.104923932222526,s198.814143124468302
078_6,s0.823719923350375,s0.070431379410986,s212.634730565662494
078_7,s-2.273607439735337,s-1.840183499286878,s212.994920681795264
078_8,s1.644671310201979,s0.201626956314316,s32.725711769497529
078_9,s0.806469073924535,s-0.934381292450917,s212.634838132205999
078_10,s0.364709451716742,s-0.726356289667204,s32.634730565662544
078_11,s-1.064747324780827,s-0.795832126131318,s214.120316652716468
078_12,s0.993684911868861,s-1.759879999495980,s32.634838914287961
078_13,s-0.216226645066095,s0.342625629582399,s32.381830707366582
078_14,s2.279776939718763,s-1.720567055074788,s32.750695600370129
078_15,s-0.897783375671989,s-1.661979365630334,s34.117738996100677
078_16,s0.200160676477439,s0.131039864446370,s212.634730565664569
078_17,s-0.426630557434994,s0.184914296564852,s212.636951683807439
078_18,s2.279670739347625,s-2.707814017763581,s32.830171942713541
078_19,s-2.271564378930933,s-0.815420015138883,s214.660541714929821
078_20,s-0.948600720849074,s-2.707777024772627,s32.757222697123034
078_21,s-1.681042269264883,s-1.832364491781805,s213.026037665795883
078_22,s-0.258534550006069,s-0.667529837304053,s32.636951683814452
078_23,s-1.490780211527089,s-1.664982151764067,s34.120300150074620
078_24,s-0.500861525962547,s-1.843946495434433,s212.571469243858360
078_25,s-1.691265934975035,s1.263433073264412,s216.256808197232573
078_26,s-1.091602440032226,s-1.835818311037091,s212.757222696468261
078_27,s0.753722210338979,s-1.910541411463808,s212.634838914229363
078_28,s1.100208729148001,s1.240564964398871,s32.381830050274338
078_29,s1.550182367111812,s2.105697134950052,s212.622706100666932
078_30,s0.493336411778453,s1.278055228702039,s32.381830707317526
078_31,s0.310631965228363,s2.105577647332770,s212.381830707416583
078_32,s0.107803912559539,s-1.881924481660612,s212.617258438077045
078_33,s0.423428387793193,s0.285824315970159,s32.381830707338615
078_34,s0.950322914482268,s2.105577647011197,s212.381830050283867
078_35,s2.089519602630615,s-1.883130930970958,s212.830196044094862
078_36,s-0.157807228987274,s1.320302755206240,s32.381830707417457
078_37,s-2.121292907407924,s-2.707900663550087,s32.994920681861792
078_38,s2.089549401744437,s0.087671470746993,s212.726901391815716
078_39,s1.449180851734588,s-0.944288577275307,s212.726690934415359
078_40,s-1.678593716429774,s0.235486940634871,s215.422682495458560
078_41,s-0.346880248424956,s-2.707682939556336,s32.571469243809581
078_42,s0.885198019463051,s1.085036872661055,s212.381830050289466
078_43,s-0.907451651754740,s1.446190481178784,s36.186458603953547
078_44,s-0.878490735019260,s-0.629073344863501,s34.120321974560390
078_45,s2.135601440983598,s2.105749369040171,s212.725703164820970
078_46,s-2.279810734943875,s1.290257959666428,s208.925021882300342
078_47,s1.644681784462574,s-0.783289369165134,s32.726690934463981
078_48,s1.044357493698925,s0.225812277386127,s32.381830050296905
078_49,s-1.238989542277179,s2.107900730194693,s216.186458543855508
078_50,s-0.885903100872084,s0.405679984511209,s34.101823600747700
078_51,s2.089550407363071,s1.072602908296430,s212.725711769600451
078_52,s0.172853803856581,s-0.887926706203181,s212.634729466895351
078_53,s0.961065435672662,s-2.707714786690502,s32.634838914213269
078_54,s2.279810423441347,s0.249852271938718,s32.725711769346894
078_55,s0.998326273394365,s-0.772810794476297,s32.634731315118692
078_56,s2.279810434981729,s1.234779156272252,s32.725703165040322
078_57,s-2.082860408755034,s-1.670695851164170,s34.660541715403944
078_58,s-0.370813526704782,s2.105577647331613,s212.381830707446511
078_59,s-2.084514969032084,s-0.644297768531660,s35.421164130660763
078_60,s-1.724037534765979,s2.067044706054072,s200.232117719305052
078_61,s-1.667671053817975,s-0.792488139949731,s215.224794990532928
078_62,s2.089531712310271,s-0.897371530879766,s212.750695600342624
078_63,s-1.087574965971903,s1.272824995337277,s216.186458606740871
078_64,s-0.285653956146021,s-1.687576933745212,s32.636954050834042
078_65,s1.454401335666272,s0.039449017425996,s212.726690934425562
078_66,s1.497618216067263,s1.070851116756572,s212.714361377761719
078_67,s0.251724002854840,s1.128683269385047,s212.381830707339731
078_68,s1.643501149665258,s-1.761322326390827,s32.726690934414016
078_69,s-2.087774944371752,s0.392267661125937,s36.257188483878330
078_70,s-0.398519138014503,s1.170722403244321,s212.381830707371961
078_71,s-2.270727943881348,s0.218083601654578,s215.421164130342589
078_72,s-0.449144199179229,s-0.829388787439846,s212.636954050835897
078_73,s0.347459125322105,s-1.731170291918616,s32.634729466894662
078_74,s-1.486462082709866,s0.408040466358029,s36.221109364054250
078_75,s2.279808827617831,s-0.735100170891695,s32.726901391844528
078_76,s-1.536103533280883,s-2.706135429787299,s32.778362298414997
078_77,s-1.073132786684259,s0.233876902512846,s215.422678995141808
079_0,s1.462351074052468,s0.037361495224060,s124.752645470575217
079_1,s2.414839846219876,s-1.262381279998968,s125.193960662482169
079_2,s-1.401721559430680,s-0.012701361619840,s304.737912851639010
079_3,s1.401838992647007,s-0.588210623589249,s124.737912738014259
079_4,s2.414617415764220,s-0.652975308467822,s124.752645424506383
079_5,s1.543258287959931,s-2.584684288030664,s305.193960739866725
079_6,s1.381931677308215,s-1.209086913518725,s125.193960959983983
079_7,s-1.381575284929168,s0.609052739058211,s305.222706773590971
079_8,s1.544423838909035,s-1.995834049495703,s305.193960766122757
079_9,s-1.463346012027136,s-1.305638900363572,s305.102112682938412
079_10,s-2.414915125302960,s-2.584266888010203,s305.479411788218897
079_11,s-2.414783125719362,s0.662075807524164,s305.222512499888410
079_12,s0.453515239277097,s0.097895666323632,s124.737912876394859
079_13,s2.414854215883616,s1.344709310272744,s125.221642764155476
079_14,s-2.414719148284635,s-1.277619229002664,s305.098546779388073
079_15,s-1.555100745386246,s0.212269580872252,s124.765377512522164
079_16,s1.460432436022205,s1.350954475189893,s125.237614390454141
079_17,s-0.432478690027599,s-2.584684287042156,s305.193961041510875
079_18,s-1.584315054126773,s-2.394562787076662,s125.477256737387250
079_19,s2.414854216598960,s0.678460867425188,s125.221640306963266
079_20,s-0.356362202375117,s0.556423518006620,s305.222706829809852
079_21,s0.639565227948086,s1.157395562116924,s305.237614423216144
079_22,s1.617341375433981,s1.134892467678466,s305.221640564003849
079_23,s2.414668140397218,s-2.439377291531359,s125.186209079314324
079_24,s-0.638876260637622,s-1.758036506827992,s125.193960911808887
079_25,s-1.613451529119724,s-0.407902911735957,s124.765377770417828
079_26,s-1.380806065213916,s1.794890377230409,s305.237614352507194
079_27,s-0.662293540224296,s-1.099681925785897,s125.102112669184692
079_28,s-2.414783125735802,s1.248722142751073,s305.222512306859926
079_29,s0.607067552279911,s-0.125774307767329,s304.737912841046011
079_30,s0.597148580225608,s1.794872700656302,s305.258401262506595
079_31,s1.586831367348932,s1.794854614107350,s305.337992507665433
079_32,s-2.414719147276553,s-1.943948729492264,s305.098546862174317
079_33,s-0.391868594965985,s1.794890376190708,s305.237614785965889
079_34,s1.461166877505235,s0.705834164359415,s125.221639935202901
079_35,s1.614726276824863,s-0.191613876580443,s304.752645347464636
079_36,s1.423735845649577,s1.984656778569476,s125.258401995743071
079_37,s0.515554268421399,s-1.361877203267275,s305.193961096426222
079_38,s-0.607278309663883,s-0.475342582319679,s124.737912844915840
079_39,s-1.544652062367037,s1.395923877613855,s125.222512249583858
079_40,s-1.542640633096818,s0.806115754458345,s125.222512474151145
079_41,s-1.543527519765954,s1.984684287857670,s125.237614432749254
079_42,s1.542867477039837,s-1.406367098508858,s305.193960711923808
079_43,s-0.397655874167872,s-0.067956364848899,s304.737912957795686
079_44,s0.434347431662074,s1.984684288030664,s125.237613611627481
079_45,s-0.477059009021309,s-1.951362068915564,s305.193961064387850
079_46,s-1.461489420410810,s-0.639014874799439,s304.737912847726079
079_47,s-1.617494976432249,s-1.735323895711948,s125.098546768536181
079_48,s0.397167177255986,s-0.530360455589714,s124.737912957001939
079_49,s-2.414552112452343,s-0.609971116114043,s304.765377785289559
079_50,s0.550705758443321,s-0.754089813276181,s304.737912413315371
079_51,s-0.551623041065624,s0.153919740634003,s124.737912992604137
079_52,s1.613851881636008,s0.471101753737760,s305.221639953269118
079_53,s0.392812995655905,s-2.394766453143029,s125.193961058568604
079_54,s0.477928914437587,s1.352075486382921,s125.237614574654742
079_55,s2.414617415263939,s0.011175193105692,s124.752645560150242
079_56,s-0.554590050403660,s1.984684287795524,s125.237614375003375
079_57,s1.380681484301037,s-2.394766454946377,s125.193960841902367
079_58,s2.414839847091851,s-1.849399075487760,s125.193960739250755
079_59,s-2.414748297260068,s1.838846253874465,s305.243520121258030
079_60,s1.381847034265407,s-1.805916216245596,s125.193961111644967
079_61,s-1.615504126020533,s-1.070402987906296,s125.098546628236761
079_62,s0.348227443042549,s-1.761440546324022,s125.193961056226868
079_63,s0.555389801329789,s-2.584684287018522,s305.193960853158615
079_64,s0.356670993679704,s-1.155388382111651,s125.193961099551942
079_65,s-0.510929358742295,s1.352089585292526,s125.237614062694107
079_66,s-0.505285529621729,s-1.315135566725638,s305.193961054658416
079_67,s-0.595110734482981,s-2.394754153944308,s125.208372193321622
079_68,s0.510803176321445,s-1.951363185158952,s305.193961038587020
079_69,s-0.515421217026463,s0.762508082900459,s125.222706960716081
079_70,s-1.420658921965785,s-2.584665145333591,s305.208372546908492
079_71,s1.555357186705744,s-0.812323436122854,s304.752645469824131
079_72,s0.661798084361762,s0.497324530816074,s305.221639476677240
079_73,s2.414915125302960,s1.984551842585141,s125.337989456792855
079_74,s-0.348221318739179,s1.162235269370721,s305.237614311058735
079_75,s-1.460438938302637,s-1.950583422025444,s305.193960960509457
079_76,s-1.381922746714083,s1.206074220802566,s305.237614102017631
079_77,s-0.453210083989259,s-0.696781693212761,s304.737912842448623
079_78,s0.505630744688319,s0.716419730793500,s125.222707191801618
080_0,s1.462351074052468,s0.037361495224060,s124.752645470575217
080_1,s2.414839846219876,s-1.262381279998968,s125.193960662482169
080_2,s-1.401721559430680,s-0.012701361619840,s304.737912851639010
080_3,s1.401838992647007,s-0.588210623589249,s124.737912738014259
080_4,s2.414617415764220,s-0.652975308467822,s124.752645424506383
080_5,s1.543258287959931,s-2.584684288030664,s305.193960739866725
080_6,s1.381931677308215,s-1.209086913518725,s125.193960959983983
080_7,s-1.381575284929168,s0.609052739058211,s305.222706773590971
080_8,s1.544423838909035,s-1.995834049495703,s305.193960766122757
080_9,s-1.463346012027136,s-1.305638900363572,s305.102112682938412
080_10,s-2.414915125302960,s-2.584266888010203,s305.479411788218897
080_11,s-2.414783125719362,s0.662075807524164,s305.222512499888410
080_12,s0.453515239277097,s0.097895666323632,s124.737912876394859
080_13,s2.414854215883616,s1.344709310272744,s125.221642764155476
080_14,s-2.414719148284635,s-1.277619229002664,s305.098546779388073
080_15,s-1.555100745386246,s0.212269580872252,s124.765377512522164
080_16,s1.460432436022205,s1.350954475189893,s125.237614390454141
080_17,s-0.432478690027599,s-2.584684287042156,s305.193961041510875
080_18,s-1.584315054126773,s-2.394562787076662,s125.477256737387250
080_19,s-2.414552113066946,s0.053093016517457,s304.765377556876786
080_20,s2.414854216598960,s0.678460867425188,s125.221640306963266
080_21,s-0.356362202375117,s0.556423518006620,s305.222706829809852
080_22,s0.639565227948086,s1.157395562116924,s305.237614423216144
080_23,s1.617341375433981,s1.134892467678466,s305.221640564003849
080_24,s2.414668140397218,s-2.439377291531359,s125.186209079314324
080_25,s-0.638876260637622,s-1.758036506827992,s125.193960911808887
080_26,s-1.613451529119724,s-0.407902911735957,s124.765377770417828
080_27,s-1.380806065213916,s1.794890377230409,s305.237614352507194
080_28,s-0.662293540224296,s-1.099681925785897,s125.102112669184692
080_29,s-2.414783125735802,s1.248722142751073,s305.222512306859926
080_30,s0.607067552279911,s-0.125774307767329,s304.737912841046011
080_31,s0.597148580225608,s1.794872700656302,s305.258401262506595
080_32,s1.586831367348932,s1.794854614107350,s305.337992507665433
080_33,s-2.414719147276553,s-1.943948729492264,s305.098546862174317
080_34,s-0.391868594965985,s1.794890376190708,s305.237614785965889
080_35,s1.461166877505235,s0.705834164359415,s125.221639935202901
080_36,s1.614726276824863,s-0.191613876580443,s304.752645347464636
080_37,s1.423735845649577,s1.984656778569476,s125.258401995743071
080_38,s0.515554268421399,s-1.361877203267275,s305.193961096426222
080_39,s-0.607278309663883,s-0.475342582319679,s124.737912844915840
080_40,s-1.544652062367037,s1.395923877613855,s125.222512249583858
080_41,s-1.542640633096818,s0.806115754458345,s125.222512474151145
080_42,s-1.543527519765954,s1.984684287857670,s125.237614432749254
080_43,s1.542867477039837,s-1.406367098508858,s305.193960711923808
080_44,s-0.397655874167872,s-0.067956364848899,s304.737912957795686
080_45,s0.434347431662074,s1.984684288030664,s125.237613611627481
080_46,s-0.477059009021309,s-1.951362068915564,s305.193961064387850
080_47,s-1.461489420410810,s-0.639014874799439,s304.737912847726079
080_48,s-1.617494976432249,s-1.735323895711948,s125.098546768536181
080_49,s0.397167177255986,s-0.530360455589714,s124.737912957001939
080_50,s-2.414552112452343,s-0.609971116114043,s304.765377785289559
080_51,s0.550705758443321,s-0.754089813276181,s304.737912413315371
080_52,s-0.551623041065624,s0.153919740634003,s124.737912992604137
080_53,s1.613851881636008,s0.471101753737760,s305.221639953269118
080_54,s0.392812995655905,s-2.394766453143029,s125.193961058568604
080_55,s0.477928914437587,s1.352075486382921,s125.237614574654742
080_56,s2.414617415263939,s0.011175193105692,s124.752645560150242
080_57,s-0.554590050403660,s1.984684287795524,s125.237614375003375
080_58,s1.380681484301037,s-2.394766454946377,s125.193960841902367
080_59,s2.414839847091851,s-1.849399075487760,s125.193960739250755
080_60,s-2.414748297260068,s1.838846253874465,s305.243520121258030
080_61,s1.381847034265407,s-1.805916216245596,s125.193961111644967
080_62,s-1.615504126020533,s-1.070402987906296,s125.098546628236761
080_63,s0.348227443042549,s-1.761440546324022,s125.193961056226868
080_64,s0.555389801329789,s-2.584684287018522,s305.193960853158615
080_65,s0.356670993679704,s-1.155388382111651,s125.193961099551942
080_66,s-0.510929358742295,s1.352089585292526,s125.237614062694107
080_67,s-0.505285529621729,s-1.315135566725638,s305.193961054658416
080_68,s-0.595110734482981,s-2.394754153944308,s125.208372193321622
080_69,s0.510803176321445,s-1.951363185158952,s305.193961038587020
080_70,s-0.515421217026463,s0.762508082900459,s125.222706960716081
080_71,s-1.420658921965785,s-2.584665145333591,s305.208372546908492
080_72,s1.555357186705744,s-0.812323436122854,s304.752645469824131
080_73,s0.661798084361762,s0.497324530816074,s305.221639476677240
080_74,s2.414915125302960,s1.984551842585141,s125.337989456792855
080_75,s-0.348221318739179,s1.162235269370721,s305.237614311058735
080_76,s-1.460438938302637,s-1.950583422025444,s305.193960960509457
080_77,s-1.381922746714083,s1.206074220802566,s305.237614102017631
080_78,s-0.453210083989259,s-0.696781693212761,s304.737912842448623
080_79,s0.505630744688319,s0.716419730793500,s125.222707191801618
081_0,s0.262618097747418,s0.326821646526324,s348.379488944339585
081_1,s-0.006383943399187,s-1.903081938514884,s167.635031015615880
081_2,s1.854688310559976,s-0.830308419724959,s163.277144732287780
081_3,s-0.367137136863297,s-0.703715209967305,s348.208362459025864
081_4,s-0.524430092812003,s1.161134178844294,s168.659209577319842
081_5,s-2.152635849485129,s1.310365037241848,s349.748749646287365
081_6,s0.224352444906441,s-0.708042169551409,s347.637403427768220
081_7,s0.854526474757544,s0.324323929838395,s347.631097647761408
081_8,s-1.543136122411770,s0.288631126782267,s348.961833683090163
081_9,s-0.312654426705427,s1.322691396117990,s348.623075968898775
081_10,s-1.551709101429738,s1.312560595473909,s349.363860811250277
081_11,s-2.337634591824846,s0.102582548455479,s168.945236136564091
081_12,s0.585702309785533,s-1.900323218516440,s167.633378562952117
081_13,s-2.266084643361055,s-1.850836220937029,s346.520505752462441
081_14,s1.937541756129624,s1.082524353759898,s166.298093409509903
081_15,s1.466334662033253,s0.291646459328629,s346.432274976698920
081_16,s1.315179084593065,s1.152285717785517,s166.432274977713746
081_17,s-1.157572007455789,s-0.906132422624022,s167.028196788996780
081_18,s0.625715625147759,s-0.867324157394374,s167.633377484786479
081_19,s1.175298120090612,s-1.897209649455756,s167.418671157520549
081_20,s1.891628634998834,s0.161937398825771,s167.498639564759685
081_21,s-1.665272009985114,s-2.771261382336667,s347.028200370496393
081_22,s0.924324636005066,s1.349029282843074,s347.063791312758383
081_23,s-2.151252957397344,s0.274704360313213,s350.133711757620176
081_24,s1.983710078831891,s2.171148392740540,s167.418999406287242
081_25,s-1.749338327972336,s-0.913247277075135,s167.596517034720449
081_26,s-2.150741866742036,s-0.751849495235248,s348.945055602656907
081_27,s-1.736102215431288,s1.143672679715921,s169.348614484733815
081_28,s0.094783418547332,s1.193036971313065,s168.632803985005665
081_29,s1.367921404938412,s-1.735046894445690,s347.244491213256140
081_30,s-0.557810844302808,s-0.868964090422055,s167.646028359299919
081_31,s-1.728710981010359,s0.121040977744423,s168.946245020505160
081_32,s2.362587871660251,s-0.733700916540443,s203.104325209703688
081_33,s0.665136556129691,s0.161094511578802,s167.633377480057788
081_34,s-2.336734031316870,s2.172359672530821,s169.742345582406585
081_35,s0.145293760176776,s-2.771571836318892,s347.635031015831316
081_36,s1.959691979636208,s-1.697184552446416,s343.277144732103636
081_37,s2.363883561971017,s-1.767709640857581,s203.629377716975853
081_38,s-1.136387719660458,s0.128028041499512,s168.993106281789267
081_39,s-0.595594903388682,s-1.900895051801477,s167.642879348863232
081_40,s1.271940594331245,s0.129798571719116,s167.176325976328144
081_41,s-2.360415788430439,s-2.249908694374110,s156.398926003574729
081_42,s-1.852643862792535,s-1.949272848795510,s167.028200370076632
081_43,s-0.500794892527509,s2.171821042829619,s168.623075968840283
081_44,s0.185642878296358,s-1.740429197707054,s347.635034806979775
081_45,s-1.212350154235271,s-1.924307741089630,s167.028200387572099
081_46,s-1.042846065278467,s-2.771261382494519,s347.028200693626331
081_47,s1.446384672599191,s-0.712849282813456,s347.176325976435578
081_48,s1.836699868985239,s-2.083377629792274,s167.759973946778729
081_49,s-2.338279326473658,s-0.919698378095121,s168.407698753197707
081_50,s1.321505191259027,s-2.771636825556694,s347.759973946491641
081_51,s0.034983560610085,s-0.871287110373173,s167.635034813233688
081_52,s0.071424121493314,s0.161143272116362,s167.763754596764585
081_53,s-2.336333620527160,s1.138869571055450,s170.117374217114815
081_54,s-1.619147620116738,s-1.795923510294650,s347.423366693758567
081_55,s0.775300506217411,s-1.737142516591124,s347.633377484767777
081_56,s-1.001462205970449,s-1.767648213482383,s347.028196789064850
081_57,s0.702044975280318,s1.192271398756422,s167.631097647777466
081_58,s-0.965075259914450,s-0.737839674288665,s348.864658189941224
081_59,s0.733055008148078,s-2.771570958705975,s347.633378562954022
081_60,s-0.331213947871425,s0.318864474465266,s348.659209575255204
081_61,s1.220183731710830,s-0.866794386279641,s167.244491213269526
081_62,s-0.950961666495252,s0.295709820004136,s348.993106262168283
081_63,s-0.406266483195510,s-1.737617081009444,s347.646028359496995
081_64,s-1.128601860928973,s2.172045494969488,s168.993106218420621
081_65,s0.736492727804944,s2.170971933103166,s167.063791312948439
081_66,s1.535187408859594,s1.307865854022060,s347.079442238753359
081_67,s2.333832449723191,s-2.774658354936731,s7.807635577723698
081_68,s2.226492175180792,s-0.431900879114424,s-4714.928800915683496
081_69,s-1.121423052680566,s1.161546037219229,s168.993106210493806
081_70,s2.363126589186621,s1.650091645744922,s336.311433256397095
081_71,s2.313277071743728,s0.178852188641558,s365.434793128704769
081_72,s-0.447251100885551,s-2.771576006901384,s347.642879278750570
081_73,s-1.558886561144160,s-0.745173852211080,s348.884976757151435
081_74,s0.820201035173950,s-0.705214999121774,s347.633377479874412
081_75,s0.281260258776385,s1.359549397460307,s348.632803983164195
081_76,s1.381005416357213,s2.170974305979036,s167.076588257999333
081_77,s-0.932106680215406,s1.328471128339366,s348.993106221027517
081_78,s-1.735076634545390,s2.172279198688357,s169.363860796924314
081_79,s2.329782162518924,s1.243218307342349,s206.323930454876233
081_80,s-0.541493061016733,s0.156762126564064,s168.438473869267597
082_0,s0.265409935856519,s0.325706627485501,s348.539237041490480
082_1,s-0.006241908135690,s-1.903535825694103,s167.621558379845339
082_2,s1.856058175602722,s-0.831930654664296,s163.208474092796365
082_3,s-0.367043619047250,s-0.704606684218599,s348.530032798783623
082_4,s-0.528154243119253,s1.146766959651253,s168.539507073143994
082_5,s-2.157099243529764,s1.306831246864971,s349.881061910336769
082_6,s0.224535510006638,s-0.708441796927580,s347.621590341021829
082_7,s0.859675013729900,s0.322640159374485,s347.621590156639400
082_8,s-1.552633602600432,s0.287589419855794,s349.415532261363012
082_9,s-0.341406511677461,s1.312975517798441,s348.539507073143056
082_10,s-1.559153856129720,s1.314467602557062,s349.579783934307159
082_11,s-2.340514149512168,s0.102608005062584,s169.342473637340788
082_12,s0.585532551647767,s-1.901117517156771,s167.621558386778929
082_13,s-2.267044049354431,s-1.852007939146855,s346.853776812512194
082_14,s1.941546919395970,s1.083054165507212,s166.144971510011288
082_15,s1.469106197048416,s0.288413181981249,s346.312521380680550
082_16,s1.321610265727546,s1.150498248409349,s166.312521380679215
082_17,s-1.158927632224901,s-0.908560973117408,s167.075587522060289
082_18,s0.625798169542967,s-0.867920666533289,s167.621560604975798
082_19,s1.174882381688989,s-1.898488765254977,s167.661880715906989
082_20,s1.894282750749360,s0.161842013961813,s167.359767412321332
082_21,s-1.666103820169630,s-2.771972431735549,s347.078405574076669
082_22,s0.930700162280373,s1.345263390794773,s346.840756892680417
082_23,s-2.155743372202375,s0.273474269986457,s349.874714566074431
082_24,s1.986098960076972,s2.173610682314506,s167.185515672331604
082_25,s-1.751686125357561,s-0.915647049109085,s167.440987072816142
082_26,s-2.153636037355580,s-0.754561208749676,s349.342460895512374
082_27,s-1.742865466410180,s1.144893801577569,s169.576454573386684
082_28,s0.097045563615515,s1.189706074853933,s168.539237041609795
082_29,s1.368331880486249,s-1.735509238352930,s347.236229216471315
082_30,s-0.558987466410236,s-0.870927197672923,s167.618534574028558
082_31,s-1.737086482940499,s0.118498107814229,s169.342482618804894
082_32,s2.363811296602355,s-0.734850944152625,s203.629360059143266
082_33,s0.665530224261694,s0.160488941357353,s167.621590157687820
082_34,s-2.340965822022762,s2.174323905782005,s168.949812192551377
082_35,s0.144935370982764,s-2.772250951377333,s347.621558379792759
082_36,s1.960022757462426,s-1.698932033998600,s343.208474092811628
082_37,s2.363811339868641,s-1.769982193354747,s203.629377730382117
082_38,s-1.142345602792653,s0.125238571358773,s169.258490603395870
082_39,s-0.595710761571774,s-1.901778857782262,s167.618534574013040
082_40,s1.273429278930059,s0.127055283417638,s167.089505072952846
082_41,s-2.363811247993221,s-2.250757817775745,s156.369809957096606
082_42,s-1.853201745737520,s-1.948756824542206,s167.078405574073116
082_43,s-0.513734238395080,s2.174349654021149,s168.539507193626122
082_44,s0.185527900500325,s-1.740863458958849,s347.621558379880469
082_45,s0.088476632527862,s2.174349511285100,s168.539237041893017
082_46,s-1.042502343074745,s-2.771972431918245,s347.078405942154177
082_47,s1.447877371950837,s-0.714061933237812,s347.089505073053090
082_48,s1.836305372820120,s-2.085067173905589,s167.848770434028580
082_49,s-2.341698531772970,s-0.923984579193692,s168.340586450450076
082_50,s1.321854454890670,s-2.772373099926122,s347.848770433515483
082_51,s0.035148966441568,s-0.871637346961486,s167.621558379878763
082_52,s0.072291722272021,s0.159590927487273,s167.621590341021857
082_53,s-2.339927713943588,s1.136291747856801,s169.874714567129331
082_54,s-1.619885270252996,s-1.795871140396217,s347.332135402701226
082_55,s0.774953887275559,s-1.737929722490687,s347.621560604976310
082_56,s-1.001837679359584,s-1.769779625595381,s347.075587522061198
082_57,s0.704876049887755,s1.189037422234162,s167.621590156640167
082_58,s-0.966349817097798,s-0.738803985094971,s349.249134693428402
082_59,s0.732931560032379,s-2.772250951381098,s347.621558386775007
082_60,s-0.330007552998753,s0.313984367589272,s348.539413996100564
082_61,s1.219981931101494,s-0.867700502323709,s167.236229216608507
082_62,s-0.957698209442315,s0.293777410387454,s349.258490687552410
082_63,s-0.406232974956541,s-1.738611570917254,s347.618534574027706
082_64,s-1.138378992026994,s2.174715262234600,s169.140199630018600
082_65,s0.750040407499426,s2.173441385522515,s166.840756892679082
082_66,s1.538619031136814,s1.307394018434944,s347.185513300173625
082_67,s2.338076640117484,s-2.774997537556961,s8.236638802440771
082_68,s2.226651402866820,s-0.433834945607193,s-4714.908584966485250
082_69,s-1.134627437585391,s1.157139798418477,s169.258490687902622
082_70,s2.363811328577693,s1.652338110818608,s336.370621387780545
082_71,s2.315919971669549,s0.178280050148259,s365.385573172247121
082_72,s-0.447309696771888,s-2.772249348202882,s347.618534574010425
082_73,s-1.560419140514580,s-0.746045243119878,s349.258490608439047
082_74,s0.820392184594822,s-0.705868000117684,s347.621590157684011
082_75,s-1.213622083197893,s-1.926390478369644,s167.078405574026050
082_76,s1.388299604523493,s2.173610683665283,s167.185513065913483
082_77,s0.294814601259995,s1.353679460473802,s348.539237041618492
082_78,s-1.743571788566738,s2.174997467575837,s169.579783937009353
082_79,s-0.944278278522381,s1.324754168882082,s349.140199629909318
082_80,s2.335356072221414,s1.242463963869366,s205.873642221465047
082_81,s-0.544484945702967,s0.153394513945085,s168.536909165895253
083_0,s-1.174691536479443,s1.158022126219890,s169.765832876938049
083_1,s-2.285857003387273,s-1.875255867208253,s346.760341633322582
083_2,s1.447524758056094,s1.361858293537069,s348.884123595876190
083_3,s-0.006324749012483,s-0.898813861943764,s168.986744524033185
083_4,s-0.992299304893480,s0.293480856605675,s349.497973659302659
083_5,s-1.872590554153976,s-1.974678628894990,s167.821391097455631
083_6,s-2.365462419861768,s0.089618668793444,s169.293920509004693
083_7,s-1.233544342948077,s-1.940695874081970,s168.853768295078368
083_8,s-1.004534481129552,s-0.743415107788044,s349.005852689600772
083_9,s-1.769151154519353,s0.111692880295318,s169.553102870924732
083_10,s-0.617650319619672,s-1.935048567872386,s168.853768295133676
083_11,s1.376466175995359,s0.321911828156997,s349.055832129641942
083_12,s-1.672234723161482,s-2.791659420683190,s347.821391097631363
083_13,s0.179462920983009,s-0.731095228659123,s348.893408049805487
083_14,s2.347229334853749,s1.377002460519713,s183.781226219685720
083_15,s-0.991412446390701,s1.328928298223050,s349.956951702748484
083_16,s0.602255030002383,s0.141555333131321,s168.893412034566012
083_17,s-0.583720527357975,s0.131354677729483,s169.005771816400511
083_18,s1.182510604913219,s-0.884867503931929,s169.772816243828316
083_19,s2.377258379711257,s-0.724540721854237,s203.629316995861529
083_20,s1.860585089869823,s1.261847447552833,s165.933706989822724
083_21,s1.380672664595026,s-2.785884501495756,s351.108710421080900
083_22,s0.775716092823813,s-2.792950337641949,s349.934184760692176
083_23,s-0.393741629010804,s1.334647397638485,s349.521566012765959
083_24,s-2.365093356111266,s1.121316807387384,s169.750525730212075
083_25,s-1.774907385925016,s2.181533139007199,s170.052142092261477
083_26,s1.864344060380233,s-2.107836877572562,s171.108749322090205
083_27,s-0.577118590086316,s2.195478726721623,s169.521566012897438
083_28,s1.224995290581256,s1.201756912026127,s168.884141417357256
083_29,s1.964591024745597,s0.337853732726470,s349.336559818941225
083_30,s-0.011337189154875,s-1.932951818341912,s169.420817724054615
083_31,s0.172705896363941,s-2.792610366239305,s349.420817724051972
083_32,s-1.044121522457890,s-2.792254427736495,s348.853768295096472
083_33,s1.964570339842767,s-0.689944356166847,s349.354324187357918
083_34,s-1.585255006755036,s0.281826744205812,s349.720772036945675
083_35,s1.245469495359854,s2.195075923031764,s168.884123594240634
083_36,s1.964107355144908,s-1.717656291593628,s349.772665351025864
083_37,s-2.179172503340529,s1.294183408367097,s350.261616397370233
083_38,s-2.182332536064174,s-0.771155076510282,s349.406721446880624
083_39,s0.208844017643937,s1.335932117615410,s349.105698167099320
083_40,s0.589365533093799,s-0.895794822213698,s169.421653269992163
083_41,s2.377258698789844,s0.303151291227014,s203.629377730656984
083_42,s0.619629445528269,s1.175173588940948,s168.862222873195037
083_43,s0.010461515917052,s0.135246429397234,s168.841865671636896
083_44,s0.633903265918203,s2.195075922758204,s168.884123135887620
083_45,s-1.022689852849045,s-1.778218453898068,s348.893496393287762
083_46,s-1.770953613851614,s1.145443580014924,s169.906993093786724
083_47,s-2.366128190036039,s2.160786978156553,s169.798222309214310
083_48,s-0.398207864756864,s0.299694730800418,s349.074221552411416
083_49,s-0.435815155782040,s-2.792254427892058,s348.853768550217126
083_50,s0.027498483176048,s2.195212982646207,s169.105698167855621
083_51,s0.819002794590089,s1.339853800100804,s348.884123135386915
083_52,s0.589263939706816,s-1.931283065065943,s169.934182081135248
083_53,s0.788087246950720,s0.308933280573989,s348.862222873198391
083_54,s2.268700709303483,s1.730671364097903,s327.553196891987170
083_55,s-1.778679708040333,s-0.924670884626413,s169.102909795965189
083_56,s1.774399698492788,s-0.859413845488964,s169.772694063818875
083_57,s-0.430222394063243,s-1.768102612613346,s348.831418798709080
083_58,s2.377258530694935,s-1.749738776621302,s203.629382686984428
083_59,s0.023481204205950,s1.167841271583808,s169.033313147937605
083_60,s-1.178517821196359,s2.194133791656929,s169.781917365783926
083_61,s-0.599771709433288,s-0.902814343189800,s168.831154587588600
083_62,s-1.593466937959511,s-0.756064359178683,s349.250585696179087
083_63,s1.366497377102444,s-0.714522645683709,s349.538157867834002
083_64,s-2.178586576814133,s0.259988717354892,s349.777864250970765
083_65,s0.172832539413283,s-1.763890630834050,s349.420817724135986
083_66,s-2.377255465079085,s-2.275852617555424,s155.355108533107455
083_67,s0.196339735839949,s0.302489893332278,s348.855291460679553
083_68,s2.319546337563571,s-2.798322852259885,s3.917345188159815
083_69,s0.774305469109153,s-0.726389877223336,s349.221700877936314
083_70,s-1.587640256647662,s1.317280049532928,s350.063848980360831
083_71,s-2.366935644199720,s-0.940239691591945,s169.299811044525086
083_72,s-1.642528093105381,s-1.818066414273654,s348.169559745120750
083_73,s1.366886786782854,s-1.746812528792419,s349.772826340591052
083_74,s-1.190336058475175,s-0.911207362505892,s168.893496393296061
083_75,s1.183635624422792,s-1.917696879936304,s169.952528152204422
083_76,s1.191101720374012,s0.153387511009136,s169.221655718943680
083_77,s-1.177139745701336,s0.124012830211393,s169.252810632405698
083_78,s-0.577644623007338,s1.165256946089038,s169.513012133565866
083_79,s-0.413627509709178,s-0.735690750319716,s348.819936387534824
083_80,s1.780160508133068,s0.168994636615289,s169.354318317803092
083_81,s0.772448989336740,s-1.760479355914915,s349.787309323875490
083_82,s1.890442555071035,s2.160898806346752,s168.884123595867663
084_0,s1.439247080325449,s1.385394562712072,s348.995838311006310
084_1,s-2.380982229784519,s2.181690188155636,s4129.597001927269048
084_2,s-1.185676718007344,s1.161622198974937,s169.621883221777182
084_3,s-1.184747341154771,s0.129984118863321,s169.691574436453266
084_4,s1.967606358741519,s0.375141047077620,s350.897069737195636
084_5,s0.801976025173946,s-0.716889293155239,s350.553108402198404
084_6,s-0.404162376222866,s1.336555804779372,s349.633728257410326
084_7,s1.211197771848517,s1.225654964463746,s169.066856063737191
084_8,s0.011644474968960,s0.141108724361883,s169.711012528642300
084_9,s2.353177912785378,s-0.812318946553200,s183.390672866185838
084_10,s0.601475169815959,s-1.926169074123195,s167.530643418685997
084_11,s2.191588226963671,s-0.621542025053602,s3.390672865424791
084_12,s-2.206343623891311,s-2.803344483926351,s348.826558191880054
084_13,s-1.783484874658751,s1.156234571242380,s169.629807119747909
084_14,s-1.001367502528115,s0.299917792157340,s349.688494123162116
084_15,s-1.782087029850565,s-1.937617000861564,s169.137175987052046
084_16,s1.216409313428086,s-0.874746440383660,s170.129385641634201
084_17,s-0.999666227432741,s-0.730940368166556,s349.691625427814131
084_18,s0.197630240688013,s-0.720289554649572,s349.795513976980033
084_19,s-1.598021539180414,s-0.736194838011542,s349.691574123923942
084_20,s-1.783107716632147,s0.124683928908795,s169.689310097740758
084_21,s0.008283863366842,s-1.926062444578816,s168.235821857818763
084_22,s-1.596722625453058,s-1.767512709657898,s349.643863781268522
084_23,s1.332116038545179,s-2.802284992520756,s347.285594791775679
084_24,s-2.381863159069061,s-1.942092994893424,s168.826558191848761
084_25,s1.198570035589705,s0.170825571305175,s170.553308430359436
084_26,s1.833838375632869,s-0.904773553311437,s166.797723817651416
084_27,s0.607490211097759,s1.179736690406432,s169.708377055243005
084_28,s1.878115591717129,s2.188990025340058,s168.995838310020929
084_29,s-0.401242569623333,s-0.725637447227698,s349.711004445039521
084_30,s0.792351492219414,s0.318592554876917,s349.708377055241272
084_31,s-0.587932518020672,s2.198001845583792,s169.616479586829030
084_32,s1.972448918995125,s-1.775610101972207,s346.797723817648944
084_33,s-1.783546055136743,s2.187390782178108,s169.630707246715275
084_34,s2.030349562306222,s-2.797561630309449,s-15847.410738147529628
084_35,s-1.017521623245015,s-2.801377951023298,s348.267675320320564
084_36,s-0.586441618129751,s0.135337080983663,s169.701593246123650
084_37,s-1.002101971686516,s1.331328747217433,s349.621883220885309
084_38,s0.611025776139522,s2.203351067303025,s169.442260468118207
084_39,s1.381684716890994,s-1.763785710776079,s347.476725883702215
084_40,s-2.195371539440171,s-1.771827055844385,s349.635614362613751
084_41,s0.801706804224152,s1.348093117288809,s349.442260468166808
084_42,s2.381910159750797,s0.349829461490374,s203.629377724518662
084_43,s-0.587496593197645,s-1.928483149641572,s168.749258842807478
084_44,s-1.185805047843422,s-1.932694081356606,s168.823459831272288
084_45,s1.190507840026019,s-1.929771601823948,s167.294229281264649
084_46,s-1.183034265710960,s-0.900870243521176,s169.691625427801768
084_47,s1.225494046256446,s2.203068505849295,s168.995838311244569
084_48,s-0.584553122430836,s-0.895629333003191,s169.711004444977675
084_49,s-2.380944339945684,s-0.911675408661461,s169.631408554329624
084_50,s-2.380946100755167,s1.150323235715369,s169.629807116711959
084_51,s-1.185731927396337,s2.192750360535236,s169.612150126185725
084_52,s0.194974931138221,s0.311126454849689,s349.708377055203528
084_53,s1.787853314026817,s0.201388230481505,s170.897069737176366
084_54,s-0.998666758064562,s-1.762722991326520,s349.590521975310878
084_55,s-1.609368537107920,s-2.803469660408973,s349.030327213121780
084_56,s-0.403082413588428,s0.305302605538593,s349.695941665910709
084_57,s0.193794288105632,s1.342310601514209,s349.631020637476354
084_58,s0.014570620046270,s-0.890551632905266,s169.795513976130053
084_59,s0.616603032297732,s-0.890416752372683,s169.293797735546178
084_60,s-1.599618322591392,s0.294627063335722,s349.658097687258817
084_61,s-0.426529984825205,s-2.802769105294536,s347.898509370315310
084_62,s2.381910159766205,s-1.825485030933467,s203.629377730618955
084_63,s0.009764034970743,s2.203474384828803,s169.631020637107923
084_64,s-1.781389729617409,s-0.906124549174443,s169.691574123940342
084_65,s-0.400870453671732,s-1.759006856160403,s349.419219045805562
084_66,s0.608972356827216,s0.148271871087974,s169.795629504684911
084_67,s1.780469984204168,s-1.937220382707318,s167.099454094708591
084_68,s0.010108631755164,s1.172406020174145,s169.679594154681809
084_69,s2.348252924308447,s1.436609637038083,s-1618.111148441587602
084_70,s2.253280911394646,s1.751630058490320,s325.833105668993198
084_71,s0.196608699789108,s-1.757293102674033,s349.157929920036338
084_72,s-0.587708627297853,s1.166775239674182,s169.643065377790720
084_73,s-2.197339552911596,s0.288875531213326,s349.629807119976306
084_74,s-2.380945112377269,s0.119149941127292,s169.630706004142496
084_75,s0.791774912202511,s-1.760475637218427,s348.178687083467707
084_76,s-1.599899745990181,s1.325963076568027,s349.630499831439465
084_77,s-2.197394089686078,s1.320059195792040,s349.630849203959883
084_78,s0.160415268279235,s-2.801735357399355,s347.530643418690829
084_79,s1.856276720401030,s1.303473028125513,s168.862825432161031
084_80,s1.380247746089572,s0.343666328626728,s350.310869612213082
084_81,s0.745210372598338,s-2.800065291759871,s347.291852013077460
084_82,s-2.196922586199678,s-0.742025286985739,s349.631403047426090
084_83,s1.399695895124107,s-0.695485238776447,s351.427595611724485
085_0,s-1.495154390993128,s1.896198679554850,s259.424385118718021
085_1,s-1.429319516717253,s-2.287255544631038,s259.853711678835623
085_2,s0.634118860840578,s-2.287792454741182,s259.673620937865735
085_3,s0.452508594194913,s-1.499197091253778,s80.063435142248764
085_4,s1.619759160685244,s0.108294740257271,s259.735941961687388
085_5,s1.460323995797805,s-0.303699249005614,s79.850840389116200
085_6,s-1.599736883897751,s-2.102967783146641,s79.687498588638888
085_7,s0.416763496107211,s0.288908251302123,s79.934888589537834
085_8,s-0.433785118692427,s-0.496583592950625,s260.060296822533360
085_9,s-0.408165959955037,s-1.688404585815693,s260.063433113219730
085_10,s1.658832764586847,s-2.277602237464125,s259.673620642469530
085_11,s0.439528040233384,s-0.903264234704881,s80.060296918994482
085_12,s2.473249410784311,s0.886949418227265,s79.606426124951426
085_13,s1.643416711225566,s-1.081213729939996,s259.882416505714957
085_14,s0.464362712501002,s-2.095544522939602,s80.033508292741516
085_15,s0.476943618198322,s-2.691677872555040,s80.033512343290226
085_16,s1.440317797472485,s0.887338335721191,s79.688173895556886
085_17,s0.578189577945992,s0.702482998119980,s259.781945284458232
085_18,s-0.567332233785278,s-2.101675262876098,s79.878213214405449
085_19,s-0.535145629216621,s-2.691692763994636,s80.017283167653460
085_20,s0.571016505214973,s1.299977947017197,s259.688118712869482
085_21,s2.499257695184103,s2.092065166475820,s-2810.099300208420118
085_22,s1.602602027225131,s1.300403434322306,s259.639055863239378
085_23,s-2.520672601531379,s1.288116557247620,s259.781824487925121
085_24,s-0.466253855640149,s1.896922139410162,s259.637315243042963
085_25,s2.482439966031354,s0.291669365059117,s79.674441717688779
085_26,s-1.476426717794729,s0.094196077675000,s259.941175731678243
085_27,s2.465585636014967,s1.483329101615926,s79.580082374455245
085_28,s-1.454438323365491,s-1.098092128348971,s259.929253091619159
085_29,s-1.655774008073096,s0.875624237032262,s79.767094261437549
085_30,s-1.612488994761928,s-1.509500171030356,s79.750513468320264
085_31,s-0.636149056298351,s2.081231693036531,s79.424385199874877
085_32,s-1.484965354302833,s0.692057620990526,s259.945696776099226
085_33,s-2.520437567978690,s1.892358736565579,s259.424384866233254
085_34,s0.610666564833696,s-1.085707608779319,s260.013198490008108
085_35,s-0.604905376113879,s-0.314237837536162,s80.039873976037995
085_36,s1.630802052160216,s-0.486748896555019,s259.809244443822479
085_37,s-1.625164956654996,s-0.915226267409910,s79.873547561772725
085_38,s-2.477483472635379,s-1.690625149150496,s259.547878413231047
085_39,s0.394925392095240,s2.080995345408040,s79.637315261693772
085_40,s-1.637159608521056,s-0.319978706976320,s79.927742162024373
085_41,s1.656147913194126,s-1.675992775095921,s259.933305176276633
085_42,s-1.441877054599870,s-1.692781786450115,s259.878213775339361
085_43,s1.449508382853921,s0.291563600349367,s79.782290730414758
085_44,s-0.421059893355372,s-1.092616707732303,s260.063433601727297
085_45,s0.427373088475230,s-0.307531411955909,s79.977803176087463
085_46,s-1.580676015850761,s-2.691920651701007,s79.806438479396419
085_47,s-0.444177249321341,s0.100669105874852,s259.977802108155061
085_48,s1.596022157891710,s1.897401601794738,s259.602554239319488
085_49,s0.587527227893844,s0.105955361120037,s259.850840331787140
085_50,s-0.624631348326670,s0.880537195269598,s79.945696780618519
085_51,s0.407661244488424,s0.885638625343526,s79.805195824057975
085_52,s-0.460213657655143,s1.297000520508063,s259.805316860271830
085_53,s0.564681378356025,s1.897466313838676,s259.637315257405362
085_54,s-1.664063900999216,s2.081231693485770,s79.424384912225051
085_55,s2.520188573093693,s-2.091767103698174,s79.440126829012272
085_56,s-2.516522096289328,s0.688923610021143,s259.672699762456148
085_57,s1.488960518670331,s-2.094180808353773,s79.673620779610559
085_58,s-2.490003626534997,s-1.098161679587849,s259.627894294451039
085_59,s-2.501396403575366,s-0.504425151067931,s259.671293033211100
085_60,s1.610247285196163,s0.703901058696621,s259.672089742259118
085_61,s0.400942103262374,s1.483384629002592,s79.728426380603906
085_62,s-0.396205533104693,s-2.284594861233805,s260.033508858307982
085_63,s2.506199123497579,s-0.896398344192240,s79.809244247804685
085_64,s-1.466381802559835,s-0.502661522308287,s259.951978167497771
085_65,s1.426377544384478,s2.081033603474727,s79.602552932726852
085_66,s-1.660487939486033,s1.475120814749564,s79.781824567113603
085_67,s1.432727634020820,s1.483947890523647,s79.668260729314795
085_68,s2.520672601531379,s-2.692065166475819,s79.673620663748110
085_69,s1.552270174939476,s-2.691748752259146,s2599.791822781198334
085_70,s-0.615135500718572,s0.283206336929588,s80.007436734735421
085_71,s0.623635096962235,s-1.681513613405566,s260.048434972572409
085_72,s0.598243919842543,s-0.490194907345921,s259.937826893325564
085_73,s1.485350423612882,s-1.493326200175945,s79.958044656433614
085_74,s1.472693273015536,s-0.898379876634340,s79.929980857312017
085_75,s-2.510573632083251,s0.091101925745527,s259.688189429204044
085_76,s-0.453883691773180,s0.697890327322484,s259.936377138078058
085_77,s2.493541721811771,s-0.302690345604728,s79.744193311104581
085_78,s2.518931229837897,s-1.490429369668033,s79.828102881081634
085_79,s-0.592180388507545,s-0.910332508852419,s80.057231834197239
085_80,s-2.464713421540877,s-2.284136600328837,s259.806438028563150
085_81,s-1.490170605816727,s1.292002710930418,s259.807438160154788
085_82,s-0.579319878683833,s-1.505941631600181,s80.008433741592128
085_83,s-0.630515253079538,s1.480032482461413,s79.807437991678427
085_84,s-1.647154410043764,s0.276826401267700,s79.940045669121659
086_0,s-1.297034555098109,s-2.190726068086733,s248.355744425486137
086_1,s0.766265344507413,s0.971337769659111,s68.354744720836095
086_2,s-0.382473219074976,s-2.256993049294197,s68.352248589305475
086_3,s-1.547653306187859,s2.052664856899621,s68.221595274821595
086_4,s-1.301849550806818,s-0.575313812157511,s248.402805943952103
086_5,s-1.306230121119366,s2.117755643039366,s248.224051340535880
086_6,s0.769857510114522,s-0.106650135416971,s68.424606200106211
086_7,s1.007739857586240,s2.117443953592852,s1688.141409659941701
086_8,s0.774662830171572,s-1.184981136044971,s68.479477872693508
086_9,s1.840637284518596,s-2.305456672929374,s10873.001659438046772
086_10,s-0.148865908140212,s0.501939759690008,s248.331809474818272
086_11,s1.920682373828612,s1.515109121007074,s68.358337176074727
086_12,s-2.460595031046949,s-2.723601748373969,s246.370625878689907
086_13,s-0.392870644660017,s2.052319575162223,s68.260680649208979
086_14,s-1.547541418511162,s1.514050101321294,s68.208198814602937
086_15,s-0.140883425733387,s-2.190767245409210,s248.373525500987512
086_16,s2.405347065887903,s0.350754941984186,s329.379563403258373
086_17,s0.776691481573437,s-1.724380744564633,s68.387321440141875
086_18,s-2.456820908314523,s-1.113704435294602,s248.357214637019183
086_19,s-1.305637002335679,s1.040619380546178,s248.261634603123952
086_20,s-2.460503711148891,s1.040747689849174,s248.215310721506683
086_21,s-0.147362519631489,s-0.036729555071304,s248.387506875145448
086_22,s-2.460515738280055,s2.117751188067900,s248.225992036315915
086_23,s2.367149397664669,s-2.074294760934487,s1588.302917655065357
086_24,s2.396398868476182,s-2.834308480345029,s-391.367034289575031
086_25,s-0.142532110202320,s-1.652255769566575,s248.376085582240847
086_26,s-0.144148858230242,s-1.113712753664651,s248.367533562143848
086_27,s1.018896054087460,s-1.658163039855454,s248.276785431577935
086_28,s-0.383946054614434,s-1.718252126086315,s788.393768494008555
086_29,s-1.298716554261043,s-1.652328605105015,s248.397974282923798
086_30,s-2.458476952165448,s-0.575284350362968,s248.391345278512091
086_31,s-2.459883397629073,s-0.036539868919963,s248.307891039171352
086_32,s1.911008234308974,s2.107978884117369,s-2810.728122233203521
086_33,s2.437926232138895,s1.164727221799231,s-1290.526749962741178
086_34,s-0.148266407442100,s-2.723597321964867,s246.371097109338649
086_35,s-0.390379517838221,s0.436290054670949,s68.363852215002055
086_36,s0.771885217471861,s-0.645396644854488,s68.437256669621576
086_37,s-0.149888265198886,s1.040585756099120,s248.285396629117770
086_38,s1.927368503157727,s-0.101425345813541,s68.640277531022605
086_39,s1.928492279436778,s-0.641836319275575,s68.329217833648840
086_40,s-0.391527015236434,s0.974911695765410,s68.322992507417283
086_41,s0.779084673185199,s-2.262548461212644,s68.520278590881233
086_42,s2.409578876849116,s1.414085245348554,s329.735278880382737
086_43,s2.430371987935968,s-0.719879916056308,s1771.444617036738691
086_44,s-0.145706146767226,s-0.575177432923427,s248.362182240602067
086_45,s-1.543531331202937,s-0.641123591746749,s68.384483791372290
086_46,s-0.151135594431861,s2.117576634828453,s248.303144012897320
086_47,s-0.385572454536425,s-1.179685073227157,s68.355921580629015
086_48,s1.007267694645022,s1.577552351481222,s248.327057364193990
086_49,s-0.392155507950856,s1.513485684858085,s68.279946124635103
086_50,s1.924237583033977,s0.437203056218055,s68.446954347279245
086_51,s2.437201753743885,s2.234308480345029,s146.820486872402171
086_52,s2.460595031046949,s-0.992135476917731,s-574.500105701768007
086_53,s-2.455109007019625,s-1.652352117653001,s248.405840396139894
086_54,s1.479064352709515,s-2.707164936069081,s-2625.999488667538117
086_55,s-1.304884000826345,s0.502006122413226,s248.296969085994476
086_56,s1.008091856749431,s1.037881215666180,s248.514394015212986
086_57,s2.437038924165474,s0.096999791604231,s-208.869974559474286
086_58,s0.767883036340581,s0.432774859756527,s68.452735340717638
086_59,s1.010116133601794,s0.498782942289964,s248.418845356260363
086_60,s-1.538689342843122,s-2.257020638070814,s68.381933621297861
086_61,s-1.306017902168469,s1.579255645194683,s248.218083644695128
086_62,s1.017224765068769,s-1.118966327797917,s248.395210910301159
086_63,s1.931574696540582,s-1.719998730516202,s68.324303419458218
086_64,s0.764363265511045,s1.512592905265048,s68.239675102014473
086_65,s2.351565471954768,s-1.814491881060826,s1765.334121924817055
086_66,s-0.150461383645580,s1.579242974315295,s248.236192617579064
086_67,s-1.545202434932576,s-0.102296269361127,s68.365071256665146
086_68,s-1.540154556821956,s-1.718241647035568,s-2091.594675218884277
086_69,s0.764093133198197,s2.052555506419532,s68.320856928966123
086_70,s1.921821380753150,s0.976195250635839,s68.509674489718932
086_71,s-1.541908466834788,s-1.179757147522238,s68.373473825602943
086_72,s0.654470619346945,s-2.674369692498228,s254.097368831829414
086_73,s-1.300260867136450,s-1.113627369711504,s248.330054729693870
086_74,s1.012646349131717,s-0.040676659023258,s248.605244475152972
086_75,s-2.460477591785203,s1.579367959096655,s248.177645299495936
086_76,s1.015279809324726,s-0.578642674305472,s248.322924450945351
086_77,s-1.546638194276580,s0.436707209090261,s68.264821353624654
086_78,s-2.453263722682233,s-2.190803339109025,s248.383283101264965
086_79,s-0.388977878950461,s-0.102374346855116,s68.380357012645092
086_80,s1.930010148452455,s-1.180767752476670,s68.397649844241343
086_81,s-2.460401686260833,s0.502264611796493,s248.203163084192113
086_82,s-1.303618933395965,s-0.036715103463604,s248.371891980724428
086_83,s-1.304499099756393,s-2.723601809731671,s246.370622299661846
086_84,s-1.547207703923911,s0.975447762415697,s68.254003743136153
086_85,s-0.387223671992585,s-0.641012768210032,s68.402663017733985
087_0,s1.939166571978683,s0.512240538766052,s155.624725644115955
087_1,s2.476385984350597,s-0.663484938491197,s155.872919615033965
087_2,s1.325776071322581,s2.151737947363531,s63.068727289938650
087_3,s-1.293122440814316,s1.667157532940967,s155.606928657587616
087_4,s-1.832367816628931,s-1.883037325831664,s156.035037412217548
087_5,s-1.396327539003532,s2.094458413028522,s57.499178437359731
087_6,s0.805861049173047,s0.772506954592115,s335.713927540393911
087_7,s0.323678083749545,s-0.678396554676517,s155.403889218426741
087_8,s-0.271712379214011,s0.761641760938352,s335.512512825479575
087_9,s-1.291247331276164,s0.488217431750683,s155.380601674707805
087_10,s-0.273257072786130,s-1.595681644343222,s335.274431447818472
087_11,s-2.362590734536737,s-0.680951903163447,s153.167837759166531
087_12,s-2.361360408462650,s0.491825986895204,s152.946478885433919
087_13,s-1.828954496159539,s-0.689690929959526,s154.889185548526399
087_14,s-1.350119102395603,s-1.601433908507216,s335.330870588709956
087_15,s-1.029271303665545,s2.155249647546499,s244.375763632631845
087_16,s-0.214256488232786,s0.495705417260447,s155.388508916838560
087_17,s-1.886034199589809,s-2.799014757621101,s336.035011055491623
087_18,s0.862657870303221,s0.503047125634924,s155.446046752634459
087_19,s-0.753148027326540,s-0.685684550078520,s155.336192946826060
087_20,s0.324384501252113,s0.499161228212247,s155.362581266107753
087_21,s1.937962691984924,s1.704683386655886,s-564.080338187815073
087_22,s2.413096853955625,s-1.590324887463467,s333.096635539894521
087_23,s0.804992329881830,s-0.410232428854542,s335.350694345992167
087_24,s-2.392898906803829,s1.663923723147304,s153.826132299843550
087_25,s0.861420881705044,s1.688526809057473,s155.728223363084226
087_26,s1.401217705738059,s0.507210784422867,s155.424934128809895
087_27,s-0.754337516113740,s-1.866271306831850,s155.623918709420821
087_28,s1.399538766637201,s1.696103994736061,s155.894749289555932
087_29,s2.410459618083299,s0.779812562385653,s331.881061789181501
087_30,s0.273334572622586,s2.193214388057429,s-3351.623018940018937
087_31,s-0.810348254020852,s0.756999491531621,s335.478390352175836
087_32,s0.862325370500714,s-0.674775454122258,s155.352190529959955
087_33,s-0.215393557914036,s-1.861126070521802,s155.459536722591736
087_34,s-0.754177429868416,s1.672569610170656,s155.556362878766379
087_35,s-1.887426074091378,s-0.428069141343454,s335.391195054206946
087_36,s1.343692615145754,s-2.762792395324782,s-384.575712503480588
087_37,s0.265391289777726,s-1.592795370379345,s335.325139235628342
087_38,s-1.887561116245662,s0.748439421772321,s335.417999487230475
087_39,s2.423965940022173,s-2.796224961262054,s332.302094986350369
087_40,s1.344934275811027,s0.780275232656775,s335.925913958396393
087_41,s-0.099380579972936,s2.087393726160159,s58.112130334092470
087_42,s-0.810403085877332,s-0.420658924093300,s335.396094859548214
087_43,s1.883559562159265,s0.789149290852458,s335.933394812311576
087_44,s0.861831421021302,s-1.853081458948907,s155.378896092952431
087_45,s-1.836198775737237,s1.666499594341007,s156.072561603669726
087_46,s1.598482250612830,s2.208681938736945,s-476.023242645155449
087_47,s-1.348954900697536,s-0.424374401944343,s335.378860589821727
087_48,s0.804603324653846,s-2.765709972653986,s335.411298555814767
087_49,s-0.809917254059481,s-2.781213903009037,s335.756683463370962
087_50,s0.266268146970779,s-2.769941024976054,s335.471060805612296
087_51,s-2.358248796350792,s-1.873298980341606,s151.689539958435205
087_52,s-1.291541207840137,s-0.688730452683533,s155.294428277262739
087_53,s-1.888478070999578,s-1.604877250121597,s335.384018757523904
087_54,s1.342852964280427,s-1.585582917553348,s335.489851054337976
087_55,s-0.271965605215938,s-2.774900750102796,s335.565388853069294
087_56,s-2.425872708328678,s-0.431920024485201,s335.412216586441673
087_57,s-2.535230629485217,s2.138163183819943,s-9457.339219142339061
087_58,s-0.752784396570163,s0.491942608496014,s155.396554348345035
087_59,s1.343498749395930,s-0.406865822973298,s335.349431787510298
087_60,s1.882251419424146,s-0.403096070062367,s335.439411088589907
087_61,s1.883192885767483,s-2.758839464047488,s-1464.459388834387482
087_62,s1.939694201937031,s-0.668803448155291,s155.224589790833136
087_63,s-2.425095654868659,s0.742769490151353,s335.762850731922754
087_64,s2.474707306274714,s0.523127384450481,s156.653676962112343
087_65,s2.476886445319515,s-1.840165868676428,s155.644685392243389
087_66,s0.323210592276260,s-1.856913861527770,s155.421730036279087
087_67,s-1.829775768368258,s0.484537662204220,s155.387624664420571
087_68,s-0.271909624624470,s-0.416880693750701,s335.392110545122591
087_69,s-0.214785411065461,s-0.682199791839934,s155.389209710243335
087_70,s1.400884703701345,s-0.671482187169059,s155.333082513695018
087_71,s0.323407560152950,s1.682771966134708,s155.497151185072369
087_72,s-0.215768273138009,s1.678113206772757,s155.607563953796273
087_73,s-0.811717371249771,s-1.598423656674209,s335.292287764876107
087_74,s2.412776400357060,s-0.411464454797314,s332.646820946628850
087_75,s1.938716803515120,s-1.845775402893463,s155.529541977998406
087_76,s0.803956067431177,s-1.589567480312198,s335.346186576579214
087_77,s-1.347757888128828,s-2.789470374423748,s335.978498726467592
087_78,s1.880387319557920,s-1.582505668348198,s335.137905686016779
087_79,s-1.293680978449048,s-1.873673658596523,s155.943647053258957
087_80,s1.400638017138335,s-1.850134423844768,s155.377324399791576
087_81,s-1.348966412163259,s0.752567900295495,s335.446978970761279
087_82,s2.535230629485217,s2.184379547805094,s-7851.455882295611445
087_83,s-2.422752124475237,s-1.615649559620194,s336.860542452901882
087_84,s0.266396316724321,s-0.413450594638682,s335.319322670397639
087_85,s0.266854281233247,s0.766619899328356,s335.528833655598078
087_86,s2.475208037890031,s1.715574266713720,s156.411189332367314
088_0,s1.939166571978683,s0.512240538766052,s155.624725644115955
088_1,s-2.424548117022868,s-2.808681938736945,s336.012088075599934
088_2,s2.476385984350597,s-0.663484938491197,s155.872919615033965
088_3,s1.325776071322581,s2.151737947363531,s63.068727289938650
088_4,s-1.293122440814316,s1.667157532940967,s155.606928657587616
088_5,s-1.832367816628931,s-1.883037325831664,s156.035037412217548
088_6,s-1.396327539003532,s2.094458413028522,s57.499178437359731
088_7,s0.805861049173047,s0.772506954592115,s335.713927540393911
088_8,s0.323678083749545,s-0.678396554676517,s155.403889218426741
088_9,s-0.271712379214011,s0.761641760938352,s335.512512825479575
088_10,s-1.291247331276164,s0.488217431750683,s155.380601674707805
088_11,s-0.273257072786130,s-1.595681644343222,s335.274431447818472
088_12,s-2.362590734536737,s-0.680951903163447,s153.167837759166531
088_13,s-2.361360408462650,s0.491825986895204,s152.946478885433919
088_14,s-1.828954496159539,s-0.689690929959526,s154.889185548526399
088_15,s-1.350119102395603,s-1.601433908507216,s335.330870588709956
088_16,s-1.029271303665545,s2.155249647546499,s244.375763632631845
088_17,s-0.214256488232786,s0.495705417260447,s155.388508916838560
088_18,s-1.886034199589809,s-2.799014757621101,s336.035011055491623
088_19,s0.862657870303221,s0.503047125634924,s155.446046752634459
088_20,s-0.753148027326540,s-0.685684550078520,s155.336192946826060
088_21,s0.324384501252113,s0.499161228212247,s155.362581266107753
088_22,s1.937962691984924,s1.704683386655886,s-564.080338187815073
088_23,s2.413096853955625,s-1.590324887463467,s333.096635539894521
088_24,s0.804992329881830,s-0.410232428854542,s335.350694345992167
088_25,s-2.392898906803829,s1.663923723147304,s153.826132299843550
088_26,s0.861420881705044,s1.688526809057473,s155.728223363084226
088_27,s1.401217705738059,s0.507210784422867,s155.424934128809895
088_28,s-0.754337516113740,s-1.866271306831850,s155.623918709420821
088_29,s1.399538766637201,s1.696103994736061,s155.894749289555932
088_30,s2.410459618083299,s0.779812562385653,s331.881061789181501
088_31,s0.273334572622586,s2.193214388057429,s-3351.623018940018937
088_32,s-0.810348254020852,s0.756999491531621,s335.478390352175836
088_33,s0.862325370500714,s-0.674775454122258,s155.352190529959955
088_34,s-0.215393557914036,s-1.861126070521802,s155.459536722591736
088_35,s-0.754177429868416,s1.672569610170656,s155.556362878766379
088_36,s-1.887426074091378,s-0.428069141343454,s335.391195054206946
088_37,s1.343692615145754,s-2.762792395324782,s-384.575712503480588
088_38,s0.265391289777726,s-1.592795370379345,s335.325139235628342
088_39,s-1.887561116245662,s0.748439421772321,s335.417999487230475
088_40,s2.423965940022173,s-2.796224961262054,s332.302094986350369
088_41,s1.344934275811027,s0.780275232656775,s335.925913958396393
088_42,s-0.099380579972936,s2.087393726160159,s58.112130334092470
088_43,s-0.810403085877332,s-0.420658924093300,s335.396094859548214
088_44,s1.883559562159265,s0.789149290852458,s335.933394812311576
088_45,s0.861831421021302,s-1.853081458948907,s155.378896092952431
088_46,s-1.836198775737237,s1.666499594341007,s156.072561603669726
088_47,s1.598482250612830,s2.208681938736945,s-476.023242645155449
088_48,s-1.348954900697536,s-0.424374401944343,s335.378860589821727
088_49,s0.804603324653846,s-2.765709972653986,s335.411298555814767
088_50,s-0.809917254059481,s-2.781213903009037,s335.756683463370962
088_51,s0.266268146970779,s-2.769941024976054,s335.471060805612296
088_52,s-2.358248796350792,s-1.873298980341606,s151.689539958435205
088_53,s-1.291541207840137,s-0.688730452683533,s155.294428277262739
088_54,s-1.888478070999578,s-1.604877250121597,s335.384018757523904
088_55,s1.342852964280427,s-1.585582917553348,s335.489851054337976
088_56,s-0.271965605215938,s-2.774900750102796,s335.565388853069294
088_57,s-2.425872708328678,s-0.431920024485201,s335.412216586441673
088_58,s-2.535230629485217,s2.138163183819943,s-9457.339219142339061
088_59,s-0.752784396570163,s0.491942608496014,s155.396554348345035
088_60,s1.343498749395930,s-0.406865822973298,s335.349431787510298
088_61,s1.882251419424146,s-0.403096070062367,s335.439411088589907
088_62,s1.883192885767483,s-2.758839464047488,s-1464.459388834387482
088_63,s1.939694201937031,s-0.668803448155291,s155.224589790833136
088_64,s-2.425095654868659,s0.742769490151353,s335.762850731922754
088_65,s2.474707306274714,s0.523127384450481,s156.653676962112343
088_66,s2.476886445319515,s-1.840165868676428,s155.644685392243389
088_67,s0.323210592276260,s-1.856913861527770,s155.421730036279087
088_68,s-1.829775768368258,s0.484537662204220,s155.387624664420571
088_69,s-0.271909624624470,s-0.416880693750701,s335.392110545122591
088_70,s-0.214785411065461,s-0.682199791839934,s155.389209710243335
088_71,s1.400884703701345,s-0.671482187169059,s155.333082513695018
088_72,s0.323407560152950,s1.682771966134708,s155.497151185072369
088_73,s-0.215768273138009,s1.678113206772757,s155.607563953796273
088_74,s-0.811717371249771,s-1.598423656674209,s335.292287764876107
088_75,s2.412776400357060,s-0.411464454797314,s332.646820946628850
088_76,s1.938716803515120,s-1.845775402893463,s155.529541977998406
088_77,s0.803956067431177,s-1.589567480312198,s335.346186576579214
088_78,s-1.347757888128828,s-2.789470374423748,s335.978498726467592
088_79,s1.880387319557920,s-1.582505668348198,s335.137905686016779
088_80,s-1.293680978449048,s-1.873673658596523,s155.943647053258957
088_81,s1.400638017138335,s-1.850134423844768,s155.377324399791576
088_82,s-1.348966412163259,s0.752567900295495,s335.446978970761279
088_83,s2.535230629485217,s2.184379547805094,s-7851.455882295611445
088_84,s-2.422752124475237,s-1.615649559620194,s336.860542452901882
088_85,s0.266396316724321,s-0.413450594638682,s335.319322670397639
088_86,s0.266854281233247,s0.766619899328356,s335.528833655598078
088_87,s2.475208037890031,s1.715574266713720,s156.411189332367314
089_0,s-0.966038358456331,s-2.730616028994135,s79.958302174634326
089_1,s-0.535269549846174,s-2.732679277654303,s245.232865450718293
089_2,s-1.948665784060640,s-0.543173932416665,s248.903446522330370
089_3,s-0.784036627882603,s-0.004853208961913,s248.482949802294513
089_4,s2.494366922944396,s-2.748438777504453,s69.926457784509580
089_5,s1.546271764313749,s2.151273010152176,s249.640063192221334
089_6,s-1.022245983001712,s-1.150577734330808,s68.643741022149044
089_7,s-0.802357546777248,s2.154506356504682,s248.013586060688169
089_8,s1.557834193506399,s0.539133939077069,s248.388846682805735
089_9,s-0.781707534315998,s-0.543424340845329,s248.404397620878541
089_10,s1.555048676675900,s1.077095225163837,s248.601403172136258
089_11,s0.365580565858324,s1.614676917100710,s248.794759418256007
089_12,s0.115388201537235,s2.086662671855487,s68.137961924500800
089_13,s-2.444459210472830,s0.071298864916841,s149.665566987787628
089_14,s-1.971907975858998,s1.078671739773236,s247.155578831151132
089_15,s1.561420595463299,s-0.000527603687461,s248.790429907954319
089_16,s-2.459300436136620,s1.164046515118205,s151.052590003712595
089_17,s-0.794247217700701,s1.073451581135727,s248.829568615211969
089_18,s1.285866853335761,s1.020153660558426,s68.726933701046491
089_19,s-2.430025765453796,s-2.058341302833123,s148.448245915015576
089_20,s-0.800587872700945,s1.613302492223044,s248.893296463214227
089_21,s1.280519013934517,s1.559653460588744,s68.971754837722244
089_22,s-0.778670075593883,s-1.084624596489205,s248.622774987909594
089_23,s-1.948447317294667,s-2.150751244729892,s245.556879266395612
089_24,s2.475015944279275,s0.478598403288532,s68.332121713763172
089_25,s-2.463416732742364,s-0.743883966879662,s330.010556642916015
089_26,s-1.046469075817946,s1.546045130052564,s68.510065981343814
089_27,s1.292140092006203,s-0.058390966335636,s68.559430585270263
089_28,s-1.029236288915694,s-0.072258158988156,s68.812403105411022
089_29,s0.117887614570905,s1.549794380335733,s68.767150093148032
089_30,s-0.776454810133198,s-2.164559706522773,s248.233636828091250
089_31,s1.569241922283903,s-1.616682561491834,s248.943932767647340
089_32,s1.289089051455868,s0.480518878562183,s68.484923960024688
089_33,s-1.047167635653744,s2.088516517774280,s68.654342673858878
089_34,s-1.969900782962965,s2.156712488442752,s247.202330131716053
089_35,s-1.035525122197241,s0.467551465587387,s69.020025687920423
089_36,s0.386187276531902,s-1.615512636108597,s248.239612212720743
089_37,s1.553258510580280,s1.616752853527326,s248.202723542602683
089_38,s0.129762377555872,s0.469557821593132,s68.831221593748396
089_39,s0.379144228442786,s0.000108080914777,s248.461738483279134
089_40,s-2.470724196574698,s-2.867586177002906,s328.251242625084330
089_41,s0.138151110646949,s-0.611326749172969,s68.547104383091977
089_42,s2.478743963658029,s-0.599023258230368,s68.237119280093140
089_43,s-2.434226470259059,s-0.999140486104011,s149.348057659234030
089_44,s0.381842836032468,s-0.538719372881503,s248.549821914583163
089_45,s-1.970493674189186,s1.612638331756601,s249.156618884715158
089_46,s-1.019693417090590,s-2.230461651921617,s68.429849251973749
089_47,s0.139316898903051,s-1.151366496768183,s68.287279685985482
089_48,s2.488045159014504,s2.150138849770562,s69.564893033696663
089_49,s2.472212503427565,s1.019816687909399,s68.961658282036410
089_50,s2.488559661181267,s-1.676717966663679,s68.013995473329928
089_51,s0.384856120606366,s-1.077179631677457,s248.513420360972873
089_52,s1.297452606768337,s-1.136192913498927,s68.473204471106101
089_53,s-0.788619841773634,s0.534577314643734,s248.741855784947745
089_54,s2.486886029083285,s-2.215265528440020,s68.031825946260724
089_55,s1.560501721947774,s-2.688214400747492,s246.463384829763498
089_56,s0.133980943238000,s-0.070726794561156,s68.702518296534720
089_57,s1.294680379167783,s-0.597293543178395,s68.573541975849054
089_58,s-1.957577814066775,s-0.005736703219520,s249.356837321725607
089_59,s-1.025299834032795,s-0.611867779736646,s68.544998325101986
089_60,s-2.480988776739212,s0.327548992049657,s331.663988696410513
089_61,s-1.938747084402320,s-1.620908142135872,s248.629633569392240
089_62,s1.311583934593275,s-2.751516357910202,s68.523719443765970
089_63,s0.388177276497712,s-2.743482767829499,s245.571785886578795
089_64,s2.484326774757619,s-1.134504882540399,s69.345422716188210
089_65,s0.123907713426992,s1.009889228427985,s68.908892675266060
089_66,s1.290328647271837,s2.087243586614378,s65.168885171744449
089_67,s0.376142519068014,s0.538315414267430,s248.570788496014359
089_68,s-1.954689777006348,s-2.751663493013178,s248.014024216251272
089_69,s-1.043258257863430,s1.007398643450315,s69.002620063645296
089_70,s1.300215742932034,s-1.674598711299141,s68.510866915269190
089_71,s2.477047382322916,s-0.059448584856803,s68.581281636894104
089_72,s0.359708641050072,s2.153008053711174,s248.850380396609296
089_73,s1.562467596546244,s-1.077840145235391,s248.883486831618768
089_74,s0.371367085361100,s1.076080991831788,s248.834898297120702
089_75,s0.139243599041476,s-2.232099790695495,s68.306306457499218
089_76,s-1.943097123826719,s-1.081254820718223,s248.669221760586225
089_77,s-1.969857015277778,s0.532196185775596,s249.862956618529040
089_78,s-2.494366922944396,s1.426613570009368,s328.230167334493672
089_79,s2.491320506076029,s1.582075429825125,s71.418943662548500
089_80,s0.140047946634162,s-1.690538744916717,s68.250104556649219
089_81,s1.561905805327467,s-0.536032927360206,s247.677730443859332
089_82,s0.388575515416414,s-2.158181149408877,s249.179554412892799
089_83,s-1.019537277791606,s-1.689964249776230,s68.608034615540959
089_84,s1.572097578782958,s-2.152906326761466,s248.047213348267803
089_85,s-0.776113246106430,s-1.623872902209924,s248.290006330450353
089_86,s1.305945712155537,s-2.211480250794497,s69.089553063481844
089_87,s-2.457532802997484,s-1.806674506886660,s328.446193080719638
089_88,s-2.446357441868984,s2.267586177002906,s149.824836222412273
090_0,s-1.846314409821542,s0.472290701234847,s-1281.734532894141694
090_1,s0.845969370695847,s0.477875783247559,s158.626608209118643
090_2,s-0.771094248537755,s-1.882006101077184,s158.501589001665678
090_3,s0.632539120206313,s2.169916691839589,s3121.862835123799869
090_4,s1.325754588089096,s-2.786925398306046,s338.847601885829476
090_5,s-0.769819337646313,s1.644229633335631,s158.630929076285753
090_6,s-1.846642236481511,s1.639215476701004,s1958.385810530621711
090_7,s-2.445450483046118,s-2.804748888906108,s338.851078549402359
090_8,s-0.771866264232605,s-0.709002189751122,s158.528197712630657
090_9,s-0.690736385225707,s2.133782177972401,s-2100.387687541323430
090_10,s1.862493290017748,s-1.609179805685418,s338.579566495966390
090_11,s-1.369656834437547,s0.726761227201667,s338.241518219549391
090_12,s-1.307942524721399,s1.641068896849069,s158.444417142076873
090_13,s0.244828240522293,s-0.437410646993306,s337.980996856570528
090_14,s-0.231606529456483,s1.648844199675554,s158.745486730336353
090_15,s2.396419070349628,s-0.447267523629225,s337.090470715201150
090_16,s2.563611212845396,s2.176428080275654,s783.055186868826354
090_17,s1.857865493307023,s-0.436657640945392,s337.091999196734605
090_18,s1.454795322079063,s2.164615723098453,s3302.096098792843350
090_19,s-1.908143976920320,s0.726297898158414,s-741.722465015406783
090_20,s0.785423029896869,s-1.614505982042810,s338.675157727991518
090_21,s-0.832049211262636,s-0.439368631815313,s338.029307985438095
090_22,s0.305779839785793,s-1.877870694128949,s158.602721242791745
090_23,s-1.908994720364441,s-0.440670346508133,s338.056303177693621
090_24,s-1.309853722282442,s-1.884944030721993,s158.558241643046529
090_25,s0.306977296468361,s1.654242714897286,s158.833429625328932
090_26,s1.326557523119272,s0.750311022911692,s339.037860088893865
090_27,s1.324491154865977,s-0.435276670966009,s338.946664385311465
090_28,s1.868119039566333,s-2.786296015644558,s3218.956366032933147
090_29,s-1.848359026241708,s-1.887379451562664,s158.470739366402142
090_30,s0.246884454677402,s-2.791249142858337,s338.574986471928412
090_31,s0.844360316391193,s1.662311863545348,s159.269227870542409
090_32,s-1.907791597947142,s-1.627992707395103,s338.498459030409435
090_33,s2.452764924616205,s1.711505666494380,s161.751374119487593
090_34,s1.922061398337972,s-1.868641192197246,s158.368551405582508
090_35,s1.869225639602895,s0.762640586339333,s340.088221256169561
090_36,s-1.908314406283328,s-2.800910078146351,s338.353092631764298
090_37,s-0.829813027469977,s0.729266871394794,s338.704107489015485
090_38,s0.377115718644271,s2.136733360302650,s59.831255994201499
090_39,s0.309187534758421,s0.476693406366533,s158.001716847819495
090_40,s-0.830753290779944,s-1.622287271462699,s338.483993206565572
090_41,s-1.310727751677501,s-0.712072891478049,s158.581500039825642
090_42,s2.395410283282767,s-1.614703850761758,s336.581190042987600
090_43,s-1.749040090841037,s2.128588054283582,s59.119949145172860
090_44,s1.921309502066470,s-0.696184215492695,s158.583207588572947
090_45,s-1.498515150585638,s2.156503654865730,s239.479042090026553
090_46,s0.247482322421368,s0.737817926823007,s338.602270334423622
090_47,s-0.292300595075029,s-1.619757159625527,s338.453593923121844
090_48,s1.702672657933658,s2.204748888906109,s-477.784252480592272
090_49,s-1.369658212179107,s-2.799360596372521,s338.387531099917283
090_50,s1.382230558975340,s1.673272534358027,s159.483478630270838
090_51,s1.383629461734616,s-0.698424915888065,s158.281781105955361
090_52,s0.783879851713747,s-0.438572165034378,s338.176065924398699
090_53,s-1.369206751195930,s-1.625058872360195,s338.525089850950167
090_54,s-1.850271205861270,s-0.714294843102886,s158.666926822524630
090_55,s-0.230867326213650,s0.475992539323253,s158.563792255527090
090_56,s-2.563611212845396,s2.157898811438296,s-123.605718638594993
090_57,s1.925428625776505,s0.481643904922945,s157.731269152554432
090_58,s-2.446523913573657,s0.725264982742879,s338.346681110007012
090_59,s-0.768057202085311,s0.474735051110085,s158.085296912440441
090_60,s1.919353037483889,s1.687437583680385,s159.964896103427861
090_61,s0.246086893699646,s-1.617640183689714,s338.400861274632632
090_62,s-0.292470052171159,s-2.793707389174900,s338.344222903515572
090_63,s-0.830247591146472,s-2.796369193497756,s338.660371831232169
090_64,s1.384447233236046,s0.481939543478632,s158.635060061355972
090_65,s2.459318562400004,s-1.864828680853699,s158.850785371602541
090_66,s2.440866464408267,s-2.792695216395584,s7897.129373278899038
090_67,s-0.233139568246133,s-0.706142566140293,s518.534480316114355
090_68,s0.844204126359969,s-0.700169204272816,s158.556823151857031
090_69,s2.390752644450474,s0.753440530452094,s334.130206895993297
090_70,s-0.291241587586555,s0.733892296437208,s338.661878892084587
090_71,s2.455428607929461,s0.491465012206550,s160.692923035693553
090_72,s-1.307794767577707,s0.473777892472758,s158.530860398293981
090_73,s-0.291971363964065,s-0.438368460155392,s338.600005041778559
090_74,s-2.445915598952533,s-1.631497671982826,s338.642071870191216
090_75,s1.323128484097386,s-1.611381591590348,s338.381862132934771
090_76,s-2.438087830506945,s1.627235766211080,s157.784295177108561
090_77,s-2.391537221765294,s-0.713029586479933,s-201.917016285936938
090_78,s0.785122347816091,s-2.788869982881509,s338.405266691424401
090_79,s0.305549224430235,s-0.703273939268746,s158.528820100154803
090_80,s-0.231986072124964,s-1.880146424131852,s158.302479212569096
090_81,s-0.437024407710417,s2.164582950848259,s1679.858893837354799
090_82,s0.787271434533037,s0.743247844197534,s338.992885072411923
090_83,s-2.446049857427020,s-0.441890262357745,s338.583201909261618
090_84,s2.460282776949896,s-0.693376230111780,s158.417656870719981
090_85,s1.382663905646182,s-1.871691853843443,s158.689273408073802
090_86,s-2.383004583085334,s-1.881866715326923,s156.924368733732535
090_87,s-2.384653920818082,s0.474795703779488,s-1642.162530081640853
090_88,s0.844885181955469,s-1.875056578248132,s158.416415001655196
090_89,s-1.369282554436283,s-0.440027409667469,s338.492569776411699
091_0,s2.069192192429675,s1.718180294716809,s1328.275172436908178
091_1,s2.068086737272864,s0.637462159489037,s1328.316923920525369
091_2,s-0.529747595621570,s-0.617308031400478,s68.208116335785078
091_3,s-0.288098619782751,s1.063679792036287,s248.252436544400865
091_4,s2.601578372825203,s-2.786347883470771,s62.019155815977399
091_5,s-1.686411841289906,s-0.616390840983277,s68.238626428894051
091_6,s0.868761091938410,s-1.627672721237779,s247.804093401528405
091_7,s0.869971708266614,s-0.551739718694858,s248.208563883968026
091_8,s0.869244126879529,s1.602219328498312,s248.247268834339224
091_9,s-1.443859910068806,s2.140926413537042,s248.155673929901496
091_10,s-0.662625675931418,s-2.822096669248735,s61.892299927069779
091_11,s-0.529958859642502,s-0.078571328178063,s68.221920255103683
091_12,s-2.599686707698368,s1.602344315883530,s248.189743955162697
091_13,s2.106903896322583,s-2.106386811996276,s242.019155943144881
091_14,s-0.530220808584348,s0.460183189334784,s68.265010341469505
091_15,s0.870270807949607,s-1.090380701450622,s248.253809861688268
091_16,s-1.443090687150141,s-0.551938207645494,s248.258329915433620
091_17,s-2.601578372825203,s-2.784013222268795,s241.892299979850321
091_18,s1.781947358314326,s0.461763850270992,s68.245859778753385
091_19,s-0.529644705203540,s-1.155812087804436,s68.230283572900149
091_20,s2.068066662252527,s-1.522929505808992,s2407.892237407431821
091_21,s-1.444054874339214,s0.525158678788051,s248.234965425131548
091_22,s-1.442699950483888,s-1.090350909804346,s248.220719747236387
091_23,s-0.287880922785459,s-0.551720323879360,s248.198356364311735
091_24,s-0.287703644344491,s0.525230906790579,s248.227958723771962
091_25,s-1.685929717869570,s-1.154847124225090,s68.260405645844827
091_26,s1.811398958354465,s-2.211944217464064,s74.413673685244859
091_27,s0.625557307645146,s-1.692325894753424,s68.296305117753718
091_28,s2.068687010419735,s-0.443143346184064,s-111.487929857881170
091_29,s-0.538883374052693,s-2.240801726843716,s67.057989555272783
091_30,s0.624507915582696,s-0.077081241919142,s68.185958441454147
091_31,s1.782384659520920,s-0.615324809961727,s68.226064979663136
091_32,s-1.444619726082123,s-2.170856717153667,s247.057989687270009
091_33,s0.605338069958508,s-2.240293423863521,s67.057989542092528
091_34,s0.686216893487789,s-2.791262570007700,s242.479319514563969
091_35,s-1.686079022465122,s0.999013944601244,s68.182205441906106
091_36,s0.624573446359350,s0.461539534072669,s68.212990489891610
091_37,s0.623946306565545,s1.538568684056092,s68.211500705885541
091_38,s1.838464908023807,s2.073535292995552,s-3178.362216821242782
091_39,s-0.530662181566668,s0.998701454062754,s68.243025528439247
091_40,s1.781920257872399,s1.539518201538610,s68.294362667193965
091_41,s-0.287714854933207,s-0.013111063640210,s248.164656175610588
091_42,s0.869628324679404,s0.525228745371824,s248.231950436308864
091_43,s1.782668687643937,s-1.153826591290407,s68.231373509441795
091_44,s2.452585812310481,s2.230792872589484,s565.561610672788220
091_45,s-0.287336753921661,s-1.629103575777607,s248.325804364491660
091_46,s-1.508560885608141,s-2.784013221894984,s241.892299881384702
091_47,s0.847987934048082,s-2.180118297218536,s247.057990312401870
091_48,s-1.686621484946168,s-0.077973802221419,s68.201782782516418
091_49,s0.625032674035884,s-1.154048817500934,s68.209577875718892
091_50,s0.869856124814650,s-0.013235630931624,s248.213057953342087
091_51,s-2.599720952881886,s2.140794255087366,s248.213892755981874
091_52,s1.782027562077756,s1.000593585330210,s68.262040726653325
091_53,s0.437502587402565,s-2.830792872589484,s61.892299730671972
091_54,s-1.444111117764513,s1.602317597820062,s248.189222329882625
091_55,s-1.689614070378230,s-2.234163060558864,s67.787339178743878
091_56,s1.536394045694322,s-2.825343673985512,s62.479319514626347
091_57,s-0.531092551408295,s2.075800969227358,s68.161204932250769
091_58,s-0.288573918238243,s2.140682021675715,s248.263449910942057
091_59,s-2.599470092134438,s-1.090222466668479,s248.184247369581840
091_60,s1.782206565136830,s-0.076857004995508,s68.208408977648176
091_61,s-1.443628780770565,s-0.013408732268594,s248.253516790718521
091_62,s0.869478887137042,s1.063838178101980,s248.198189286720947
091_63,s-1.442403877288162,s-1.628920796456850,s248.240130674653869
091_64,s2.069224920509659,s1.177405605373483,s968.254651648211734
091_65,s-0.529330169677798,s-1.694339732097888,s68.240130136716388
091_66,s0.625617546817862,s2.075987720832840,s67.815797339079367
091_67,s-1.685474081686172,s2.076030763312219,s68.166494057492514
091_68,s-1.444187216240158,s1.063793855182245,s248.191857439622453
091_69,s-2.599657864545913,s0.525259859249592,s248.208439101586407
091_70,s1.782448290184114,s-1.692607811679343,s68.174089041386779
091_71,s0.624262394952803,s1.000162728025415,s68.251739192198443
091_72,s-1.685445353645595,s-1.693418166861795,s68.240520025213968
091_73,s-0.415543398495758,s-2.784013220103903,s241.892299833928092
091_74,s-2.599815049444447,s-2.167070192277506,s247.787338985597358
091_75,s-0.288299405483812,s1.602369151439768,s248.189625400524989
091_76,s0.624723956085595,s-0.615407787085197,s68.254843292825157
091_77,s-1.755643162031322,s-2.822096670116311,s61.892299991750100
091_78,s2.068727555645148,s-0.982739296252711,s2768.284969436633673
091_79,s-2.598959338899475,s-1.629129858014322,s248.326457307460942
091_80,s1.784670120024590,s-2.785576490229297,s242.019155703450650
091_81,s-0.296233512814372,s-2.180626605080521,s247.057989502015403
091_82,s0.868621177882070,s2.140641607997856,s248.281320855717127
091_83,s-2.599716602935766,s1.063795505509328,s248.201481055021020
091_84,s-2.599669146372146,s-0.551895403867104,s248.252940333826842
091_85,s-2.599757600358843,s-0.013139804945415,s248.166056469335103
091_86,s-1.685824168111590,s1.537472567847315,s68.159992276797681
091_87,s-1.686400340738755,s0.460396137929499,s68.147351093900255
091_88,s-0.531000399148984,s1.537247717970087,s68.236395768551276
091_89,s-0.287897619708782,s-1.090228004730587,s248.195161729618235
091_90,s2.068310922690705,s0.096889510496914,s-831.608737782856451
092_0,s0.639955017970924,s1.592319933488398,s73.278931121864218
092_1,s-0.552808573106463,s0.480159488846822,s68.204595503558011
092_2,s1.717530898482218,s-2.216357442585621,s65.715410362648797
092_3,s1.994249013944653,s-2.125085993801316,s242.622921061711935
092_4,s2.459832652015775,s-0.345510211205949,s207.605337348627529
092_5,s-1.464725480567670,s0.543541343726929,s248.204595503557556
092_6,s-1.465909641395010,s-2.155485978128370,s247.391229830682818
092_7,s-0.552301337898884,s-0.597169899927219,s68.212344357962095
092_8,s-0.310577608800238,s-0.531630693585882,s248.179236036606454
092_9,s-0.310441053444559,s-1.609150691469406,s248.268013961746476
092_10,s2.617376113546174,s0.982002286921800,s73.125041950777799
092_11,s1.759660367506186,s-1.110767407183872,s68.251211526732888
092_12,s-0.245187454639645,s2.199400875233501,s-3355.031123100995956
092_13,s-2.618097517650009,s0.542288889616978,s248.182859489603544
092_14,s0.870094204394080,s-0.511483731927419,s-2271.247471701786253
092_15,s1.812146990611649,s-0.014691772480079,s64.189369959412218
092_16,s-0.551769001152265,s-1.674435343248762,s68.267209208230199
092_17,s-1.656703120517449,s2.112708138389180,s-7852.995172523853398
092_18,s0.584985169297440,s-2.229709193516332,s65.996412004423121
092_19,s2.601585185981661,s0.166036632109939,s120.094618536728248
092_20,s2.139094703495453,s-1.263041396586587,s239.802986741402293
092_21,s-0.559767019492339,s-2.220197836278657,s67.391229830683216
092_22,s-1.709173191933908,s-2.218108418254013,s67.772557084583852
092_23,s-1.464669077718425,s0.004916980159459,s248.227552813342015
092_24,s-1.464057665202770,s-1.611345329998150,s248.267209208226234
092_25,s0.831131747898248,s-2.171351772441477,s245.715410362631019
092_26,s-1.767340619436424,s-2.805499091081993,s62.378587639650597
092_27,s-1.706101308178332,s-0.060173955414531,s68.211134797861988
092_28,s1.941706495922277,s0.372119433715006,s289.259999031434234
092_29,s-1.405190612808518,s2.187366378459350,s2406.618459147742669
092_30,s-0.552428056785506,s1.018932744282976,s68.219376448792246
092_31,s-1.464515541931916,s1.082438914012981,s248.219376153235856
092_32,s-2.592188485831343,s2.172815342742542,s2767.259388260008564
092_33,s-0.310937748257182,s-1.070555520740781,s248.249950333996395
092_34,s1.776364316205717,s2.180301879838256,s242.055431753752288
092_35,s-0.498429592786401,s2.141792260389022,s3305.967873364602383
092_36,s0.619173860950880,s1.001931034589514,s65.059060536919461
092_37,s-0.554260359537445,s1.561320245086901,s68.216275103268828
092_38,s0.852198216698495,s-1.610174133114253,s250.373829174648080
092_39,s-0.310844954538258,s0.006630794316494,s248.271679249539886
092_40,s-2.618095223716294,s0.003266541793786,s248.211134797864133
092_41,s0.605160115742120,s-1.142799337902117,s68.251209807161729
092_42,s1.816134824068569,s-0.527064747148551,s72.845194969354964
092_43,s1.723944496471886,s0.928466212421884,s253.125041950752774
092_44,s-1.706145250509235,s1.556002330789550,s68.199944614406576
092_45,s0.608249783544741,s-0.064978183877068,s68.551370760337889
092_46,s2.008059020107884,s1.554655305450958,s253.125041950811607
092_47,s-0.670348903359826,s-2.802862203468877,s62.241496022102190
092_48,s-2.618091673572233,s-1.612435945875631,s248.256220303888938
092_49,s0.433262162733520,s-2.811218148383087,s62.079555594133126
092_50,s0.788341649459186,s1.391119820952504,s253.278931121268414
092_51,s0.605736321119056,s-1.681269208889544,s68.268013961789705
092_52,s-0.422941265302332,s-2.763571108941890,s242.079555594141453
092_53,s-2.618096124912253,s1.619549468254274,s248.199944512141627
092_54,s0.685709877178735,s2.203359113864233,s66.370622269343741
092_55,s-2.617987679008078,s-0.535311554136516,s248.223303725699935
092_56,s-2.618100480906477,s-1.073618320601330,s248.147246223845315
092_57,s1.769688372274307,s-1.646778047527876,s70.386239156986406
092_58,s0.853169746389549,s-1.060876116369498,s248.251211526736881
092_59,s-2.618136657475960,s-2.153687295682786,s247.772557084571361
092_60,s0.605858950242423,s0.472971781973138,s68.348111869039201
092_61,s1.540133001797297,s-2.811636697300472,s62.668881082528721
092_62,s-1.705423677699719,s-1.676611777232829,s68.256220303915413
092_63,s1.489006354226108,s0.842957411897681,s73.125041950749889
092_64,s-1.464364659614127,s-0.533745066130617,s248.218537528580782
092_65,s1.748081191535083,s1.397465645724871,s75.687967966136327
092_66,s-0.308876112307210,s1.085811287943782,s1688.088055565148807
092_67,s2.618447315227771,s-2.780018705396524,s62.622874901631604
092_68,s-0.552501537464125,s-0.058609590552123,s68.228147289174359
092_69,s2.618708961853026,s2.149120484366923,s62.055431753744912
092_70,s-1.705912881519212,s1.017339324004078,s68.226142871434760
092_71,s0.890793939740849,s0.593361424036097,s253.125041950611347
092_72,s-1.706201852522225,s0.478554392524675,s68.182859489619020
092_73,s1.786836861176937,s-2.770290978571130,s242.622874901617280
092_74,s-2.618081988019922,s1.080910498082005,s248.226143311594029
092_75,s-0.311341438413569,s0.545254985214270,s248.232480800295463
092_76,s0.808584460305499,s1.981910588890424,s245.326723920121310
092_77,s-0.552352319777826,s-1.135750402634037,s68.232232395658414
092_78,s1.529391472537038,s2.141515097364169,s62.055431756607156
092_79,s-1.464376981209803,s-1.072628377080684,s248.232232395659366
092_80,s0.681856520021946,s-2.770861518804341,s242.668881082523257
092_81,s0.867682082731397,s0.039874955654739,s7448.888322813299965
092_82,s-0.312458954188176,s-2.160820121850632,s245.996412004428350
092_83,s-1.705827343797331,s-0.598841720370714,s68.226224486388844
092_84,s0.607286053076029,s-0.605891433476361,s67.672522928861696
092_85,s1.963037691211323,s-0.730135735672765,s252.642526347584038
092_86,s-0.311448323508770,s1.627967419386654,s248.789320657895161
092_87,s-2.619667759322876,s-2.767265461167375,s242.378587640075040
092_88,s2.619666163892644,s-1.964395499974445,s60.272451115966426
092_89,s-1.705905166931781,s-1.137698486160950,s68.187677277121068
092_90,s-1.520113963426571,s-2.765570520511314,s242.241496022148738
092_91,s-1.464701837682471,s1.621046393194859,s248.216275060157130
093_0,s2.480471107487217,s1.504020424171105,s333.500113013018904
093_1,s1.943269894653471,s1.413460073526211,s155.090696420670753
093_2,s0.654917171218070,s2.215153991177772,s-66.369125582158603
093_3,s2.523877148307336,s1.255005606977455,s152.612678398718884
093_4,s1.310575010080970,s0.546293444039805,s337.524601472802090
093_5,s0.249029361934236,s-2.928031612624979,s338.349009519544722
093_6,s-0.290103214967473,s-2.928061479784028,s338.317139066993775
093_7,s-1.913994618301750,s1.769303934026170,s21.778723880616742
093_8,s-1.177110706797989,s1.188805480246385,s168.480458640991202
093_9,s-2.496769363691143,s2.320803873361658,s154.591735907314586
093_10,s-1.315355654592602,s-2.014902680893562,s158.738699562354725
093_11,s-0.807232433121551,s2.329426926705982,s215.476176309634042
093_12,s-2.502570744347522,s-2.919434152708168,s335.988369067979022
093_13,s1.863996015288252,s-1.774568930944177,s337.745229507838644
093_14,s1.930039509889629,s-2.017793551581634,s157.817314422935794
093_15,s-2.502491667731597,s0.384911585751980,s164.659797652282492
093_16,s1.879363486108080,s0.524225043451118,s335.090697036265283
093_17,s1.866096548240324,s-0.618043915728722,s335.850081357744898
093_18,s-0.833713276928531,s-2.928085538920398,s338.026461217131498
093_19,s1.646973660456002,s2.322845700315164,s155.090694530259128
093_20,s0.841989037052650,s0.296403697581864,s158.296276520678390
093_21,s-2.523877148307336,s1.448008434530040,s334.591368015918704
093_22,s1.933160079250271,s0.277653202656337,s155.850081454571949
093_23,s-0.773696715655136,s0.291496107814517,s158.348636986191423
093_24,s-0.296372797135829,s-1.775491737014473,s338.393366733576045
093_25,s-2.510728311688104,s-1.747343662869897,s-743.411890500996378
093_26,s-0.072712721673497,s1.791804943469649,s35.415998468573775
093_27,s0.303193218972043,s0.295021384630373,s158.398428620126282
093_28,s2.511333125684065,s-2.070222357475202,s152.864579610669864
093_29,s0.274059784346182,s1.459349559773438,s160.278376670181586
093_30,s0.236841382169292,s-0.619734370084064,s338.394931020677575
093_31,s-0.680727610877632,s1.507655261412155,s35.477229740523114
093_32,s0.774758438753157,s-0.618873926936882,s338.178106792162737
093_33,s-1.690664856712851,s0.530079497379721,s348.480458976143325
093_34,s1.379105244556228,s0.299751481397379,s158.798012423984858
093_35,s0.149158387392354,s2.256328338301578,s215.415322476550926
093_36,s-1.952541150185786,s-0.622449881452323,s340.593316723251235
093_37,s-0.835907358596011,s-1.775766186826814,s338.234732251140542
093_38,s0.309657410274716,s-2.015338454387559,s158.424927042249635
093_39,s0.775117562681023,s0.545164493032945,s339.471468876980566
093_40,s-0.259495333211297,s1.447732718112329,s158.556039515966773
093_41,s-1.323949010747290,s-0.860878498860713,s157.987765674969808
093_42,s0.843202198252309,s-0.861765857008380,s158.212595781330123
093_43,s1.810513575558200,s1.695622810943338,s335.090694528760366
093_44,s-0.309995913465195,s0.538581445424677,s338.558142350113712
093_45,s2.463251017204475,s2.323377806873273,s153.500113040711284
093_46,s0.234119875109631,s0.538856690847640,s339.399974737901573
093_47,s-1.906587816019952,s0.330695599154851,s162.101589351087341
093_48,s2.469505193201675,s-1.822965647799599,s332.619123013454725
093_49,s-1.381615857948355,s-1.771168716163040,s338.188099011433621
093_50,s-0.301663852140004,s-0.621593816062360,s338.397909073235098
093_51,s-0.774978263085459,s-0.864663153007234,s158.234732115137291
093_52,s-0.871538762793413,s0.572631325184069,s-2900.371935380319883
093_53,s-2.444429679393905,s-2.010531582907135,s-1642.598119721150852
093_54,s-1.880294520806778,s-0.868171485151639,s158.683457227745009
093_55,s0.786651676076042,s-2.928085618667637,s338.025583097336948
093_56,s-2.479806479199544,s1.191829417273563,s153.242928149229385
093_57,s1.926165692537323,s-0.866756046708723,s157.743253369072193
093_58,s-1.418364002576495,s2.325490663285355,s169.468847130792170
093_59,s2.472551826383922,s-2.929426926705981,s332.864579922079429
093_60,s-1.725344630742297,s1.500220510791910,s163.213905022335922
093_61,s0.781976853303191,s-1.772821780541329,s338.212526604921379
093_62,s-1.283249299208050,s0.329461155540414,s149.261019956869859
093_63,s2.469425289046708,s0.386002600957105,s332.612678559294466
093_64,s1.322011156826023,s-1.773039677213396,s338.504163758445088
093_65,s-1.859609166992657,s-2.019591290623188,s-1282.043464531567224
093_66,s-0.235318575833806,s0.293145494308093,s158.397911698225727
093_67,s0.850251295388178,s-2.015505448243450,s158.210785387061691
093_68,s0.242538985670658,s-1.773728808274894,s338.425046315104339
093_69,s1.326583517202705,s-2.927747707245884,s338.507548634842635
093_70,s2.510612206542703,s0.139418663066811,s152.612678593689935
093_71,s-0.230669697368631,s-2.016951539437620,s158.317139064245737
093_72,s1.381998102486798,s-0.860114448381239,s158.512472231229964
093_73,s-0.235215250461672,s-0.863033299759026,s158.393367577381554
093_74,s1.009450531478187,s1.644496318100614,s341.640916626469391
093_75,s-2.463470674560634,s-0.852157069887950,s-923.808346590503675
093_76,s0.303275697551576,s-0.861199789342323,s158.425053636346064
093_77,s-0.771067298894805,s-2.017887730841145,s158.026461146369627
093_78,s-1.371182980556898,s-2.927989661854431,s338.728529325893930
093_79,s-1.925410155940358,s-1.776040007368814,s338.643625696001095
093_80,s-0.840431385710316,s-0.623020661839956,s338.346283475390180
093_81,s2.469425302921280,s-0.718456573180688,s332.612679393001144
093_82,s1.396483288752744,s1.468929865687240,s154.971740759570622
093_83,s-2.282077789339276,s0.549350148765445,s339.089632127523089
093_84,s1.388287812664966,s-2.014137010846830,s158.507856353943168
093_85,s1.863240436384649,s-2.928106248314482,s337.817313785687645
093_86,s-1.918582961067682,s-2.927806734374561,s337.919853935322124
093_87,s0.801852990992579,s1.494464986540159,s163.623821323240236
093_88,s-1.301293883586617,s1.419516392103773,s349.468847071456025
093_89,s-1.390289091307063,s-0.606899921472663,s-1823.449155444502821
093_90,s-2.515426821555536,s-0.590950251992352,s335.996863321097692
093_91,s1.315334659529188,s-0.617111092220341,s338.798013780696806
093_92,s2.510628318508521,s-0.965058346797551,s152.619123230962401
094_0,s0.289908131403680,s0.538825633686940,s216.129419577950728
094_1,s-1.939680553264179,s-2.181674593545955,s216.129867172652411
094_2,s0.331380564863454,s1.479122246944507,s216.082209208535943
094_3,s-0.332213543639929,s2.365631003352667,s215.998739274224306
094_4,s-1.257967450710693,s-2.187817319787679,s216.129867171516963
094_5,s-1.621631192527857,s0.731459688628667,s35.973859451702971
094_6,s-0.389887477641333,s1.480932721826817,s216.043690072850893
094_7,s1.650103049643157,s-0.423021572091835,s216.215174105665682
094_8,s-1.791061546010030,s2.365605568368566,s215.909066126076965
094_9,s-1.073503417133193,s-2.967282571509787,s36.129867171509581
094_10,s2.550855418154553,s-2.967284492721809,s36.136375548291632
094_11,s1.849057743810954,s-2.098607395413016,s36.200586017635977
094_12,s-2.316212813231648,s1.632379816367343,s35.909015822864241
094_13,s1.973164132119396,s1.601702491984734,s23.201527130961246
094_14,s0.479457760147076,s-0.234273745494411,s36.129564243707229
094_15,s2.351584613145720,s-1.328665281744410,s216.212327628901505
094_16,s-1.103802992702324,s0.578951176447981,s216.129419577950841
094_17,s1.849243040638987,s-0.271877163659065,s36.215179542930095
094_18,s-2.535492906494372,s2.365605554225237,s215.909015821107886
094_19,s0.590899144103286,s1.612630254975051,s35.999897359153159
094_20,s0.947988087149920,s-0.430426558728017,s216.153343242199071
094_21,s-2.535091766721898,s-1.225664047095902,s216.122765082906625
094_22,s2.550722899083198,s0.649256772309968,s36.215219966454846
094_23,s-2.335237758210803,s0.731093287881318,s35.909012083799475
094_24,s-0.848724096140384,s1.617476920130568,s35.973859452245314
094_25,s2.351587393028218,s0.498110980999782,s216.215219967118230
094_26,s1.849388727354990,s0.641457953805270,s36.216581071536645
094_27,s-0.183373015223763,s0.729518507812244,s36.082209208533506
094_28,s0.426724887564874,s-2.081190300009137,s36.129867526720069
094_29,s2.550727749349252,s-1.177529543113934,s36.212327510558090
094_30,s0.947702480030285,s-1.343481344514859,s216.136187693067598
094_31,s1.104449382348949,s2.365631335245655,s215.999897359087583
094_32,s2.550722966826208,s-0.264124699137383,s36.215179563041012
094_33,s0.129397533570319,s-2.203916992355183,s216.129867521408272
094_34,s0.252932383449654,s-0.377325193857265,s216.129867171506731
094_35,s2.351563812290251,s1.411728793418860,s216.216581071562274
094_36,s-1.095999506579085,s-0.322956798243275,s216.129867171895569
094_37,s1.147099743487078,s-1.192423559600964,s36.185670416562438
094_38,s-1.616615613758071,s-0.173465116186642,s36.129419577953492
094_39,s2.351587354188870,s-0.415270350017353,s216.215179562877893
094_40,s-0.469673351591091,s-1.291973709316674,s216.129867171513865
094_41,s-0.217077469606849,s-0.224110262793495,s36.129419577950138
094_42,s-1.158545201076705,s-1.283464756675194,s216.129867171524040
094_43,s0.386617075956814,s2.365631335245059,s215.999897359191891
094_44,s0.427515129984834,s-1.169152384243050,s36.129867701355785
094_45,s-1.107820911866953,s1.484376486945679,s215.973859452033764
094_46,s-0.127337859562757,s1.613364773321941,s35.999897359238425
094_47,s1.285561189048984,s1.583777668020207,s35.999897359082503
094_48,s0.846515430370279,s-2.227422287009774,s216.135975372621033
094_49,s-2.324437821092679,s-1.972392183365187,s36.129867213567799
094_50,s-0.904122912523350,s0.729823693587060,s36.043690072840242
094_51,s-2.333571822526213,s-0.174742643452074,s35.973859451017553
094_52,s0.227745822881699,s-1.319883992445071,s216.129867526699599
094_53,s1.803563253186878,s-2.967284490061088,s36.136364868412990
094_54,s-1.823048828508300,s1.487934024871269,s215.909066128769211
094_55,s-0.972977366753269,s-2.061549104620990,s36.129867171517994
094_56,s1.650101168282947,s0.490349941998280,s216.215174999144693
094_57,s0.985757989250220,s0.529897257930628,s216.129564243710746
094_58,s-1.815977722138165,s-0.324314222319407,s216.129867171885365
094_59,s1.146284892467951,s-2.105367129094855,s36.136188066712783
094_60,s-0.436361574751339,s-0.369240580369649,s216.129867171510085
094_61,s1.584445863074822,s-2.231092521640895,s216.136364855638192
094_62,s1.194090354683170,s0.678169885015360,s36.129564243631854
094_63,s-0.570001368133667,s-2.198064682976330,s216.129867171497381
094_64,s-0.250405573646469,s-1.146839314425078,s36.129867171506625
094_65,s1.007743683135308,s1.455275718158618,s216.129564243632586
094_66,s-2.550855435112395,s-2.123969680083942,s208.525789201500999
094_67,s2.327941145062716,s-2.235843569233044,s216.136375549701938
094_68,s1.147327590341171,s-0.279352974726184,s36.191201609637552
094_69,s1.695663220719879,s1.460698108280248,s216.216581071539991
094_70,s-2.535382362727956,s-0.324456585530093,s215.973859452224332
094_71,s2.550553603306352,s-2.091183110064376,s36.183236101522745
094_72,s-0.377346287989492,s-2.967282571510252,s36.129867171613320
094_73,s-1.821401636866266,s0.581154101338562,s215.973859451789593
094_74,s-2.328757637272608,s-1.076782953172147,s36.129867171904984
094_75,s-0.285404792107255,s-2.071683507814759,s36.129867171523735
094_76,s-1.808168539392434,s-1.226222741115462,s216.129867213566570
094_77,s1.849240582275465,s-1.185254043427188,s36.215174628795104
094_78,s-0.896637398199635,s-0.172107692110326,s36.129419577950877
094_79,s-2.515967699072138,s-2.962084008927566,s28.525789201632371
094_80,s1.650050057542567,s-1.336404112732412,s216.200399340723777
094_81,s-1.577859243167609,s1.624835430249796,s35.909066129186307
094_82,s0.326730556230155,s-2.967282571613575,s36.129867523255577
094_83,s1.062696002941944,s-2.967284374982928,s36.135975372877546
094_84,s-2.535492912897655,s1.487932814859073,s215.909012083427768
094_85,s-1.661811945889657,s-2.053362094169600,s36.129867213563024
094_86,s-1.760126598076275,s-2.967282571508859,s36.129867172689480
094_87,s-2.535492912894877,s0.581105555495491,s215.909012084630746
094_88,s-1.056831999342865,s2.365607135618601,s215.914645255397403
094_89,s-0.382910044860622,s0.578657221059245,s216.129419577950159
094_90,s2.550741095760574,s1.562882982704699,s36.204371057552670
094_91,s0.504088045323711,s0.685471426088745,s36.091037324794264
094_92,s-0.940058839759578,s-1.138106049104514,s36.129867171513219
094_93,s-1.608808094370918,s-1.075373766885223,s36.129867171895945
095_0,s0.289908131403680,s0.538825633686940,s216.129419577950728
095_1,s-1.939680553264179,s-2.181674593545955,s216.129867172652411
095_2,s0.331380564863454,s1.479122246944507,s216.082209208535943
095_3,s-0.332213543639929,s2.365631003352667,s215.998739274224306
095_4,s-1.257967450710693,s-2.187817319787679,s216.129867171516963
095_5,s-1.621631192527857,s0.731459688628667,s35.973859451702971
095_6,s-0.389887477641333,s1.480932721826817,s216.043690072850893
095_7,s1.650103049643157,s-0.423021572091835,s216.215174105665682
095_8,s-1.791061546010030,s2.365605568368566,s215.909066126076965
095_9,s-1.073503417133193,s-2.967282571509787,s36.129867171509581
095_10,s2.550855418154553,s-2.967284492721809,s36.136375548291632
095_11,s1.849057743810954,s-2.098607395413016,s36.200586017635977
095_12,s-2.316212813231648,s1.632379816367343,s35.909015822864241
095_13,s1.973164132119396,s1.601702491984734,s23.201527130961246
095_14,s0.479457760147076,s-0.234273745494411,s36.129564243707229
095_15,s2.351584613145720,s-1.328665281744410,s216.212327628901505
095_16,s-1.103802992702324,s0.578951176447981,s216.129419577950841
095_17,s1.849243040638987,s-0.271877163659065,s36.215179542930095
095_18,s-2.535492906494372,s2.365605554225237,s215.909015821107886
095_19,s0.590899144103286,s1.612630254975051,s35.999897359153159
095_20,s0.947988087149920,s-0.430426558728017,s216.153343242199071
095_21,s-2.535091766721898,s-1.225664047095902,s216.122765082906625
095_22,s2.550722899083198,s0.649256772309968,s36.215219966454846
095_23,s-2.335237758210803,s0.731093287881318,s35.909012083799475
095_24,s-0.848724096140384,s1.617476920130568,s35.973859452245314
095_25,s2.351587393028218,s0.498110980999782,s216.215219967118230
095_26,s1.849388727354990,s0.641457953805270,s36.216581071536645
095_27,s-0.183373015223763,s0.729518507812244,s36.082209208533506
095_28,s0.426724887564874,s-2.081190300009137,s36.129867526720069
095_29,s2.550727749349252,s-1.177529543113934,s36.212327510558090
095_30,s0.947702480030285,s-1.343481344514859,s216.136187693067598
095_31,s1.104449382348949,s2.365631335245655,s215.999897359087583
095_32,s2.550722966826208,s-0.264124699137383,s36.215179563041012
095_33,s0.129397533570319,s-2.203916992355183,s216.129867521408272
095_34,s0.252932383449654,s-0.377325193857265,s216.129867171506731
095_35,s2.351563812290251,s1.411728793418860,s216.216581071562274
095_36,s-1.095999506579085,s-0.322956798243275,s216.129867171895569
095_37,s1.147099743487078,s-1.192423559600964,s36.185670416562438
095_38,s-1.616615613758071,s-0.173465116186642,s36.129419577953492
095_39,s2.351587354188870,s-0.415270350017353,s216.215179562877893
095_40,s-0.469673351591091,s-1.291973709316674,s216.129867171513865
095_41,s-0.217077469606849,s-0.224110262793495,s36.129419577950138
095_42,s-1.158545201076705,s-1.283464756675194,s216.129867171524040
095_43,s0.386617075956814,s2.365631335245059,s215.999897359191891
095_44,s0.427515129984834,s-1.169152384243050,s36.129867701355785
095_45,s-1.107820911866953,s1.484376486945679,s215.973859452033764
095_46,s-0.127337859562757,s1.613364773321941,s35.999897359238425
095_47,s1.285561189048984,s1.583777668020207,s35.999897359082503
095_48,s0.846515430370279,s-2.227422287009774,s216.135975372621033
095_49,s-2.324437821092679,s-1.972392183365187,s36.129867213567799
095_50,s-0.904122912523350,s0.729823693587060,s36.043690072840242
095_51,s-2.333571822526213,s-0.174742643452074,s35.973859451017553
095_52,s0.227745822881699,s-1.319883992445071,s216.129867526699599
095_53,s1.803563253186878,s-2.967284490061088,s36.136364868412990
095_54,s-1.823048828508300,s1.487934024871269,s215.909066128769211
095_55,s-0.972977366753269,s-2.061549104620990,s36.129867171517994
095_56,s1.650101168282947,s0.490349941998280,s216.215174999144693
095_57,s0.985757989250220,s0.529897257930628,s216.129564243710746
095_58,s-1.815977722138165,s-0.324314222319407,s216.129867171885365
095_59,s1.146284892467951,s-2.105367129094855,s36.136188066712783
095_60,s-0.436361574751339,s-0.369240580369649,s216.129867171510085
095_61,s1.584445863074822,s-2.231092521640895,s216.136364855638192
095_62,s1.194090354683170,s0.678169885015360,s36.129564243631854
095_63,s-0.570001368133667,s-2.198064682976330,s216.129867171497381
095_64,s-0.250405573646469,s-1.146839314425078,s36.129867171506625
095_65,s1.007743683135308,s1.455275718158618,s216.129564243632586
095_66,s-2.550855435112395,s-2.123969680083942,s208.525789201500999
095_67,s2.327941145062716,s-2.235843569233044,s216.136375549701938
095_68,s1.147327590341171,s-0.279352974726184,s36.191201609637552
095_69,s1.695663220719879,s1.460698108280248,s216.216581071539991
095_70,s-2.535382362727956,s-0.324456585530093,s215.973859452224332
095_71,s2.550553603306352,s-2.091183110064376,s36.183236101522745
095_72,s-0.377346287989492,s-2.967282571510252,s36.129867171613320
095_73,s-1.821401636866266,s0.581154101338562,s215.973859451789593
095_74,s-2.328757637272608,s-1.076782953172147,s36.129867171904984
095_75,s-0.285404792107255,s-2.071683507814759,s36.129867171523735
095_76,s-1.808168539392434,s-1.226222741115462,s216.129867213566570
095_77,s1.849240582275465,s-1.185254043427188,s36.215174628795104
095_78,s-0.896637398199635,s-0.172107692110326,s36.129419577950877
095_79,s-2.515967699072138,s-2.962084008927566,s28.525789201632371
095_80,s1.650050057542567,s-1.336404112732412,s216.200399340723777
095_81,s-1.577859243167609,s1.624835430249796,s35.909066129186307
095_82,s0.326730556230155,s-2.967282571613575,s36.129867523255577
095_83,s1.062696002941944,s-2.967284374982928,s36.135975372877546
095_84,s-2.535492912897655,s1.487932814859073,s215.909012083427768
095_85,s-1.661811945889657,s-2.053362094169600,s36.129867213563024
095_86,s1.923166726090289,s2.367284478640894,s203.201527130986193
095_87,s-1.760126598076275,s-2.967282571508859,s36.129867172689480
095_88,s-2.535492912894877,s0.581105555495491,s215.909012084630746
095_89,s-1.056831999342865,s2.365607135618601,s215.914645255397403
095_90,s-0.382910044860622,s0.578657221059245,s216.129419577950159
095_91,s2.550741095760574,s1.562882982704699,s36.204371057552670
095_92,s0.504088045323711,s0.685471426088745,s36.091037324794264
095_93,s-0.940058839759578,s-1.138106049104514,s36.129867171513219
095_94,s-1.608808094370918,s-1.075373766885223,s36.129867171895945
096_0,s-1.934341599726042,s-1.877097390702763,s122.543659619555896
096_1,s-0.070918034557394,s0.160691076637537,s122.567141704741417
096_2,s1.043045666284351,s0.616463875009744,s302.540750110606609
096_3,s0.764739337237541,s-2.643418594774327,s122.724852716823364
096_4,s-0.072266457867612,s-0.541174233333330,s122.567141727446099
096_5,s-0.838050732710234,s0.667374516139270,s302.567141704548078
096_6,s1.791625209518824,s0.099389380112944,s122.540750047614281
096_7,s-1.801051617427596,s-2.847341903987863,s302.543220224745369
096_8,s-0.886298394837168,s-0.695227044091312,s302.572378439233148
096_9,s1.749853123636938,s-1.987446153837411,s122.575895042690718
096_10,s0.073960317133779,s-0.056930611662409,s302.567141660042921
096_11,s1.799938466420930,s1.533666025372326,s122.508190855202329
096_12,s-0.763931120654530,s1.325888053886854,s302.747985806502697
096_13,s0.892978136962362,s0.816558101626336,s122.577651865080639
096_14,s1.039011523533802,s-0.103826062426804,s302.540750185329784
096_15,s1.915289990951837,s-0.895103892032718,s302.540750182966121
096_16,s-1.749107268002638,s0.688990651996618,s302.552351231009823
096_17,s-1.789481123118908,s-0.698112100136543,s302.546084568667936
096_18,s-1.045073176533404,s-2.646795621719695,s122.544735903564529
096_19,s2.670313855314825,s-0.693833258396399,s122.540750038800127
096_20,s-0.981757467488820,s0.182299926785329,s122.552351231339671
096_21,s1.044490869414217,s2.047246982636598,s302.508183477720024
096_22,s-0.140551722858052,s-1.931072977310780,s122.574121428407295
096_23,s-1.822703140783321,s2.262658916421556,s115.196773211956511
096_24,s0.982223526996828,s-1.480882795518717,s302.555707268237825
096_25,s0.915890997658302,s-2.844574495747503,s302.520084043457302
096_26,s-1.671344881832807,s2.036270210639407,s302.747985844653613
096_27,s-0.983756859539389,s0.882181785685950,s122.561848235350936
096_28,s-0.895277576037545,s-2.847341606207346,s302.544686163050301
096_29,s0.072583209235871,s-0.758894306766560,s302.567141598301987
096_30,s0.763407316691785,s-1.926684117786618,s122.724856668060013
096_31,s0.913977773058441,s-2.126255001713240,s302.724856694563584
096_32,s0.138990446847900,s2.046625328093617,s302.538010705275440
096_33,s-2.670314454374158,s0.807972771317057,s302.543660804252056
096_34,s1.874435674587357,s-1.576952125999002,s302.540753476524856
096_35,s-0.919183179027216,s2.245967356959051,s122.997544870728632
096_36,s0.010061816740456,s-2.131203664702589,s302.724852713322150
096_37,s-0.836086987579633,s-0.032674001078368,s302.567141722706026
096_38,s-0.140985234112785,s-1.213842413821358,s122.574111458913592
096_39,s1.933719481632885,s1.278743281370660,s302.508195980418975
096_40,s0.894108472544772,s1.533110756242789,s122.538010650327948
096_41,s1.044027315267737,s1.333049882512183,s302.538003720108065
096_42,s-2.670314229948322,s-1.353138070226586,s302.543665142085331
096_43,s-0.765428584818418,s2.043056829796371,s302.748392841361920
096_44,s1.797181513650081,s0.818459351844372,s122.538004048106984
096_45,s0.009985475807581,s-2.847330851555370,s302.550952676304064
096_46,s-0.010936458051825,s1.530933281349140,s122.748392788847852
096_47,s-1.914925359885734,s0.294653403306293,s122.543680740851983
096_48,s0.140247358788338,s0.613056059842174,s302.577031130076193
096_49,s-1.044153592224867,s-1.216925520306907,s122.546084534379361
096_50,s1.786908075148055,s-0.621274781863707,s122.540750185527045
096_51,s-1.045077206447287,s-1.933083728808655,s122.545112551119502
096_52,s-1.786442657014747,s0.020965169878186,s302.552351226614462
096_53,s2.670026687482431,s-2.834358031356157,s115.192091877574555
096_54,s1.918871765335701,s-0.178327214632762,s302.540750014791513
096_55,s2.670304593854365,s2.247416513179728,s122.508021109287867
096_56,s2.670313439110648,s0.025838461173505,s122.539252329448004
096_57,s-1.798575250676147,s-1.418740097928346,s302.545112537265197
096_58,s-1.883758615330241,s1.655185827183000,s122.543647128935419
096_59,s2.670313855833018,s-1.408647407456465,s122.540751891787608
096_60,s-2.670313758952662,s-2.847334930145877,s302.541956059529923
096_61,s-2.670314459944837,s0.093647141176879,s302.543680841951584
096_62,s-2.670314459365534,s-0.623285867283373,s302.543680949522241
096_63,s-2.670025503168046,s2.235545954368189,s295.196858030869748
096_64,s-0.895111668731221,s-2.133132575080327,s302.550936029864545
096_65,s1.800460977142850,s2.247416450807300,s122.508144479076904
096_66,s0.836071300288241,s-1.267576889558988,s122.567141596084198
096_67,s0.009628324974016,s-1.413973136318836,s302.724856667754864
096_68,s0.894684915928422,s2.247416303547574,s122.508231333794313
096_69,s-2.670314450567002,s1.479326215941356,s302.543647128960799
096_70,s-1.926385614979553,s-1.142885106405679,s122.543679682004921
096_71,s1.749963942914555,s-1.289676871231846,s122.543681557474883
096_72,s1.925691519721957,s0.545107487716809,s302.538005512425343
096_73,s2.670304755895434,s1.494573004405105,s122.508152991565666
096_74,s1.672637729287202,s-2.636271168494138,s122.724856694652658
096_75,s-1.800922855174985,s-2.133737557120883,s302.544755133562489
096_76,s0.837691150545474,s-0.565480045755775,s122.567141598666538
096_77,s0.139764950364894,s1.330790351831017,s302.577678350530334
096_78,s2.670312262967653,s0.754753193531188,s122.535288129353361
096_79,s2.670313856295286,s-2.080617465324456,s122.540753497033151
096_80,s-2.670314328583853,s-2.093770352279246,s302.543267544505852
096_81,s-1.752626163246838,s1.388270703686513,s302.678072261350621
096_82,s-1.873768829124121,s0.975772463828522,s122.543660806216607
096_83,s-0.914582127494285,s1.525398139349269,s122.747985844590545
096_84,s1.943395534661072,s2.023770065127146,s302.508144714623029
096_85,s-1.916850048373897,s-0.420726705525430,s122.543681028371665
096_86,s-1.036342807661420,s-0.495181718507538,s122.552351234558884
096_87,s-0.139710394716346,s-2.646385018321378,s122.550935422792435
096_88,s0.888980861904507,s0.096257589517536,s122.567885150148030
096_89,s0.982680663419930,s-0.782843456808477,s302.540825805457530
096_90,s1.880582233135409,s-2.253881928083616,s302.540753497090179
096_91,s1.823906527343287,s-2.862658397003018,s295.192084566878009
096_92,s-0.010452695234620,s0.813200950834601,s122.747985784299175
096_93,s-0.894100889809140,s-1.416996041117361,s302.574113658770273
096_94,s-0.010730048787397,s2.247365244038525,s122.538014727719542
096_95,s-1.943885622375813,s-2.622967731724194,s122.542814848713903
097_0,s-2.676844185251011,s-2.851331454206941,s252.982100532319805
097_1,s-1.886785071777919,s-2.667232885642287,s73.973458426052204
097_2,s0.412201797923515,s-1.250688239733552,s63.675510522098172
097_3,s0.491296568783336,s-0.688174234182059,s63.748597887302090
097_4,s-0.529713317543244,s-2.813282031692705,s245.425689766974330
097_5,s0.524723757755318,s-0.135931931154418,s65.404758446835487
097_6,s0.526239854485790,s0.402645514305827,s65.397540787612002
097_7,s-1.780421015768692,s0.406235352034364,s65.397593767257632
097_8,s-0.773079618597822,s-2.339690482878355,s65.795661496062792
097_9,s-0.627205667515883,s0.404711389019436,s65.397592522389942
097_10,s-2.690426385103718,s0.468251595879072,s245.397593613602396
097_11,s-1.538833676727409,s0.470543675938370,s245.397592564972939
097_12,s-2.690409020035530,s-0.080814183147676,s245.602004087021669
097_13,s-0.385618144140885,s0.469019636857776,s245.397540870967333
097_14,s-1.726111847846963,s-2.866972038213054,s251.922997350539930
097_15,s0.624477823646651,s-2.815181794142454,s245.405826918391512
097_16,s1.536620507909751,s-2.879509609789675,s65.501308671821619
097_17,s0.625147728582513,s-2.276155954208180,s245.501286685921372
097_18,s0.626583491779121,s-1.737221910057888,s245.453732190875428
097_19,s0.659769689511665,s-1.184872494239156,s243.885193576333279
097_20,s0.740091302365866,s-0.621382887173174,s243.454643192208806
097_21,s-0.768731246111760,s-1.799903250830855,s65.463334926948832
097_22,s0.766303235091381,s-0.071593190614747,s245.404831543250623
097_23,s-1.540122652192335,s-0.070279767921089,s245.457452792641419
097_24,s0.767827246937156,s0.466953617489300,s245.397540777850026
097_25,s-1.778649691396901,s0.945411786967369,s65.427783620777348
097_26,s-0.625187059823991,s0.943497549046683,s65.385745534830974
097_27,s-2.690423644310671,s1.011023697376639,s245.427845397969918
097_28,s-1.917537699789355,s2.214653778486480,s65.440804657702301
097_29,s-1.685314175167351,s-2.280511352570839,s245.824384079733449
097_30,s-0.383586407593235,s1.007755906928358,s245.385738781637571
097_31,s-1.536956468955637,s1.009791010846830,s245.389395078606896
097_32,s0.384912852880196,s1.135840801670493,s65.385738691473989
097_33,s-2.688398484716380,s2.088275798436021,s245.440804653726360
097_34,s-0.772258524753927,s-2.878790696910575,s65.819586473254759
097_35,s-0.735577170018153,s-1.249241519512980,s63.675510058453135
097_36,s1.537173396135957,s-2.340993472024038,s65.501286675758067
097_37,s1.538217176744566,s-1.802023986211613,s65.453732097764785
097_38,s1.560921429632318,s-1.253390196436568,s63.885193536261340
097_39,s1.536578194397103,s0.594922732649757,s65.397540888587884
097_40,s2.691321424404059,s-1.204669204902105,s64.195795036785483
097_41,s1.538269145956022,s1.133666951860011,s65.378906974585163
097_42,s0.626538363921552,s1.200089098240444,s245.378907131499403
097_43,s-1.679172901726321,s-1.738073835594583,s245.463334708672818
097_44,s1.639090054195368,s-0.692489465214258,s63.454642430422737
097_45,s-0.387195067669382,s-0.069549319007770,s245.404758552083649
097_46,s1.678231534677086,s-0.137996711050850,s65.404831039028991
097_47,s-1.777389619390041,s1.484055470647548,s65.453717098840357
097_48,s-1.804733704907576,s-0.683751038885399,s65.505199130603827
097_49,s-2.689439336013590,s1.549711234267285,s245.458577104579746
097_50,s-1.535865393259419,s1.548600410186662,s245.453717395052252
097_51,s1.541020034772501,s1.673619671439729,s65.377560493039425
097_52,s-0.763431254524230,s2.215191349592753,s65.432426624111443
097_53,s0.387618314595829,s1.675326370032678,s65.453716423824773
097_54,s-0.765772676457059,s1.675879588581119,s65.453717444796979
097_55,s0.629419884068049,s1.739759414241398,s245.377560598373066
097_56,s0.382634529325952,s-2.879645076098926,s65.441496490584541
097_57,s-0.524196536721228,s1.740553619314249,s245.453717201967947
097_58,s-2.690414615273792,s-1.356489178557985,s245.532550842214107
097_59,s1.778092153809902,s-2.814764522475260,s245.501049474559778
097_60,s1.778646259190362,s-2.276248957398526,s245.501280065965830
097_61,s-0.656000593067924,s-0.683890863672935,s64.323481362389174
097_62,s1.779751427269850,s-1.737468005948255,s245.457720485864087
097_63,s1.778165591431928,s0.659230835660418,s245.397541348197592
097_64,s-0.408841380449229,s-0.619673338193430,s243.748598579075235
097_65,s1.808235769996134,s-1.187021857896591,s244.195794992467711
097_66,s1.779877440405687,s1.197896481650434,s245.378906828906963
097_67,s0.383665000606097,s-2.340896515047453,s65.497947240639576
097_68,s1.782629963585979,s1.737843661548089,s245.377609877551265
097_69,s1.913194951775020,s-0.608941713479001,s244.260674583286487
097_70,s1.919810746094866,s-0.073657864144446,s245.404832140009717
097_71,s-0.528801394737080,s-2.274965536949599,s245.497946776950926
097_72,s-1.889677049238942,s-1.258383918668035,s65.532550200553288
097_73,s-2.690403510465012,s-2.116926916375076,s245.674441733733090
097_74,s-2.690416904255856,s-0.680615010534789,s245.505199257410027
097_75,s0.389596288607545,s2.215237148237731,s65.365699280368901
097_76,s-1.782029232588113,s-0.135296361390529,s65.602004115655191
097_77,s-0.487571501116502,s-1.181747920412595,s243.675510569502478
097_78,s-1.974006677833442,s-1.934745043875121,s65.671763019908354
097_79,s1.543932409742454,s2.211412100614883,s65.116152446198711
097_80,s0.631351578739571,s2.279357509709019,s245.329389227189125
097_81,s1.788750136966350,s2.277732650490308,s246.285531887085511
097_82,s2.691006161301547,s-2.879327854793733,s65.581357344319599
097_83,s2.691002092279257,s-2.340930124269731,s65.538270724257586
097_84,s2.691158987862521,s-1.801665807105141,s65.457720446564679
097_85,s-0.521879432228621,s2.279645076098926,s245.431431085505949
097_86,s-1.634943938123415,s-1.181343138191046,s243.675510064723483
097_87,s-1.558608763327373,s-0.619891186389820,s244.323481554689153
097_88,s-0.628906788650737,s-0.134032413333437,s65.457361471089982
097_89,s0.384533278152723,s-1.801554092271778,s65.309238091189044
097_90,s2.690138259799128,s0.592790901574514,s65.405621533109937
097_91,s-1.675759066820877,s2.279406594714330,s245.536200632362238
097_92,s2.687247004241961,s2.275746516452265,s65.567073318844535
097_93,s2.688682283681754,s0.054274209674206,s65.404832396137692
097_94,s2.691166221983693,s1.678917287414196,s65.377609892119281
097_95,s2.691166102220701,s1.132515020857273,s65.378906874891555
097_96,s-0.526541869017008,s-1.735591611874132,s245.277609594094201
098_0,s-1.556427205008264,s0.437763273344699,s248.783168216157719
098_1,s-0.405911280083408,s-1.171875709653196,s248.376363105254740
098_2,s-2.710441584550637,s-0.652073783450983,s248.640750867783339
098_3,s-2.710426481296800,s-2.895594412477823,s249.816733354957591
098_4,s-2.710836434277465,s1.647628501591427,s245.874057210971017
098_5,s-1.797541688803038,s0.370460948065564,s68.677606052538437
098_6,s2.710552358630230,s2.302883080148688,s66.353157940498576
098_7,s-0.519275699433436,s-2.846136495499129,s245.556148255944066
098_8,s1.504245580819302,s-2.905473393945325,s65.556278534968271
098_9,s0.405442955909943,s1.134550966398946,s68.350298983042322
098_10,s-1.644605026117484,s1.749194390613440,s245.873174876423235
098_11,s1.638080877956022,s-1.177886577251736,s68.376372056173722
098_12,s-1.799472321347763,s-1.250635031576416,s68.277771706684035
098_13,s1.555434219227409,s0.062587022444930,s68.472355416207250
098_14,s-0.747086160385183,s0.535106538818349,s68.783168216164881
098_15,s0.742894300861448,s-1.711138283574362,s246.028499525196821
098_16,s0.647147080548380,s1.201375244576154,s248.350298983048418
098_17,s-1.556790645073967,s-0.642490406662280,s248.640771537616985
098_18,s0.493534781171062,s-1.772981363917943,s68.223616759335314
098_19,s-1.586494173517531,s-2.303632835831674,s246.635741398390280
098_20,s-0.402369872855663,s-0.629856288620052,s249.216811749247711
098_21,s0.441109324755020,s-2.344427513206977,s65.554812345382700
098_22,s-2.710460870121368,s0.968106808706295,s248.350319064911844
098_23,s-0.498816172852550,s0.621980184491459,s248.782656270947967
098_24,s1.825549778683142,s1.761387985883903,s247.594561150967877
098_25,s-1.829856859604473,s-2.362305057404833,s66.742595747966547
098_26,s0.641851309042057,s0.110921884204569,s249.038429319048134
098_27,s1.891365817369760,s-1.740173348744859,s245.623511878577148
098_28,s0.502292838919490,s-1.223503859893988,s68.376363105253276
098_29,s-1.556308740388437,s-0.101895241247951,s248.529705477735718
098_30,s1.647285310041177,s-1.794255048837448,s65.623439503679791
098_31,s2.710274114718506,s0.611828535298559,s68.444945435608929
098_32,s1.558007868199171,s1.143125874700196,s68.350241846630979
098_33,s0.743493967979866,s-1.157761789601353,s248.376365948622322
098_34,s0.402970807640690,s0.592149070790777,s68.780657641713148
098_35,s-0.442850978099366,s2.305472874581178,s245.420847049794503
098_36,s0.447162318863647,s2.245550491663897,s65.420847049804493
098_37,s2.710716317802925,s-1.693886399047345,s65.623511878578043
098_38,s1.575969163367170,s-2.349942649153268,s65.556278447314696
098_39,s-1.806449755790419,s-1.792500759541194,s68.223612374211328
098_40,s1.798040790948386,s0.131511919795279,s248.374286847591804
098_41,s1.798341856604620,s0.670825252611055,s248.444945435760445
098_42,s2.710280564477275,s1.154789715463713,s68.350207775141897
098_43,s-0.503849458183760,s1.189167776314684,s248.350298983044297
098_44,s2.710273291202174,s0.072284338773281,s68.444986336200941
098_45,s-0.413603691339841,s-1.721087420821866,s248.223616585006084
098_46,s-1.884840539259662,s1.044158023175109,s68.350319064959109
098_47,s1.593952854769329,s2.245947829396741,s66.359059320823206
098_48,s-1.634628555672746,s1.132416525360559,s248.350319064936599
098_49,s-2.710459389841994,s-0.111601043650923,s248.371324484117309
098_50,s-1.574787500371214,s2.305436251337361,s245.436459788860759
098_51,s0.694844564876991,s2.302224403594144,s246.733506519620676
098_52,s-1.565074222683569,s-1.727401972935862,s248.223612374185421
098_53,s1.797913458317188,s-0.408408718643591,s248.510015365959987
098_54,s-1.920446103773496,s-2.777676031917597,s17540.087858347364090
098_55,s1.800211376153110,s1.211207482065054,s248.350207775140149
098_56,s1.555038724846211,s-0.476759743094687,s69.249150912629602
098_57,s-0.644688814254651,s-0.698308886778558,s68.640771537614896
098_58,s-0.654979235018100,s-1.786186219031735,s68.223612374185365
098_59,s-0.745080508123618,s1.123535392852956,s68.350317581220622
098_60,s-0.648206981972544,s-1.240310476139512,s68.370011440056800
098_61,s1.572663218178694,s1.688407060585002,s68.312935587095467
098_62,s-0.399891568633168,s-0.086400003721677,s250.241214341447943
098_63,s2.710736246799532,s-2.888032877021666,s-1726.222933532938669
098_64,s-2.710466203388466,s-1.190749862787575,s248.277771706684234
098_65,s-2.710659321917049,s-2.348896274810880,s246.742595747962440
098_66,s0.613830644398771,s-2.846956814455152,s245.556091336941336
098_67,s-2.710834546337528,s2.304334280964921,s245.874057064899034
098_68,s0.661980324579310,s1.746926570908227,s248.312935587098195
098_69,s1.748427354140701,s-2.851620879434490,s245.553614081002507
098_70,s0.750221924783940,s-0.584182847582867,s249.249150912631649
098_71,s-0.696251569897482,s-2.342550851336121,s66.635741398393648
098_72,s0.505474416261828,s-0.665486426210328,s69.233613421626458
098_73,s-2.710441066501871,s0.427430430180532,s248.677606052628761
098_74,s-1.797707038224516,s-0.709338064067347,s68.640750868573747
098_75,s1.888986356402462,s-1.087663544997124,s248.376372056162808
098_76,s0.685258084190202,s-2.290634519145343,s245.556278447312366
098_77,s0.420706572731864,s1.681451562930736,s68.312935587179680
098_78,s2.710278724847280,s-1.007055526808041,s68.376372056157692
098_79,s2.710270022996066,s-0.467192435065361,s68.510015365935075
098_80,s-1.799010984928296,s-0.170826984756814,s68.371324484104917
098_81,s-1.888449592697907,s1.694047176895117,s65.874057211000135
098_82,s-0.740107416397357,s1.666335536408984,s66.120973372548661
098_83,s2.710727560304323,s-2.354577609662064,s65.578516400252610
098_84,s-0.487921060066653,s1.735201775185421,s248.312935591050433
098_85,s-1.819933498320422,s2.251260782534018,s65.774980677781457
098_86,s-0.645058402376127,s-0.157544927032768,s68.539155033763706
098_87,s1.820171257107048,s-2.296088679404049,s245.578505067796669
098_88,s1.837339930422341,s2.303149253321432,s246.353156866559061
098_89,s-1.557935539751550,s-1.185062682072305,s248.366747988756970
098_90,s0.398488640085535,s0.039007400513616,s70.241214341447886
098_91,s0.369680102133102,s-2.900766283517604,s65.556147203438343
098_92,s-2.710470408080037,s-1.747872884580810,s248.223612374212479
098_93,s-0.449295256602556,s-2.285909924484752,s245.554812345380981
098_94,s-0.687139838264990,s2.252235955917614,s65.427987884713005
098_95,s1.556412348682210,s0.603488288351058,s68.652898483170958
098_96,s-0.766237222181343,s-2.902801178030501,s66.635868398495063
098_97,s0.644169390264541,s0.659409006044283,s248.652898483171242
099_0,s-1.557086355574567,s0.435132392313421,s246.893457186263163
099_1,s1.798896315883895,s-0.407796369777624,s246.697745471754672
099_2,s-2.710842116357680,s-0.650049766791806,s246.889615659222443
099_3,s-2.710831399184554,s-2.898401073064330,s247.099750033599435
099_4,s-2.711240744279817,s1.646339173371485,s244.190977615840097
099_5,s-0.689954245735142,s-2.347377638362735,s64.584056404544611
099_6,s0.643307151136342,s1.203706832429138,s246.774946972760432
099_7,s-0.513814145253013,s-2.849645955667084,s244.100083718161073
099_8,s1.510939169505052,s-2.905490771615722,s64.100082843923389
099_9,s0.401796077340058,s1.137443944404931,s66.912112442549841
099_10,s-1.645076665266260,s1.748211762177977,s243.710812702596627
099_11,s-0.490491513269962,s0.613331664804929,s246.895540725884871
099_12,s-1.801256855465084,s-1.251581691350776,s66.394294101815419
099_13,s1.557106971920775,s0.065408795293206,s66.723982253273292
099_14,s-0.741027025119704,s0.522779812703613,s66.893457186341337
099_15,s0.742411220040509,s-1.720628723773466,s245.556136805547368
099_16,s2.703769530570244,s2.286549776553402,s64.861757263164293
099_17,s0.402470119800349,s1.676985674989830,s65.791078937731797
099_18,s0.497116802489922,s-1.784543465997865,s66.602393439853870
099_19,s-1.919948561484216,s-2.778084013320418,s256.420601132312925
099_20,s-0.401574543146469,s-0.636611752014059,s246.795778934445735
099_21,s0.446062425139387,s-2.347767810811803,s64.100078627104224
099_22,s-2.710858178752464,s0.968168038269714,s246.657362930418685
099_23,s1.623956676710891,s-1.166066096771931,s66.776473079992002
099_24,s1.799705909311567,s1.749707084362457,s246.455784174226835
099_25,s-1.829230200312196,s-2.357420573913157,s66.080446657379255
099_26,s2.709748919801107,s1.147663708626266,s66.746287393564060
099_27,s1.892795822500684,s-1.730374857212301,s245.170635567636339
099_28,s1.798615276650342,s0.131478960439365,s246.693733764738283
099_29,s-1.556390759916987,s-0.103685786633517,s246.737348290251617
099_30,s1.649883288987569,s-1.789480703473819,s65.170635567637774
099_31,s2.710833401256441,s0.608807965123969,s66.643049039439333
099_32,s1.555469098136165,s1.143573725800782,s66.769620839025109
099_33,s0.742424032502275,s-1.176669062165189,s246.776323405330373
099_34,s0.403081461245933,s0.598059554153379,s66.895540725732531
099_35,s-0.439900299915715,s2.305490726091135,s243.967463029831663
099_36,s0.450503601916736,s2.247844267588281,s63.967463029846222
099_37,s-1.883842039452800,s1.042095493833325,s66.657362930510800
099_38,s1.580928699566904,s-2.349738904748475,s64.100077675881778
099_39,s-1.807411363774822,s-1.794023179222442,s66.602393439158305
099_40,s0.499949300869340,s-1.242030475046957,s66.415777791167841
099_41,s1.798507049783335,s0.670798917177416,s246.682538061295418
099_42,s0.645010824449926,s0.125690301845443,s246.750894996175788
099_43,s-0.510406344570786,s1.195196174722151,s246.912112442440815
099_44,s2.710834844118982,s0.069975343609657,s66.649216198604250
099_45,s-0.413065227711123,s-1.725808418395600,s246.602393439636785
099_46,s2.711017502413180,s-1.667194551781302,s65.170635567637007
099_47,s1.591986132244481,s2.245692202285475,s64.680025682238920
099_48,s-1.637779565310108,s1.117072596548245,s247.341083545330207
099_49,s-0.504909726404314,s1.744005232638277,s245.784991980584351
099_50,s-1.571355953426538,s2.303462657818685,s243.722777562507076
099_51,s0.696464012608577,s2.303717433022360,s244.680025682238124
099_52,s-1.566051504738509,s-1.728866303560575,s246.602393439155634
099_53,s-0.409717926747013,s-1.181080126197380,s246.415777791171706
099_54,s0.516229765505382,s-0.692369354486813,s67.418430083618645
099_55,s1.797221227367450,s1.209203546904554,s246.746287393392805
099_56,s1.557444721020691,s-0.473576007005566,s66.777860541087037
099_57,s-0.644468391797583,s-0.702451835767456,s66.864303235467247
099_58,s-0.654425086748577,s-1.790965294058763,s66.602393439155620
099_59,s-1.815712248657917,s2.250483431458864,s63.730152967713117
099_60,s-0.651366966024535,s-1.245418975451521,s66.394294101828237
099_61,s1.558180109123220,s1.685168019271091,s66.455782216328629
099_62,s2.710850652254067,s1.686025690378204,s66.455784174311844
099_63,s-0.403508781583127,s-0.097694681781569,s246.737307001076005
099_64,s0.620161104403609,s-2.849263240711502,s244.100082801429693
099_65,s2.710322484532857,s-2.888039597185223,s71.270408168487592
099_66,s-2.710912228858549,s-2.357108136176686,s246.080446657344851
099_67,s-2.709796634945644,s2.304491561451752,s244.364278851054479
099_68,s-2.710880139928378,s-1.190339718868739,s246.394294101732839
099_69,s0.648469438543532,s1.745485815806967,s246.455782216326526
099_70,s0.775355470786266,s-0.592789735678950,s246.777860541085460
099_71,s1.755583355857500,s-2.850308829534922,s-1555.986820548710966
099_72,s-1.581899726747659,s-2.296810978496213,s244.584056404549983
099_73,s-1.798219349848518,s0.368755988609734,s66.867511412033963
099_74,s-1.890678687301222,s1.694052250692991,s64.190841329301591
099_75,s-2.710843872461211,s0.428292698653230,s246.867471518946616
099_76,s0.690036873837780,s-2.293210777567959,s244.100077675995067
099_77,s1.875474991134537,s-1.074604974016915,s246.726043323403417
099_78,s2.710829239197707,s-1.007898286663989,s66.726043323414586
099_79,s-0.758444526683224,s-2.904865277577714,s64.350459079014868
099_80,s2.710831258995740,s-0.468856739685529,s66.697745471522694
099_81,s-1.798891345565602,s-0.171436691806260,s66.622161223206760
099_82,s-1.797867989661026,s-0.709985129733021,s66.889615659155766
099_83,s-0.754596200155339,s1.685650518448763,s63.710812702827830
099_84,s2.711240732363346,s-2.339771338142867,s64.090624280256009
099_85,s-0.752474738828844,s1.127547194341882,s67.341083545300052
099_86,s-0.644714547674498,s-0.163419702932279,s66.737307000786302
099_87,s1.824936987402958,s-2.295197134762799,s244.090624280248960
099_88,s1.835903843697671,s2.303238872665196,s244.875809630710677
099_89,s-1.559661937918932,s-1.187301867020663,s246.394294101827228
099_90,s-2.710608166869685,s-0.109902861538516,s246.559837290623079
099_91,s0.385717622889182,s0.014256357858490,s66.747933430993882
099_92,s0.376186656511650,s-2.903820304622359,s64.100083813674615
099_93,s-2.710862395587159,s-1.750964457791442,s246.602393439154895
099_94,s-0.444715593451217,s-2.291540325860248,s244.100078627102818
099_95,s-0.684874020288973,s2.251898550651398,s63.722777562459505
099_96,s1.556890421696259,s0.604861000142749,s66.804856582597054
099_97,s-1.556745304322701,s-0.643655572399340,s246.864303235461392
099_98,s0.644608698175820,s0.664756686214358,s246.804856582669402
100_0,s0.688067165475607,s0.026482501937255,s244.706761296687375
100_1,s1.833357819086097,s-2.280739460410934,s244.268844596012769
100_2,s-0.688850713393434,s-2.342064968774499,s64.483501114899482
100_3,s0.444339474542118,s1.111407798203058,s64.591870014566013
100_4,s-2.725747609497964,s1.142901529221825,s244.483323496105072
100_5,s-1.828044887036091,s-1.774767197201861,s64.674795304600906
100_6,s-1.834005237012468,s1.681265006710508,s64.168791127941191
100_7,s1.828458649800587,s0.032830647675813,s244.706761825508551
100_8,s0.695038303311470,s-1.131889550111669,s244.688132870727458
100_9,s2.725721300862059,s-0.020133682503982,s64.706761825459736
100_10,s2.725724469808748,s-1.162495459471183,s64.688132870753762
100_11,s0.689847553008344,s2.317788669372389,s244.366157689956395
100_12,s-0.695513821559207,s1.683930737807871,s64.272825551311158
100_13,s1.828071954007262,s1.174699451054475,s244.690823320612878
100_14,s1.587249611563343,s2.259004793302356,s64.392406451730324
100_15,s0.688525195349833,s1.742225363621575,s244.468052037134271
100_16,s-0.445309498820212,s-0.566950965331380,s244.706762748933443
100_17,s2.725808711965462,s-2.911779998353214,s64.233931689247228
100_18,s1.833655403839159,s-1.699939965982491,s244.450529993218851
100_19,s1.830990778078492,s2.317475002150221,s244.601598911579856
100_20,s0.452478254892057,s-1.765238833338455,s64.515073352871767
100_21,s-1.590961088434459,s1.158289588026616,s244.483323496466625
100_22,s0.448460116572484,s-2.914198362294227,s64.304655246015855
100_23,s0.445224655377518,s1.684071485316485,s64.419012924378038
100_24,s1.585704849390090,s-0.597690962020978,s64.706762782283803
100_25,s-0.695947728785501,s1.106964927661479,s64.483323497246218
100_26,s1.832120615618749,s-1.118334963811890,s244.688132870736922
100_27,s-1.588089455209027,s2.315984056364409,s244.206195913125157
100_28,s0.452139120756502,s-1.191054302059352,s64.688438931451103
100_29,s-0.695247969000487,s0.532320303426668,s64.682560291555916
100_30,s2.725556498523213,s0.550629272670224,s64.705297453874181
100_31,s1.585436185539090,s-0.026747254875273,s64.706761825711098
100_32,s-1.831083037014882,s-2.917618529301007,s64.611280419104887
100_33,s-1.834069417125303,s1.099994300711412,s64.483323496381686
100_34,s1.587303264643089,s-2.912951469809127,s64.243142544883838
100_35,s-2.724709246837734,s-2.872101676481082,s244.611316221270016
100_36,s-0.689954847066636,s-2.917764881085122,s64.379092812203552
100_37,s1.585586109511445,s1.687095198072777,s64.529209169806734
100_38,s-2.725756458252800,s2.313302153453948,s244.206195894346479
100_39,s1.828588301197984,s-0.538440811403430,s244.707611176282626
100_40,s0.687410022454225,s1.170239711873831,s244.620191132317132
100_41,s-1.585654239683262,s-2.287218837640835,s244.520577064224341
100_42,s1.589222221876714,s-1.177498891382024,s64.688132870727941
100_43,s-1.831476901155856,s2.258865310024091,s64.206195898176560
100_44,s-2.725711503219537,s-1.720538496691034,s244.686840321841004
100_45,s0.687379145821226,s0.598627438189743,s244.696402486474682
100_46,s0.694029527241295,s-2.280867809304164,s244.285415559985012
100_47,s-1.828597991007828,s-0.061531430523572,s64.706759676705076
100_48,s1.828768532268605,s1.745710848234268,s244.575993691777143
100_49,s-0.444972010728812,s-1.138218932125155,s244.691445750850107
100_50,s1.830686964910499,s-2.855690289624079,s244.233931687711646
100_51,s-1.588657502879339,s0.576092955125307,s244.682560291556911
100_52,s-1.585429505199045,s-0.573283925240211,s244.706762748838969
100_53,s2.725723132219053,s1.120615287706243,s64.695979839256509
100_54,s-2.725712234834157,s0.562576773335719,s244.682560291684410
100_55,s0.695786695247453,s-1.706909466292593,s244.450571418714389
100_56,s0.691932635143870,s-0.553436617618194,s244.706762782282084
100_57,s0.445188020378361,s-0.032760395388706,s64.706761292401936
100_58,s-0.444715827472059,s-1.710655553147566,s244.577463971746596
100_59,s0.446340756639150,s2.260112680293326,s64.288432747411690
100_60,s-1.585009992967948,s-1.715712474931645,s244.640785836120529
100_61,s-1.831561649737170,s0.516952652121728,s64.682560291590121
100_62,s-1.828839779344287,s-2.345791908430452,s64.565149836641098
100_63,s1.585184968472726,s0.544219115502404,s64.700104960121990
100_64,s-1.828138005969334,s-1.203790127466316,s64.707352083588418
100_65,s0.444475176891299,s0.539434496686478,s64.692492067436234
100_66,s-0.687808554975842,s-1.769434053746563,s64.608650683110284
100_67,s0.449053491422104,s-0.612679521326947,s64.706762748934665
100_68,s1.590513673650460,s-1.758096178089765,s64.450559255943517
100_69,s-0.452678227659725,s1.165427592561325,s244.545674091302033
100_70,s-0.452338488658030,s0.591466179517021,s244.684629500668109
100_71,s-2.725808705660721,s1.730026458941490,s244.168791127619613
100_72,s-0.692802424252868,s2.258975503018284,s64.206466798124737
100_73,s-1.585141644323057,s-1.144346615785587,s244.699616266874614
100_74,s-0.445489373264357,s-2.283878723998029,s244.413224979153028
100_75,s2.725738278086681,s1.691991347472212,s64.608455973821904
100_76,s1.590018274465389,s-2.338139438715994,s64.274505126186796
100_77,s2.725801760954120,s-2.329363999013105,s64.268844596052716
100_78,s-2.725707348315412,s-0.579922097239650,s244.711280391990698
100_79,s1.585020558665321,s1.115586952614193,s64.648059040794777
100_80,s2.702566442713388,s2.294674293012589,s64.250671032833367
100_81,s1.828228174531128,s0.603783805164998,s244.705297453777064
100_82,s-0.687877975890731,s-1.197408394590624,s64.695711363948092
100_83,s-1.590463574132367,s1.738344977391291,s244.213779833279574
100_84,s-0.691355873661281,s-0.048017101082428,s64.706759676907780
100_85,s-2.725726641568624,s-2.292139859762743,s244.599653651631399
100_86,s-1.587345139434014,s-2.859110026069422,s244.400249760406155
100_87,s-1.585718844250471,s-0.002288540057619,s244.706759676906842
100_88,s-0.452038495712172,s1.741491716695144,s244.332353767989702
100_89,s-2.725708113927582,s-0.008947677573485,s244.706759676697146
100_90,s0.691920680055442,s-2.856736451881097,s244.256959035221712
100_91,s-1.828439616677607,s-0.632817926940883,s64.711280391991281
100_92,s-0.688188642400708,s-0.626193868819987,s64.706762748843502
100_93,s2.725766866574471,s-1.744515333124147,s64.450529993216676
100_94,s2.725721156919537,s-0.591066006785578,s64.707611176343505
100_95,s-2.725509342133731,s-1.150602301158251,s244.708749993552317
100_96,s-0.448476722742420,s0.011225793736677,s244.706761292401495
100_97,s-0.449370767507920,s2.316141121765997,s244.223579116938424
100_98,s-0.446502525802317,s-2.860015802805769,s244.312886680952943
100_99,s0.450470168886048,s-2.338582128376959,s64.382258130595886
101_0,s1.870403532432225,s1.769215566525870,s-105.801309943076461
101_1,s2.765582207501903,s0.658747938076298,s-2086.913347619467913
101_2,s0.776665617852450,s1.577217577614166,s6372.386809516990979
101_3,s-2.756538324539797,s0.882341337476076,s248.185345272543685
101_4,s1.649679150069026,s0.484850146071687,s70.980939516978893
101_5,s2.762458887949892,s-2.191964052846870,s72.459478235043250
101_6,s-1.365205258915748,s2.348555040234616,s67.928710981292724
101_7,s1.873843246032759,s-2.816281538434909,s5650.664226848418366
101_8,s-2.755942571243045,s-0.195150997846619,s-471.736436108240753
101_9,s0.481157448647350,s-2.950165275073182,s68.547837017520393
101_10,s0.478408928927359,s-2.411949762087131,s68.436803582489503
101_11,s-0.686383041460773,s1.893717559923604,s67.578949066837026
101_12,s0.473293037708269,s-0.258321838524172,s68.273538634957035
101_13,s0.472503079101080,s0.819476875597227,s68.361796621695319
101_14,s0.474921905542826,s-1.335216268376137,s68.330000832179550
101_15,s-0.686080909623618,s-1.335470651472653,s68.264772580246003
101_16,s2.765426720267552,s-0.479682654290249,s72.279598124189434
101_17,s1.892514049303530,s0.567564033551461,s-1906.912666937632594
101_18,s-0.438392946118502,s-0.734024313530436,s248.228836735987073
101_19,s-0.686642453572531,s-0.796991173612733,s68.251448908029943
101_20,s-2.153256209673589,s2.310980089745881,s82.665527384090424
101_21,s-2.755125089800888,s-2.886454522706301,s7087.799604781167545
101_22,s-1.598345562877652,s-1.809487546558711,s248.269410247170015
101_23,s2.765222675006202,s-2.793807321790162,s-289.335825839847587
101_24,s-0.283177358036745,s2.352251159547849,s66.370622269343528
101_25,s0.473953356698486,s-0.796857688099593,s68.272302826014197
101_26,s0.749664305803559,s-0.657404968460544,s252.040100373058209
101_27,s0.476414912796044,s-1.873584159924832,s68.383217320953477
101_28,s1.633869307273163,s-2.324276514773157,s71.922674002782969
101_29,s2.765443929832110,s-1.051100244298844,s72.434818453319636
101_30,s-0.684887701430445,s-2.412557950982785,s68.244799383104805
101_31,s-2.752761752593789,s1.963723257051827,s1329.883483810886219
101_32,s-0.434696296097599,s-2.350133114062751,s248.432349753741278
101_33,s-0.441122423726148,s1.419867780450382,s248.295753281901341
101_34,s-0.438898016431410,s-0.195633861184657,s248.275148383244357
101_35,s2.711722614227058,s0.064774875649978,s-1004.496278880923114
101_36,s-1.841352268558686,s-2.412267332561619,s68.285266081389423
101_37,s-1.842015282953642,s-1.873843289336544,s68.251872031285444
101_38,s-1.842512630016094,s-1.335329124555642,s68.251114574855805
101_39,s-1.598381031174869,s-2.347577672190009,s248.114907842079134
101_40,s1.883026737308683,s-1.116212626099631,s-467.565411086513620
101_41,s0.724479229442859,s-2.880974760311174,s249.453583545670142
101_42,s0.760414360199330,s0.453367892060068,s250.978512379019577
101_43,s2.765484494714397,s1.270245853832274,s433.089710409304530
101_44,s0.785905709261744,s-0.084187880066414,s-829.156841851525542
101_45,s0.727888868400042,s-2.336278668030363,s251.927008593564352
101_46,s-1.600043574013986,s-0.193916190415566,s248.261135541520645
101_47,s-0.688324312320309,s0.818629788659238,s68.277740699354496
101_48,s1.647063761434413,s-1.198856017035546,s72.429696616710388
101_49,s0.741442137249587,s-1.219218782808788,s252.430299757769689
101_50,s-0.687717947923313,s0.280035675325026,s68.249427570115657
101_51,s-1.844418864124333,s0.818481917485995,s68.159064688990085
101_52,s-1.844276539479319,s0.280257019417510,s68.264783239995964
101_53,s2.764823662197966,s1.836382747807174,s3674.207767167845304
101_54,s0.644942927520443,s2.288555022917066,s965.000288361630282
101_55,s1.871902550905035,s-2.241827804224538,s-1187.536106637223611
101_56,s-2.753739251825917,s-2.349285039281846,s248.285367318978757
101_57,s-1.601801470380281,s1.421710923215459,s248.232651994102469
101_58,s1.642837785286991,s-0.618585378118606,s432.041478271445499
101_59,s-1.600625622924428,s0.344603253967479,s248.259963054393268
101_60,s2.765446548128827,s-1.628923094870590,s2232.449310047684776
101_61,s1.879920701299821,s-0.536804943634779,s252.280076218377985
101_62,s-2.754311021498128,s-1.810630638696939,s1328.235246578006581
101_63,s-0.685435001477526,s-1.873973208150439,s68.269686080086544
101_64,s0.733936634198270,s-1.778055141409719,s2411.871466730350676
101_65,s-0.439626057095799,s0.342877425080406,s248.277053089836471
101_66,s1.792936717760012,s2.335004107580314,s3494.881572125058028
101_67,s-0.682961816044706,s-2.950220975360508,s68.552306356126522
101_68,s-1.759037654885700,s1.998855037876321,s250.619660261246224
101_69,s-1.843665523902742,s-0.258265420241122,s68.262495488298441
101_70,s-2.756556948536422,s0.343367565273562,s248.264025646239389
101_71,s-0.437735032671542,s-1.272767747068862,s248.311050382915226
101_72,s0.472599354412182,s0.280237374778108,s68.281723050916924
101_73,s-0.440318342149107,s0.881416690765674,s248.271881312428235
101_74,s-0.436498484008159,s-1.811394734414125,s248.351096427575072
101_75,s-1.599165679059204,s-2.886094721102398,s248.115321594996601
101_76,s1.575457480076997,s0.045170883867411,s35894.274808848902467
101_77,s1.635354440099226,s-2.891587437188935,s70.640935280123927
101_78,s1.523327115197360,s2.256143401459769,s-2095.123953860155325
101_79,s-1.599508120424088,s-0.732400637299695,s248.249600097169434
101_80,s-0.442330030706120,s1.958215756595719,s248.356387689192246
101_81,s-1.598973745271793,s-1.270950201155504,s248.261704782693528
101_82,s1.875581663998571,s-1.679887584070368,s252.449159624102691
101_83,s-2.755334083039243,s-0.733667721136397,s248.263307202193175
101_84,s-2.756532891057109,s1.422827466129641,s248.077089362889467
101_85,s-0.437506115781252,s-2.885558008241681,s247.326250398285083
101_86,s1.903197096046719,s1.163985399331086,s3493.086235265388950
101_87,s-1.840908587257280,s-2.950993757994876,s68.208926253233798
101_88,s1.637559181854615,s-1.761918287153309,s-1368.111062381398824
101_89,s-1.843707790041463,s1.356791443702464,s68.084169479423181
101_90,s-0.687183246172829,s-0.258448279577166,s68.261136455336143
101_91,s-2.754756392944036,s-1.272171355368805,s248.256012043823887
101_92,s-1.601282704432258,s0.883073823600455,s248.276487970877156
101_93,s2.745105296843603,s2.351119252526013,s5106.348180870038959
101_94,s0.770740325134711,s1.013486520203906,s253.033527022337978
101_95,s-0.688939876238541,s1.357068016403919,s68.249471667881579
101_96,s1.630175378837619,s1.681458064014396,s-2087.640287588799310
101_97,s0.471273874610151,s1.358054444963492,s68.335262611682339
101_98,s-1.843061309491850,s-0.796779534839227,s68.263233416870037
101_99,s0.468730032946462,s1.901700162244663,s-1011.707796870676589
101_100,s1.664138005530644,s1.066021054705768,s-286.959760898287755
102_0,s-1.117111861747863,s0.154864151861780,s158.145821226679288
102_1,s1.036939456124849,s2.459982052768062,s158.146293155262612
102_2,s-2.258914559008288,s1.550851940652605,s338.147033855131667
102_3,s0.972183432046243,s-0.759168686191924,s338.146002095405663
102_4,s1.239136298988320,s-3.061177241429147,s-1456.352210783247756
102_5,s-2.283777365970566,s-2.099406719160752,s342.314926793351560
102_6,s-0.040089491372405,s2.461019374124878,s158.143546292951498
102_7,s-0.040079121295032,s-0.999642174565097,s158.145662242399908
102_8,s0.543725385247230,s-2.177088768789024,s1602.305577631283541
102_9,s0.498434567099947,s1.306951062973999,s158.147533385741383
102_10,s0.433690645709892,s-1.912173763143074,s338.145685090598931
102_11,s2.652477228318487,s2.458513136392395,s158.154879651507883
102_12,s0.026819595615804,s-3.059577425749006,s342.111797266531653
102_13,s0.498437340381406,s-1.000139265366640,s158.145709833479287
102_14,s-1.181879059762603,s1.549879219261604,s338.148114579033063
102_15,s-1.181883042648070,s-0.757181777472685,s338.145662971488321
102_16,s-1.655693583234551,s2.462466985821912,s158.149594028174704
102_17,s-1.117174645812967,s2.462010194906787,s158.152968036094649
102_18,s-0.578595364194588,s-0.999144337641341,s158.145563337426950
102_19,s2.434314679579492,s-2.113003755069997,s524.319555989556193
102_20,s1.510681403369207,s0.393876394884421,s338.140301499965233
102_21,s-1.720397723811198,s0.396837144380472,s338.146979998970153
102_22,s-2.652476102976029,s0.557678416349941,s156.370622269343926
102_23,s2.049244850143002,s-1.913679957545916,s338.145771890545234
102_24,s1.941732315208674,s-2.987659378696281,s-15.834502881328929
102_25,s0.972182807097226,s0.394393108694582,s338.146703052972214
102_26,s0.972182657136985,s1.547934392063405,s338.146693378965324
102_27,s1.575474495881753,s0.152376837810918,s158.144186972525802
102_28,s-0.016838961974945,s-2.168159148246604,s162.061723893409692
102_29,s2.113978539112100,s2.458982753100433,s158.145435664797418
102_30,s-1.720400783276702,s1.550363277782734,s338.146132445726607
102_31,s-2.203100579668678,s2.461688340799424,s1598.106458655056940
102_32,s-2.652476102975999,s1.711192453295274,s156.370622269347990
102_33,s-1.720376636745407,s-1.910180257430340,s338.145301359965401
102_34,s-1.655628956783902,s1.308890757195801,s158.146979817840020
102_35,s2.652503391022550,s-1.002135894321913,s158.145951321443135
102_36,s-2.573791899958201,s-2.472522271499434,s-8471.180062941171855
102_37,s-0.578597060061463,s1.307903042308275,s878.147201803028565
102_38,s-0.104851945743935,s1.548924174033285,s338.146145766371944
102_39,s2.587728229095315,s1.546378031254141,s338.145358549858372
102_40,s-1.655626704178043,s0.155362569076611,s158.145274930479275
102_41,s0.433662622063935,s1.548428478580833,s338.145534206270383
102_42,s-0.578596170492152,s0.154369248569420,s158.146073735324080
102_43,s-0.643365892918315,s-0.757677956375817,s338.145940100536905
102_44,s-0.104851088262314,s-0.758175505750773,s338.145375888014769
102_45,s-0.578641898837302,s2.461552025228311,s158.149305459290645
102_46,s1.510696481394048,s-0.759669350332886,s338.144667953362330
102_47,s-0.104846231521828,s0.395361810590347,s338.147968862714094
102_48,s2.652501949352549,s0.151378383718178,s158.146194382365536
102_49,s1.036953174435163,s0.152880149123306,s158.145966957693645
102_50,s2.652501503281342,s1.304909299703854,s158.146813038354765
102_51,s2.049215540377539,s-0.760172920432309,s338.145514728350349
102_52,s0.498436388956929,s0.153374264026970,s158.146103728379273
102_53,s-0.643361990172383,s1.549406113294528,s338.148403778260160
102_54,s0.610589486231411,s-3.057743797760688,s702.299558758494982
102_55,s0.433666583794373,s-0.758673642512066,s338.145851070144658
102_56,s-2.194146541769452,s0.155862501202293,s158.145489188967332
102_57,s2.554089587261839,s-3.003157080553379,s-7576.989113605407510
102_58,s1.510687901368097,s1.547427858697518,s338.142620391287494
102_59,s-2.258917999933290,s0.397329324120271,s338.145520611755387
102_60,s-1.110014711785803,s-2.155070018158977,s-921.820611722279864
102_61,s2.113989172154811,s1.305402409279299,s158.145388727076579
102_62,s2.587729354636736,s0.392844404349937,s338.145677798662575
102_63,s2.587732264785216,s-0.760671091768412,s338.145677035432982
102_64,s-2.194145857028543,s-0.997647137995576,s-1641.854537698846343
102_65,s-1.655564241797127,s-2.151731834303044,s518.162709542143830
102_66,s-0.582297463150342,s-3.060595004227384,s339.308871624372102
102_67,s-0.040077585618221,s0.153871548813145,s158.145257244444906
102_68,s-0.104825557079913,s-1.911676680685013,s338.145718307775269
102_69,s2.638736250190012,s-1.951252799366942,s-16.314018838944339
102_70,s1.575489202360600,s1.305929199244677,s158.139489233582822
102_71,s0.433666696381589,s0.394880529136051,s338.146757288801950
102_72,s-1.181858733998451,s-1.910680400865847,s338.145580887716847
102_73,s-0.643366746101977,s0.395845102874727,s338.146425835153707
102_74,s-2.194141539558506,s1.309381887984257,s158.145646194751720
102_75,s-1.159035455182723,s-3.060850255255362,s-2901.813218507549664
102_76,s1.575472263266577,s-1.001139109328206,s158.145158437954393
102_77,s-1.655628760040883,s-0.998147407897675,s158.145342838741556
102_78,s-1.117112978488258,s-0.998646458504452,s158.145614544586209
102_79,s-2.650306474544266,s-1.708182987023649,s157.268565583278843
102_80,s1.036954320768591,s-1.000637526247527,s158.145557827687696
102_81,s-0.564304220941684,s-2.160025647861857,s159.304880859783054
102_82,s2.049201475693969,s1.546896862654410,s338.141601819084883
102_83,s1.036957557327646,s1.306459292822624,s158.145088881110837
102_84,s1.740268641536585,s-2.226573917294913,s884.189412110329158
102_85,s0.498432555641260,s2.460491647230211,s158.142518830091177
102_86,s2.113986511867192,s0.151872988706180,s158.145788468575432
102_87,s2.113987074567211,s-1.001638782191817,s158.145729573520271
102_88,s0.972207366015205,s-1.912671202506016,s338.145569577216747
102_89,s-1.720400989142305,s-0.756680960141312,s338.145338996082614
102_90,s-2.652475144671789,s-0.595834747442867,s156.370862019380610
102_91,s-2.258238040473124,s-3.047035672397798,s-18013.632163932084950
102_92,s1.510723224373427,s-1.913172690604798,s338.145156369917231
102_93,s2.049209720753260,s0.393347652811490,s338.144460775702214
102_94,s1.125383748239630,s-2.197332542532028,s3763.708966336303092
102_95,s-1.117107243308608,s1.308396033692032,s158.144997810811105
102_96,s-0.040084425055205,s1.307426463266017,s158.148521212753991
102_97,s-1.712972052407290,s-3.060807603374344,s338.164430158938330
102_98,s-0.643342414168555,s-1.911178845140493,s338.145561601203781
102_99,s1.575458422245276,s2.459485008941289,s158.146001739003225
102_100,s-2.258916322440845,s-0.756182230647680,s338.145697989856558
102_101,s-1.181887146409858,s0.396342719270702,s338.144919553762350
103_0,s-1.182188397189764,s0.397578439842397,s338.198418477016503
103_1,s-1.119317690357398,s2.463199769044153,s158.199282917874683
103_2,s-1.718119819560682,s-3.063199060955382,s338.198410965410346
103_3,s-1.117195761224373,s0.156174286174474,s158.198413344376917
103_4,s-0.104451873096268,s-0.756085756399602,s338.198429319619152
103_5,s-2.205893243789263,s2.461544652171713,s2678.408751186523205
103_6,s2.114606921617315,s-0.997496348663719,s158.198403610177081
103_7,s-0.039459191890907,s-0.997489898875273,s158.198423835354816
103_8,s-2.194228768222306,s0.156177621112006,s158.198411956165273
103_9,s-0.038655286821677,s-2.151107908735113,s158.198394279201437
103_10,s-0.105155369369673,s0.397575258348531,s338.198432138450244
103_11,s-1.654204824002874,s-2.151102698331726,s158.198410967154615
103_12,s-2.258517881441393,s-0.756079084107214,s338.198411955953361
103_13,s-0.579680632632327,s1.309705968618495,s158.198424990786918
103_14,s1.575386938671239,s0.156166241964721,s158.198403566997143
103_15,s1.574393101548677,s1.309702534655345,s158.198392474741894
103_16,s2.112909582312818,s1.309700673285588,s158.198392474320343
103_17,s0.432367166684422,s1.551110340817343,s338.198436374485539
103_18,s-1.118204484783621,s1.309704397611515,s158.198418477220315
103_19,s-2.653020280382855,s-0.596402879646843,s-1283.272244858793329
103_20,s-1.179592728976266,s-3.063196201449329,s338.198410969272174
103_21,s-1.720704897644012,s0.397580097135540,s338.198414826795101
103_22,s0.973387203401068,s-1.909705829148129,s338.198427041772732
103_23,s1.511908335903804,s-1.909705419632389,s338.198412849907982
103_24,s-2.260242494693575,s1.551116640165158,s338.201157313965723
103_25,s0.497359882248690,s1.309706217928863,s158.198434067541314
103_26,s1.509400567580131,s1.551106698939053,s338.198392476496508
103_27,s-2.177411070768171,s-2.714679831611306,s-28343.406472682305321
103_28,s-2.634978859937920,s-1.695442599111606,s1960.460696077990178
103_29,s-0.106152385498694,s1.551111502234725,s338.198706144471316
103_30,s2.050431691003145,s-1.909704181209334,s338.198403606004717
103_31,s0.498353828677773,s0.156169654893063,s158.198434067587982
103_32,s-1.720001398319042,s-0.756080765296051,s338.198412183287189
103_33,s-1.116492291961423,s-0.997486594781196,s158.198410971853320
103_34,s-2.259221387127373,s0.397581765973412,s338.198413001720326
103_35,s-1.719197435911159,s-1.909698555013015,s338.198410972806926
103_36,s2.587427409000701,s0.397566742718038,s338.198392478203630
103_37,s-0.102558811516397,s-3.063199222835121,s338.198394279194076
103_38,s-0.642968415568560,s-0.756084118717795,s338.198415612214887
103_39,s0.499057336609373,s-0.997491381727764,s158.198434304646042
103_40,s-2.195242314080162,s1.309705606281718,s158.198413002090206
103_41,s-0.644674993157149,s1.551111636486133,s338.199038296929814
103_42,s2.111821294500713,s2.463196446629042,s158.198392478752311
103_43,s-1.115688343275877,s-2.151104385859874,s158.198410970109421
103_44,s-2.074014285842565,s-1.983004991220265,s-11764.004150570823185
103_45,s2.652419950992683,s0.156162571080127,s158.198395388634310
103_46,s2.650337789057590,s2.463194591372137,s158.198392499891639
103_47,s1.035876608946179,s1.309704403734461,s158.198394299615416
103_48,s2.115426493204458,s-2.151110358188104,s158.199209945569578
103_49,s-1.657854428960986,s2.463199720411001,s158.199883595108076
103_50,s-1.655712274166440,s0.156175946439552,s158.198412181382423
103_51,s0.433361119469309,s0.397573771986878,s338.198434067533867
103_52,s0.499861465250141,s-2.151109337487787,s158.198445358261012
103_53,s1.513016544656035,s-3.063199177117219,s338.198958541179593
103_54,s1.511097789708820,s-0.756090411923063,s338.198403567836635
103_55,s-0.040162671546855,s0.156171130922475,s158.198429904791141
103_56,s-0.641075843488249,s-3.063197715518489,s338.198410965156086
103_57,s-0.577171862521432,s-2.151106073425903,s158.198410964826536
103_58,s2.588130872720102,s-0.756093987553958,s338.198395386993354
103_59,s2.047917048330793,s1.551104837596507,s338.198392475645505
103_60,s-0.577975790890652,s-0.997488273677827,s158.198410968421229
103_61,s0.970884073398087,s1.551108581203650,s338.198390112864445
103_62,s-1.721720030207591,s1.551112838065040,s338.199883593767368
103_63,s2.586433529133107,s1.551102976218391,s338.198392472734497
103_64,s-1.656723355838629,s1.309705009985316,s158.198414826630511
103_65,s2.653946315342093,s-2.151113520402905,s158.199968394312464
103_66,s0.974488146706657,s-3.063199201194942,s338.198661346432857
103_67,s2.048910903334351,s0.397568593491828,s338.198392473896774
103_68,s1.037573850862605,s-0.997492915774875,s158.198426383641845
103_69,s-0.041158929331054,s1.309706695324150,s158.198432306274043
103_70,s-2.193525265765373,s-0.997483227368919,s158.198411673487357
103_71,s-0.580790773638538,s2.463199788855289,s158.199038296826529
103_72,s2.653123427663272,s-0.997498156484606,s158.198398547959243
103_73,s-1.655008783076846,s-0.997484911680892,s158.198410971782522
103_74,s0.435962230051241,s-3.063199218695592,s338.198445358258766
103_75,s1.034787549411990,s2.463199841369571,s158.198390112851911
103_76,s2.113903452993037,s0.156164414913329,s158.198398165426795
103_77,s0.971877786583909,s0.397572247971941,s338.198394302340887
103_78,s1.573304811111250,s2.463198306808028,s158.198392476789252
103_79,s1.576090395696863,s-0.997494586668302,s158.198412745557079
103_80,s-2.653926959596873,s1.711150231061235,s156.370622271598933
103_81,s-0.042261638258332,s2.463199815761658,s158.198706144318407
103_82,s0.972581187349229,s-0.756088756663855,s338.198417250308410
103_83,s2.588949431148592,s-1.909705419904307,s338.198398545680277
103_84,s0.434064626750895,s-0.756087264030925,s338.198434067588948
103_85,s-1.181484910385102,s-0.756082445482886,s338.198413343074265
103_86,s1.036870387030808,s0.156168032176362,s158.198415639725027
103_87,s0.434868724591811,s-1.909705192898837,s338.198434304644934
103_88,s-1.180680955174273,s-1.909700242552227,s338.198410971420401
103_89,s2.049614348789449,s-0.756092176875080,s338.198398165972606
103_90,s-0.578679226386337,s0.156172654633749,s158.198416220114666
103_91,s1.510394374150386,s0.397570434107720,s338.198392474840830
103_92,s-0.643671883479097,s0.397576813016579,s338.198424598234283
103_93,s2.651426063120966,s1.309698811914614,s158.198392474587536
103_94,s1.576902459008708,s-2.151110931441693,s158.198958541197726
103_95,s-0.642164474402680,s-1.909701930116007,s338.198410968392466
103_96,s-0.103647909812242,s-1.909703672269584,s338.198423835335291
103_97,s0.496265671318948,s2.463199837619454,s158.198436374463569
103_98,s-2.653414998595655,s0.556458537707203,s-2003.595935681378478
103_99,s-1.183199509701283,s1.551110703652295,s338.199282918162112
103_100,s1.038380528480819,s-2.151110542732515,s158.198661346937342
103_101,s2.644406310322809,s-3.042782903572797,s697.812567104367531
103_102,s2.051543944952678,s-3.063199156753943,s338.199209945676898
104_0,s0.973401097847562,s-1.909711586848160,s338.198327690436770
104_1,s-0.039435405180158,s-0.997490096879926,s158.198248318688314
104_2,s-0.578636878379766,s0.156180786772350,s158.198262077050458
104_3,s-1.179590492441042,s-3.063199359925046,s338.198231845808209
104_4,s2.586476042397292,s1.551103570729743,s338.198278209054649
104_5,s0.497401654357905,s1.309710907827026,s158.198338299164192
104_6,s-1.656702399236057,s1.309705716839055,s158.198246818984273
104_7,s1.573349123994009,s2.463200913891354,s158.198278213068534
104_8,s-1.654985322265406,s-0.997480253554902,s158.198231560888786
104_9,s-1.719977245680402,s-0.756075874000306,s338.198235650966467
104_10,s0.498396559957213,s0.156175580520402,s158.198338299092654
104_11,s0.434089191614858,s-0.756088362972571,s338.198338298970441
104_12,s0.435976663796623,s-3.063202876611531,s338.198338297781277
104_13,s2.048954191257767,s0.397571578063752,s338.198278187785377
104_14,s-1.720662100021658,s0.397591498099782,s338.198246821317355
104_15,s-1.655670200722762,s0.156187115533183,s158.198235643672746
104_16,s0.971921012769970,s0.397577355165873,s338.198279167397914
104_17,s-0.580765128503760,s2.463203162007665,s158.199305721662000
104_18,s2.113946266749613,s0.156167262965289,s158.198286560565634
104_19,s1.036913156540386,s0.156172982855123,s158.198310821797691
104_20,s0.499081497319978,s-0.997492588704076,s158.198338297769965
104_21,s-0.038644686043361,s-2.151112243239315,s158.198217876523273
104_22,s-1.115677728533253,s-2.151105375411674,s158.198231790982476
104_23,s1.511122445200979,s-0.756093414539479,s338.198294525364986
104_24,s1.576114600673472,s-0.997497721106031,s158.198306939372912
104_25,s-2.260220882122715,s1.551116782806662,s338.200355701430965
104_26,s1.574435133215752,s1.309705147751149,s158.198278196036341
104_27,s0.499872677410859,s-2.151115225869344,s158.198338297772267
104_28,s-0.579643943934157,s1.309710552051091,s158.198288386271457
104_29,s-2.194186715077780,s0.156190446687172,s158.198240168952367
104_30,s2.651468094943769,s1.309699276781395,s158.198278203992516
104_31,s-0.104427464787568,s-0.756085647804952,s338.198296602485641
104_32,s1.509443080707566,s1.551109441679196,s338.198278203833183
104_33,s1.575429736457683,s0.156170148097112,s158.198294525875525
104_34,s-1.718117214338392,s-3.063200370740848,s338.198231142624536
104_35,s-0.643628934204895,s0.397585163953419,s338.198287947251970
104_36,s-2.259178609307487,s0.397594785551739,s338.198240876746524
104_37,s-2.653056019117446,s-0.597517372350199,s-923.495615038645042
104_38,s-2.276374149168872,s-3.021978476273777,s2500.929064334060968
104_39,s-1.182145539185458,s0.397588258698457,s338.198263037921890
104_40,s0.433404254249626,s0.397579806247570,s338.198338299169961
104_41,s1.034831224502118,s2.463203245350592,s158.198276956379459
104_42,s2.639204993042863,s-3.043527610444349,s8978.327065679281077
104_43,s-2.523078895545534,s-2.417974587541826,s-3079.260940017377379
104_44,s0.974512157416228,s-3.063202837103493,s338.198825891573108
104_45,s-0.644638841934845,s1.551117389694155,s338.199305721771680
104_46,s-0.577161246473569,s-2.151108748237857,s158.198231812769620
104_47,s-0.642944132857289,s-0.756082502264914,s338.198262077086326
104_48,s-0.040120099134458,s0.156178002346069,s158.198300244869984
104_49,s0.432409292585981,s1.551115184673464,s338.198358650559612
104_50,s-2.258493714468405,s-0.756072559372976,s2498.198240198463282
104_51,s-2.204470789199486,s2.460199279367956,s158.118791865818622
104_52,s1.511926815828917,s-1.909710167514724,s338.198307076263632
104_53,s-1.117153574062377,s0.156183888720637,s158.198246901705488
104_54,s-1.654194210348502,s-2.151102001097894,s158.198231335193782
104_55,s-0.642153103435231,s-1.909704401423587,s338.198231752660888
104_56,s-0.105112300759837,s0.397582322528429,s338.198320664225321
104_57,s0.496305870318877,s2.463203238729826,s158.198358650659003
104_58,s0.434880371709158,s-1.909711000140599,s338.198338297758653
104_59,s-0.042228069484929,s2.463203204070007,s158.198786389135790
104_60,s1.510437638983073,s0.397574483021825,s338.198278196432796
104_61,s1.037598026992392,s-0.997495055296899,s158.198326675329412
104_62,s-2.653225952902685,s-1.670054806213831,s-3083.351096785185291
104_63,s2.051583900459509,s-3.063202759124223,s338.199787681142539
104_64,s-1.119299373137387,s2.463203130267312,s158.199697754006024
104_65,s-0.106112302635167,s1.551117045374499,s338.198786389251836
104_66,s-0.103636552396734,s-1.909707818894653,s338.198242566528506
104_67,s0.970926592856791,s1.551112388119763,s338.198276956381676
104_68,s1.038394731319831,s-2.151117075974600,s158.198825891585045
104_69,s-1.719186065852808,s-1.909697653547006,s338.198231506912180
104_70,s-0.041118785996519,s1.309711635441401,s158.198322197762593
104_71,s2.588155578363440,s-0.756099072329185,s338.198282453377317
104_72,s1.035918646199935,s1.309708087256477,s158.198279167392855
104_73,s-1.118172672581317,s1.309708248546706,s158.198263036877648
104_74,s-2.292688578587156,s-2.065777057863397,s341.499339937544278
104_75,s-0.577952194031756,s-0.997486929010415,s158.198231753261894
104_76,s-1.657826481704032,s2.463203120854935,s158.199813906995644
104_77,s2.111866237664778,s2.463198249838295,s158.198278217726482
104_78,s2.047959561522652,s1.551106506264536,s338.198278193304418
104_79,s-1.181460704604707,s-0.756079226664392,s338.198246903421364
104_80,s-2.653903528632850,s1.711154920221403,s156.370622311242897
104_81,s2.112951614035832,s1.309702212154330,s158.198278178176793
104_82,s2.650399191270000,s2.463202374500775,s158.198278254550701
104_83,s1.513050157006163,s-3.063202791311521,s338.199391243075695
104_84,s-0.102549912345544,s-3.063202886367925,s338.198217876384888
104_85,s2.049639036353231,s-0.756096210369427,s338.198286566307843
104_86,s1.576921976685218,s-2.151117151815222,s158.199391243222607
104_87,s2.114631144674063,s-0.997500513894750,s158.198294066833199
104_88,s0.972605789886413,s-0.756090767317550,s338.198313217944531
104_89,s-2.653111534597842,s0.557098962132206,s516.411721800184523
104_90,s2.050456022855429,s-1.909707429669701,s338.198294067099425
104_91,s2.652462773046128,s0.156164353154414,s158.198282465301673
104_92,s-1.183168613597624,s1.551116163285614,s338.199697753904843
104_93,s2.653147661298410,s-0.997503372633848,s158.198286837900184
104_94,s2.587470708354553,s0.397568657936831,s338.198278213441938
104_95,s-1.180669585062198,s-1.909701027792521,s338.198231501875853
104_96,s-2.193501824771610,s-0.997476903600499,s158.198238345944077
104_97,s-0.641069886041884,s-3.063200964865713,s338.198231807788432
104_98,s2.115452256936456,s-2.151115457190013,s158.199787683527546
104_99,s2.588975420950729,s-1.909708996108467,s338.198286839974969
104_100,s-1.721698636605974,s1.551113982569037,s338.199813925153194
104_101,s-1.116468806600743,s-0.997483612739375,s158.198231567429730
104_102,s2.653974691245053,s-2.151119827810410,s158.200893672216438
104_103,s-2.195223160895482,s1.309707134666903,s158.198240874688452
105_0,s1.635275134478388,s-0.401618964249443,s68.311548223965460
105_1,s0.723217789913450,s0.198996661352467,s248.314673354349054
105_2,s-2.759264977450287,s1.872946123076948,s242.620054480909999
105_3,s1.639727635312750,s1.759487960028314,s68.091819586271711
105_4,s2.788392048817166,s1.769743555893623,s68.088775455996924
105_5,s1.877002380050470,s-1.955010805441022,s248.172928105426990
105_6,s-2.776750176958232,s-2.448860696435735,s248.230377364601992
105_7,s-2.784015277261265,s0.243733329509877,s248.220209850278934
105_8,s-1.954486666622897,s-2.959023956343602,s-10546.273378394849715
105_9,s0.482018785269548,s-1.483205756635435,s68.211264161074908
105_10,s1.635465064062700,s-2.020010370444949,s68.214429505849665
105_11,s-0.671441226980100,s-2.023085913431898,s68.201741788696822
105_12,s-2.779700410537809,s-0.833843695431118,s248.422279978136970
105_13,s0.482044575866396,s0.673128156586436,s68.295273700921513
105_14,s-2.782834714478944,s0.783029069803104,s247.935981256253370
105_15,s2.788236542982005,s2.371505470699866,s1508.396595285496915
105_16,s-2.778090498445100,s-1.372058950409560,s248.313939482495357
105_17,s1.876341347818904,s0.203287027104620,s248.314398028775088
105_18,s-0.430202599563066,s-0.342442978281186,s248.221021986037130
105_19,s-0.430015038820424,s-1.958053617573689,s248.210832539104530
105_20,s-1.587924755290218,s0.204411427828333,s248.203426747140696
105_21,s-1.582392352247348,s1.822120579369530,s247.408533970913055
105_22,s-0.429920277484698,s0.734941517597873,s248.295294279162761
105_23,s1.881266557278757,s1.824029375927053,s248.088759724356777
105_24,s-1.586997375172953,s1.281913414372317,s248.033672448487380
105_25,s0.723377049640353,s-2.495403213718915,s248.197781892358762
105_26,s-2.788393378290911,s2.352441887898005,s260.257316293685108
105_27,s-1.829825452600349,s1.216857196726961,s788.226521380822192
105_28,s-1.520902270330351,s2.381941482861919,s244.328546899576537
105_29,s-0.671490475442558,s-1.484555767565684,s68.206402929221142
105_30,s0.723491046346789,s-1.956678337843848,s248.214470937827912
105_31,s-1.829524379089069,s0.677984333111518,s68.221584839256181
105_32,s1.876532610980562,s0.742383565833660,s248.299732900758954
105_33,s0.481691942451019,s0.133614155261778,s68.245347550761053
105_34,s2.788374698328684,s-0.397328730636237,s68.311891542166492
105_35,s-1.829272004828801,s-0.399138770511000,s68.206365520459499
105_36,s2.788379372083138,s-0.937020833844748,s68.284476303301062
105_37,s0.483263202431094,s1.213488798057626,s68.211881622924224
105_38,s2.788372703647291,s0.680936948779698,s68.299600520394506
105_39,s0.337709838287599,s-2.960114088680689,s-109.465796708760081
105_40,s-1.829065486936341,s-2.014697149979419,s68.203982604460521
105_41,s0.723494437259228,s-1.418063663374193,s248.245320534797543
105_42,s-1.829201294696873,s-0.937656123901518,s68.206629510283804
105_43,s-1.827441410440443,s1.760427570755479,s66.858984988479648
105_44,s-1.587799954828520,s-0.872631179191251,s248.206635304070261
105_45,s-0.421803467319583,s1.816779887220570,s248.095529465740213
105_46,s0.723348240052760,s0.738538620314655,s248.298483913619407
105_47,s1.876551528786868,s-0.336149131562481,s248.311765730125103
105_48,s-0.427827210989331,s1.274801307069600,s248.212172678249146
105_49,s0.481971447840969,s-2.560392877137035,s68.197592250524565
105_50,s-1.770426107414932,s2.335540972537981,s63.108146732464036
105_51,s-0.430084120018144,s-1.419517398045122,s248.210786667741132
105_52,s0.723425907857300,s-0.340369040839461,s248.311377218435069
105_53,s-0.671456369137587,s-2.561624442201675,s68.197603231737801
105_54,s0.752782689143259,s2.375657216520677,s-833.339808685673120
105_55,s-1.829028517189059,s-2.553221409253642,s68.201162431055153
105_56,s-1.587653773397472,s-1.949675600564749,s248.203571550384169
105_57,s1.876748237285537,s-0.875783865609678,s248.284669330410679
105_58,s-2.777223091993790,s-1.910443201421705,s248.266219291349586
105_59,s-1.587870262067016,s0.742986143006438,s248.183155327018454
105_60,s1.474964717280926,s-2.951609117522578,s-834.790586089296198
105_61,s-1.587614353724041,s-2.488222309722463,s248.197611399023572
105_62,s-1.829127784677238,s-1.476173573865455,s68.206544364361903
105_63,s-2.784537275289063,s1.319151216534260,s248.795978341012443
105_64,s-2.782365865225101,s-0.295654202765709,s248.538430842046694
105_65,s-0.637802077545927,s2.321278542095111,s-2815.669188053204834
105_66,s1.635440015990256,s-1.480749752252730,s68.245484392369860
105_67,s1.877071170527865,s1.282510379803525,s248.213372492169327
105_68,s-0.430154285730263,s-0.880981656718985,s248.210914834708234
105_69,s-0.671565969557921,s-0.946037262686258,s68.206926741930133
105_70,s2.788388288502561,s-2.017736762558244,s68.172984459926340
105_71,s0.729603511744280,s1.820750467707143,s248.091647620865217
105_72,s-0.667848865154797,s1.745171873360330,s67.711006611921562
105_73,s-2.784821728897242,s-2.982087648109879,s246.370622269343443
105_74,s2.788375815423697,s0.141662919053418,s68.314551833369620
105_75,s0.723486786444946,s-0.879348103058502,s248.284128006995530
105_76,s1.635678110815353,s1.217452204827189,s68.213909731933455
105_77,s2.788382124138364,s1.220716348316424,s68.213635524303839
105_78,s2.788381453676585,s-1.477084414779926,s68.257478688192577
105_79,s-0.430051113695753,s-2.496635306466883,s248.197599855011276
105_80,s-1.587723900059606,s-1.411149333906700,s-831.793222057715411
105_81,s0.481912728283667,s-0.944596177821435,s68.210916738153415
105_82,s0.481816301796994,s-0.405726861174644,s68.222087323385296
105_83,s-0.671690057746103,s0.669468560673491,s68.189896148078375
105_84,s-0.387301941184285,s2.375004497383706,s-833.682036155872424
105_85,s-1.587870586644601,s-0.334111880066317,s248.205634437963994
105_86,s0.508555003179796,s2.317487940671853,s2946.362253601848352
105_87,s1.654502277675039,s2.308698714971923,s66.670391836841404
105_88,s1.635939919627746,s-2.558370471518518,s68.279539626767559
105_89,s-0.430188254671731,s0.196154125842551,s248.245274146073683
105_90,s-0.670878526422350,s1.207544085660514,s68.029748840683567
105_91,s0.482089316331502,s-2.021743382334043,s68.211385889447655
105_92,s1.635066676860342,s0.137805372877339,s68.314586979198808
105_93,s1.901964683437496,s2.371964519848577,s248.399631965397674
105_94,s0.488062083038599,s1.756196790873025,s68.095651358710839
105_95,s-0.829315748513381,s-2.956232934630872,s4567.154706998937399
105_96,s1.876824687703069,s-1.415518189526118,s248.257476091727284
105_97,s-0.671638374161864,s-0.407519521894778,s68.206427981032292
105_98,s-1.829355610577434,s0.139388732570372,s68.208999755849874
105_99,s0.724660931230358,s1.278555711184565,s248.213124368164756
105_100,s1.635240678184518,s0.676965171196466,s68.299081997404244
105_101,s2.710521100958481,s-2.595179752318878,s-296.641485849813648
105_102,s1.635397574249118,s-0.941242794959292,s68.284310944601174
105_103,s2.077536917283675,s-2.741656411297144,s242.978785634999809
105_104,s-0.671701834967112,s0.130991709007028,s68.204368258128227
106_0,s-1.879681836943878,s-2.982622649105155,s-1731.932584421942693
106_1,s-0.467126811999659,s-1.833249842864081,s248.007132362058172
106_2,s-2.794880342868818,s2.387303084874235,s293.630792911623871
106_3,s-0.465217314847740,s-1.294636319322090,s248.016147945717051
106_4,s0.451642996563975,s-0.282607641839750,s68.060768494329636
106_5,s2.787708540396102,s0.238614822947307,s68.242179093263658
106_6,s-0.675255613053915,s1.906888989391412,s65.454826262017434
106_7,s2.786625648733408,s-1.376422009482466,s68.422459445347116
106_8,s1.818177967919249,s-2.930957984672347,s246.135501284026219
106_9,s-1.560342539143168,s1.951383491117570,s245.471218572724695
106_10,s-0.282834735696141,s2.376514854410743,s-293.598391430197069
106_11,s-1.617022612389418,s0.315159438987395,s248.031287830788500
106_12,s1.962088965872023,s2.353575573268023,s77.446085083680060
106_13,s-2.792986809268243,s0.861943044772817,s-1911.645897405884853
106_14,s-0.429338138675973,s1.961289500529084,s245.923765316920651
106_15,s-0.714971870586216,s-2.982575472920737,s68.181567698693385
106_16,s-1.817863594832358,s1.896818652130595,s1143.197355281421096
106_17,s1.604831254021708,s-1.897320462153858,s68.175275030477508
106_18,s0.692030361105226,s-1.291376475243344,s248.085979380345748
106_19,s-1.870382552202631,s-1.905001402265277,s67.975491099432247
106_20,s-0.700084428295083,s1.325417740815749,s67.984914373971421
106_21,s0.449219215241721,s-0.822685460931366,s67.969709454267957
106_22,s0.446576539499829,s-2.436684233031283,s68.768272797081380
106_23,s-1.622552988513049,s-1.300375751747163,s247.993065896348554
106_24,s0.467073385256930,s1.894298724104480,s65.940234583523477
106_25,s2.786240145095714,s-0.300957466961585,s67.856558748176695
106_26,s2.784890979733292,s0.778573373232573,s68.771402341678012
106_27,s-0.462621505825840,s-0.755545416148875,s247.950689763208004
106_28,s1.609215622944691,s0.256617549216392,s68.069679746589074
106_29,s-1.624709439590274,s-1.839261583218250,s248.022632440584403
106_30,s-1.867752791720912,s0.791227531031198,s68.496637106172145
106_31,s1.861154959811547,s1.939808270741080,s247.229852175007068
106_32,s1.852592175653376,s0.859721045957956,s-1191.870090880216139
106_33,s-2.794528987211226,s-2.376820089040935,s-111.923169961671022
106_34,s-2.790060740165718,s-2.984892725065342,s-1553.749742599417687
106_35,s-1.618702026460002,s-0.223304304697097,s248.010137830325021
106_36,s0.697550609230373,s0.862998104910546,s248.072643368997376
106_37,s-2.700559040578574,s1.975300297487067,s1323.206320137882130
106_38,s-2.791925412265329,s-0.754020859403383,s247.709059903351971
106_39,s0.688812518044242,s-2.369523003913225,s248.406948770872930
106_40,s0.698682869732819,s1.403087706516099,s248.029634716438466
106_41,s1.574467688581119,s-2.987323445997210,s66.176627137310220
106_42,s-0.712552478878991,s-1.906051930037024,s67.996582814004114
106_43,s1.853989319433762,s1.398663554260346,s247.976355646476435
106_44,s1.852831498959156,s-0.756734704699257,s248.314258928626970
106_45,s-1.465629042979300,s2.363797772378552,s79.534248395412405
106_46,s1.606946739324660,s-0.820492788890473,s68.088990363631268
106_47,s-0.708419424287457,s-0.829111371407367,s67.965000846511728
106_48,s-0.703945130173312,s0.247982829762299,s67.981911280735261
106_49,s2.781155249511570,s1.316076798667252,s68.409820620999753
106_50,s-0.453687289576558,s1.401047294512604,s248.037911360258192
106_51,s1.849991200786434,s-2.372674025305831,s247.541583791788810
106_52,s-0.456800096288202,s0.860489645407671,s248.255759572415911
106_53,s-2.793900421336970,s-1.295161829538997,s248.420286305479124
106_54,s0.433853319583084,s-2.985623657369500,s66.822332256383163
106_55,s-1.870368899057204,s-1.365057598180044,s68.443355281029099
106_56,s-2.792314764887739,s-1.835248582542908,s-111.751140956995656
106_57,s0.689837711290057,s-1.829359488099517,s247.864067086806386
106_58,s1.616641041815113,s1.879776199104243,s66.673861259422353
106_59,s-0.714204859745799,s-2.444426260777482,s68.047707670641870
106_60,s-1.866421881007439,s0.251149841724287,s428.154213409440274
106_61,s-1.867547528465161,s1.331303353069884,s67.813198184895285
106_62,s-1.868170465425684,s-0.828645225499358,s67.583460517948751
106_63,s-2.792780728790703,s-0.218000910156609,s1328.956756920537828
106_64,s-1.626929505386079,s-2.379046369467472,s-1551.901939328636217
106_65,s0.456767237728962,s1.338629425376128,s68.040546880484868
106_66,s-0.702359352657492,s0.786840794374906,s68.095985152502138
106_67,s0.695103718341127,s-0.214202751331363,s248.084012053172501
106_68,s-2.783919506799472,s1.405332388524044,s608.080770999387255
106_69,s-0.469272684660215,s-2.375748077161598,s248.796557648682807
106_70,s1.608066902581664,s-0.281904919705609,s68.094020041235993
106_71,s-0.706140163241898,s-0.290626218595922,s67.950474569001798
106_72,s1.852078018360198,s-0.217818750395062,s2048.236102851067244
106_73,s0.693589091561059,s-0.752562742969002,s247.993099641729884
106_74,s0.444883061256166,s-1.900279956027786,s67.983575790352262
106_75,s0.447434622260105,s-1.360970287212258,s68.084020323246747
106_76,s-0.458146585238869,s0.321970257334002,s248.082711328933527
106_77,s0.455363947746307,s0.797655982537371,s68.259183963593983
106_78,s1.610476108344430,s0.795214665939162,s68.081831881949697
106_79,s2.785128855013572,s-0.838276223578451,s68.288850680387412
106_80,s-1.631630880907262,s-2.918424340499246,s247.596887557917057
106_81,s-0.468585231192043,s-2.919695118442544,s246.819390282370449
106_82,s-2.794405520033978,s0.323676742549082,s-1912.083735264303868
106_83,s0.696271187749578,s0.324447010134958,s248.066256715064895
106_84,s0.868872298899998,s2.364370822224586,s65.315484854466519
106_85,s2.791692314418261,s2.387323445997211,s66.370622240185085
106_86,s2.787228619682626,s-1.915786255844948,s68.113548677068295
106_87,s2.773452701558656,s-2.461158501519643,s65.485633639763307
106_88,s-0.710561321855255,s-1.367593218005757,s67.976609887744814
106_89,s-1.612279456096331,s1.392803813124832,s247.874774067434117
106_90,s1.854374181487928,s-1.295746799387981,s248.448240649549717
106_91,s2.781740415197957,s1.853022166243832,s67.843168589791858
106_92,s2.794880342868818,s-2.968715816237824,s75.458798847645298
106_93,s0.713064575649617,s1.951552229698658,s246.674702739346827
106_94,s1.604447386991903,s-2.435943487519677,s68.141212418100977
106_95,s-1.865710418581972,s-0.287053839744439,s1508.436875381811433
106_96,s-0.460313760457624,s-0.217004000881908,s248.036683333104463
106_97,s1.611462107257704,s1.334644935572781,s68.025500412136594
106_98,s0.679142421164695,s-2.927402429513305,s246.174899170918849
106_99,s-1.875451262179800,s-2.445424505150646,s67.354741144720307
106_100,s1.852207026908069,s0.321032698361289,s248.189872997965097
106_101,s0.453531299256849,s0.257163243150843,s68.064131678839814
106_102,s1.605678988982160,s-1.359150655027269,s68.044002430306151
106_103,s-1.620519436140453,s-0.761809044247542,s248.002557740381064
106_104,s-1.615245906830777,s0.853792304998805,s247.989094781391373
106_105,s1.855342179870645,s-1.834660455019691,s248.216055148937301
107_0,s0.452549905316061,s0.211543094941969,s64.656484122015144
107_1,s-1.908479035472069,s0.749149666800116,s64.473179112941480
107_2,s1.657668796944967,s-3.018933570232173,s64.890382469347287
107_3,s-2.804954639600750,s-1.886531299543063,s244.551456772727221
107_4,s2.818941606387315,s-0.865848796667251,s64.486290803694331
107_5,s-0.475070303241119,s1.884067410548094,s244.531612969448929
107_6,s-1.636778113866835,s-0.270214583901043,s244.589449697173336
107_7,s-1.625291134011981,s-2.953955232103433,s241.533062834123456
107_8,s0.728402854031408,s-0.808254109440639,s244.507662760885978
107_9,s0.720106141801877,s0.268438092364482,s244.622893912411683
107_10,s1.637476468165943,s-0.327430511128337,s64.470258082216020
107_11,s-1.644958998808649,s0.807052694713642,s244.495263514348835
107_12,s-0.732175011041095,s0.749479171175456,s64.520777432220257
107_13,s2.802256377429348,s2.377998171656203,s-25136.839586777834484
107_14,s-0.470791829430147,s1.345417502460782,s244.586239898201654
107_15,s-1.898054670406520,s-0.866373157239402,s64.473983964106253
107_16,s-0.480739662554439,s2.421616233280339,s244.872183438339903
107_17,s2.804140049573153,s1.288319515202461,s64.502404014334644
107_18,s-0.441515626352407,s-1.885477097882185,s244.553796581706223
107_19,s-2.814079136127224,s-0.269912983432806,s244.480092754778013
107_20,s-2.824473772180704,s1.345658126462602,s244.474638891938639
107_21,s1.905822494425280,s-0.808059510630100,s244.479624192422506
107_22,s-2.817503549161438,s0.268650608834327,s244.471722238361991
107_23,s-1.901542814439775,s-0.327866843540964,s64.474042029423615
107_24,s1.641016715017771,s-0.865876328880205,s64.506410319457473
107_25,s-1.890850659333132,s-1.943320138285175,s64.497516708392766
107_26,s0.462689827517744,s-0.865600890206257,s64.600040184802765
107_27,s1.909392177708096,s-1.346581608954052,s244.485957445506529
107_28,s-0.703027877607986,s-2.481266602568281,s64.605109252904072
107_29,s1.913250405417865,s-1.885241106206238,s244.542766094270803
107_30,s1.916943175058643,s-2.423478701138839,s244.446030007019885
107_31,s-1.894505604912531,s-1.404843078315386,s64.486797902048849
107_32,s0.735587698889585,s-1.885100758905282,s244.443953623699571
107_33,s-1.626427695275765,s-1.347440298425456,s244.666689589974993
107_34,s2.822599731395730,s-1.404321770269853,s64.497571878588658
107_35,s2.815220463944779,s-0.327274057648618,s64.512112046136721
107_36,s0.697820108714516,s2.421285351339363,s245.023912632492113
107_37,s2.829687199138810,s-2.481474174271797,s64.445718708863481
107_38,s-2.810553202268312,s-0.808430242002370,s244.477062030813812
107_39,s1.623302072353321,s1.288606658620582,s64.657203376421265
107_40,s-0.450613761124684,s-0.808667365314086,s244.624378714985738
107_41,s0.457757862527352,s-0.326946260917151,s64.657658107967521
107_42,s-0.445500936489375,s-2.955048608704999,s241.936236368164174
107_43,s-1.886778746416583,s-2.481614755960730,s64.572488545808127
107_44,s0.737521521836148,s-2.422842957227013,s244.164706868274749
107_45,s0.475461094690077,s-2.481265347866900,s64.540157201066378
107_46,s-1.641089495050207,s0.268435321060835,s244.536060458964329
107_47,s0.480051440703513,s-3.019487965357434,s-295.360041969942131
107_48,s0.709892388236823,s1.345329910223333,s244.657573815481584
107_49,s0.447384166009938,s0.750020245880496,s64.649802565860327
107_50,s-1.657019027574720,s2.421974642398772,s244.709856402502368
107_51,s-1.621235434707178,s-1.885881814239152,s244.645534936049984
107_52,s1.895221987183646,s0.807461988167844,s244.477135801799903
107_53,s1.651913641225476,s-2.481418834204107,s64.535429265981492
107_54,s1.887510675844226,s1.884220629780111,s244.566607189016395
107_55,s-0.445896235733705,s-1.347060017359841,s244.584242732419511
107_56,s-1.914527028657351,s1.825616788322337,s64.267343022709511
107_57,s-2.820985070602512,s0.807150602927647,s244.474579181188460
107_58,s1.626740736039958,s2.356837333608820,s61.591504810727997
107_59,s-0.731644111469612,s2.357889137523521,s61.998516372997656
107_60,s-1.631789483467919,s-0.808964257538082,s244.681690728397257
107_61,s-0.723219057702461,s-0.327176498008186,s64.645241765696156
107_62,s-1.911970079550415,s1.287664824706884,s64.475526789308191
107_63,s-2.807237483011553,s-1.347086961656841,s244.484865685222303
107_64,s1.633392290408075,s0.211462525569930,s64.610762701037373
107_65,s-0.460901369950960,s0.268210615577110,s244.664287511897697
107_66,s-2.795690809931948,s-2.976162868099767,s245.756222182548328
107_67,s-0.718063008087320,s-0.865636101486690,s64.657876007066008
107_68,s1.648199132883627,s-1.943034214110335,s64.478188959784589
107_69,s1.628468028485501,s0.750085265479611,s64.651261571280202
107_70,s1.644728563992437,s-1.404445977356902,s64.489100158941142
107_71,s-0.739465354048318,s1.826280529127971,s64.438188506301586
107_72,s-1.878841422881311,s-3.018041314393378,s65.303917055136651
107_73,s0.732146967335799,s-1.346728349233914,s244.495528267672142
107_74,s-0.696740142045169,s-3.018847731346452,s64.931144206453382
107_75,s-0.455664485794176,s-0.270258768707271,s244.655555587630175
107_76,s2.811418028479149,s0.211203606507571,s64.502736475466946
107_77,s-2.801148573567552,s-2.429200547219768,s-2995.236814550307827
107_78,s-1.648615983804912,s1.345577320660378,s244.489560850760171
107_79,s2.807744583517407,s0.749694371346050,s64.484550132452910
107_80,s-0.437610154839851,s-2.423804923414802,s244.485120669752888
107_81,s1.908984701720920,s-2.955004466001191,s241.982334334939367
107_82,s-1.652285394471620,s1.884062316481468,s244.497368905185937
107_83,s-0.727990008964159,s0.211123717136190,s64.574012630944438
107_84,s0.467170590335678,s-1.404208101832359,s64.560403454257042
107_85,s0.724529645190639,s-0.269780950166006,s244.521387654864384
107_86,s1.902235656955322,s-0.269581144861123,s244.489122831949061
107_87,s-1.906758309690067,s2.358300564477924,s62.208148024311669
107_88,s1.898702681907598,s0.268978985743506,s244.469067196035553
107_89,s-1.905016456050285,s0.210635447373432,s64.471727876994393
107_90,s0.471361844151969,s-1.942770141235514,s64.537994437715227
107_91,s-0.466030583198702,s0.806787658511425,s244.633822907909860
107_92,s2.826267822989482,s-1.942849325240440,s64.489016540853726
107_93,s1.618116991891008,s1.827100524520082,s64.650949895819494
107_94,s-1.616260071076791,s-2.424305843505287,s244.619018991347986
107_95,s0.704740714544481,s1.883857939063161,s244.644964046556623
107_96,s-0.712873336548930,s-1.404143223328603,s64.652673647163596
107_97,s0.437887450028993,s1.826768070735128,s64.560499911705776
107_98,s1.879938296399855,s2.420833136228579,s245.233445993326228
107_99,s0.445940310019327,s2.357449423497482,s61.817804896974238
107_100,s-0.707834997699936,s-1.942709847034790,s64.626095144363930
107_101,s0.729498225181586,s-2.955925300263910,s242.253016569671530
107_102,s2.800909585492586,s1.829455216982385,s64.562666369203299
107_103,s-0.736012372521737,s1.287937259577017,s64.500658469019186
107_104,s0.442424435964944,s1.288405312122414,s64.610316356042659
107_105,s0.715079356298597,s0.806852686962007,s244.652021834805481
107_106,s1.891579186824682,s1.345894817699316,s244.503020435097142
108_0,s0.452549905316061,s0.211543094941969,s64.424582049270526
108_1,s-1.908479035472069,s0.749149666800116,s64.241277040196863
108_2,s1.657668796944967,s-3.018933570232173,s64.658480396602670
108_3,s-2.804954639600750,s-1.886531299543063,s244.319554699982604
108_4,s2.818941606387315,s-0.865848796667251,s64.254388730949714
108_5,s-0.475070303241119,s1.884067410548094,s244.299710896704312
108_6,s-1.636778113866835,s-0.270214583901043,s244.357547624428719
108_7,s-1.625291134011981,s-2.953955232103433,s241.301160761378839
108_8,s0.728402854031408,s-0.808254109440639,s244.275760688141361
108_9,s0.720106141801877,s0.268438092364482,s244.390991839667066
108_10,s1.637476468165943,s-0.327430511128337,s64.238356009471403
108_11,s-1.644958998808649,s0.807052694713642,s244.263361441604218
108_12,s-0.732175011041095,s0.749479171175456,s64.288875359475639
108_13,s2.802256377429348,s2.377998171656203,s-25137.071488850582682
108_14,s-0.470791829430147,s1.345417502460782,s244.354337825457037
108_15,s-1.898054670406520,s-0.866373157239402,s64.242081891361636
108_16,s-0.480739662554439,s2.421616233280339,s244.640281365595285
108_17,s2.804140049573153,s1.288319515202461,s64.270501941590027
108_18,s-0.441515626352407,s-1.885477097882185,s244.321894508961606
108_19,s-2.814079136127224,s-0.269912983432806,s244.248190682033396
108_20,s-2.824473772180704,s1.345658126462602,s244.242736819194022
108_21,s1.905822494425280,s-0.808059510630100,s244.247722119677888
108_22,s-2.817503549161438,s0.268650608834327,s244.239820165617374
108_23,s-1.901542814439775,s-0.327866843540964,s64.242139956678997
108_24,s1.641016715017771,s-0.865876328880205,s64.274508246712855
108_25,s-1.890850659333132,s-1.943320138285175,s64.265614635648149
108_26,s0.462689827517744,s-0.865600890206257,s64.368138112058148
108_27,s1.909392177708096,s-1.346581608954052,s244.254055372761911
108_28,s-0.703027877607986,s-2.481266602568281,s64.373207180159454
108_29,s1.913250405417865,s-1.885241106206238,s244.310864021526186
108_30,s1.916943175058643,s-2.423478701138839,s244.214127934275268
108_31,s-1.894505604912531,s-1.404843078315386,s64.254895829304232
108_32,s0.735587698889585,s-1.885100758905282,s244.212051550954953
108_33,s-1.626427695275765,s-1.347440298425456,s244.434787517230376
108_34,s2.822599731395730,s-1.404321770269853,s64.265669805844041
108_35,s2.815220463944779,s-0.327274057648618,s64.280209973392104
108_36,s0.697820108714516,s2.421285351339363,s244.792010559747496
108_37,s2.829687199138810,s-2.481474174271797,s64.213816636118864
108_38,s-2.810553202268312,s-0.808430242002370,s244.245159958069195
108_39,s1.623302072353321,s1.288606658620582,s64.425301303676648
108_40,s-0.450613761124684,s-0.808667365314086,s244.392476642241121
108_41,s0.457757862527352,s-0.326946260917151,s64.425756035222904
108_42,s-0.445500936489375,s-2.955048608704999,s241.704334295419557
108_43,s-1.886778746416583,s-2.481614755960730,s64.340586473063510
108_44,s0.737521521836148,s-2.422842957227013,s243.932804795530132
108_45,s0.475461094690077,s-2.481265347866900,s64.308255128321761
108_46,s-1.641089495050207,s0.268435321060835,s244.304158386219711
108_47,s0.480051440703513,s-3.019487965357434,s-295.591944042686691
108_48,s0.709892388236823,s1.345329910223333,s244.425671742736967
108_49,s0.447384166009938,s0.750020245880496,s64.417900493115710
108_50,s-1.657019027574720,s2.421974642398772,s244.477954329757750
108_51,s-1.621235434707178,s-1.885881814239152,s244.413632863305367
108_52,s1.895221987183646,s0.807461988167844,s244.245233729055286
108_53,s1.651913641225476,s-2.481418834204107,s64.303527193236874
108_54,s1.887510675844226,s1.884220629780111,s244.334705116271778
108_55,s-0.445896235733705,s-1.347060017359841,s244.352340659674894
108_56,s-1.914527028657351,s1.825616788322337,s64.035440949964894
108_57,s-2.820985070602512,s0.807150602927647,s244.242677108443843
108_58,s1.626740736039958,s2.356837333608820,s61.359602737983380
108_59,s-0.731644111469612,s2.357889137523521,s61.766614300253039
108_60,s-1.631789483467919,s-0.808964257538082,s244.449788655652640
108_61,s-0.723219057702461,s-0.327176498008186,s64.413339692951538
108_62,s-1.911970079550415,s1.287664824706884,s64.243624716563573
108_63,s-2.807237483011553,s-1.347086961656841,s244.252963612477686
108_64,s1.633392290408075,s0.211462525569930,s64.378860628292756
108_65,s-0.460901369950960,s0.268210615577110,s244.432385439153080
108_66,s-2.795690809931948,s-2.976162868099767,s245.524320109803710
108_67,s-0.718063008087320,s-0.865636101486690,s64.425973934321391
108_68,s1.648199132883627,s-1.943034214110335,s64.246286887039972
108_69,s1.628468028485501,s0.750085265479611,s64.419359498535584
108_70,s1.644728563992437,s-1.404445977356902,s64.257198086196524
108_71,s-0.739465354048318,s1.826280529127971,s64.206286433556969
108_72,s-1.878841422881311,s-3.018041314393378,s65.072014982392034
108_73,s0.732146967335799,s-1.346728349233914,s244.263626194927525
108_74,s-0.696740142045169,s-3.018847731346452,s64.699242133708765
108_75,s-0.455664485794176,s-0.270258768707271,s244.423653514885558
108_76,s2.811418028479149,s0.211203606507571,s64.270834402722329
108_77,s-2.801148573567552,s-2.429200547219768,s-2995.468716623052387
108_78,s-1.648615983804912,s1.345577320660378,s244.257658778015553
108_79,s2.807744583517407,s0.749694371346050,s64.252648059708292
108_80,s-0.437610154839851,s-2.423804923414802,s244.253218597008271
108_81,s1.908984701720920,s-2.955004466001191,s241.750432262194749
108_82,s-1.652285394471620,s1.884062316481468,s244.265466832441319
108_83,s-2.827953391030520,s1.884171517692021,s244.240730459629333
108_84,s-0.727990008964159,s0.211123717136190,s64.342110558199821
108_85,s0.467170590335678,s-1.404208101832359,s64.328501381512424
108_86,s0.724529645190639,s-0.269780950166006,s244.289485582119767
108_87,s1.902235656955322,s-0.269581144861123,s244.257220759204444
108_88,s-1.906758309690067,s2.358300564477924,s61.976245951567051
108_89,s1.898702681907598,s0.268978985743506,s244.237165123290936
108_90,s-1.905016456050285,s0.210635447373432,s64.239825804249776
108_91,s0.471361844151969,s-1.942770141235514,s64.306092364970610
108_92,s-0.466030583198702,s0.806787658511425,s244.401920835165242
108_93,s2.826267822989482,s-1.942849325240440,s64.257114468109108
108_94,s1.618116991891008,s1.827100524520082,s64.419047823074877
108_95,s-1.616260071076791,s-2.424305843505287,s244.387116918603368
108_96,s0.704740714544481,s1.883857939063161,s244.413061973812006
108_97,s-0.712873336548930,s-1.404143223328603,s64.420771574418978
108_98,s0.437887450028993,s1.826768070735128,s64.328597838961159
108_99,s1.879938296399855,s2.420833136228579,s245.001543920581611
108_100,s0.445940310019327,s2.357449423497482,s61.585902824229620
108_101,s-0.707834997699936,s-1.942709847034790,s64.394193071619313
108_102,s0.729498225181586,s-2.955925300263910,s242.021114496926913
108_103,s2.800909585492586,s1.829455216982385,s64.330764296458682
108_104,s-0.736012372521737,s1.287937259577017,s64.268756396274568
108_105,s0.442424435964944,s1.288405312122414,s64.378414283298042
108_106,s0.715079356298597,s0.806852686962007,s244.420119762060864
108_107,s1.891579186824682,s1.345894817699316,s244.271118362352524
109_0,s0.452549905316061,s0.211543094941969,s65.207916695397074
109_1,s-1.908479035472069,s0.749149666800116,s65.024611686323411
109_2,s1.657668796944967,s-3.018933570232173,s65.441815042729218
109_3,s-2.804954639600750,s-1.886531299543063,s245.102889346109151
109_4,s2.818941606387315,s-0.865848796667251,s65.037723377076261
109_5,s-0.475070303241119,s1.884067410548094,s245.083045542830860
109_6,s-1.636778113866835,s-0.270214583901043,s245.140882270555267
109_7,s-1.625291134011981,s-2.953955232103433,s242.084495407505386
109_8,s0.728402854031408,s-0.808254109440639,s245.059095334267909
109_9,s0.720106141801877,s0.268438092364482,s245.174326485793614
109_10,s1.637476468165943,s-0.327430511128337,s65.021690655597951
109_11,s-1.644958998808649,s0.807052694713642,s245.046696087730766
109_12,s-0.732175011041095,s0.749479171175456,s65.072210005602187
109_13,s2.802256377429348,s2.377998171656203,s-24776.288154204456077
109_14,s-0.470791829430147,s1.345417502460782,s245.137672471583585
109_15,s-1.898054670406520,s-0.866373157239402,s65.025416537488184
109_16,s-0.480739662554439,s2.421616233280339,s245.423616011721833
109_17,s2.804140049573153,s1.288319515202461,s65.053836587716575
109_18,s-0.441515626352407,s-1.885477097882185,s245.105229155088153
109_19,s-2.814079136127224,s-0.269912983432806,s245.031525328159944
109_20,s-2.824473772180704,s1.345658126462602,s245.026071465320570
109_21,s1.905822494425280,s-0.808059510630100,s245.031056765804436
109_22,s-2.817503549161438,s0.268650608834327,s245.023154811743922
109_23,s-1.901542814439775,s-0.327866843540964,s65.025474602805545
109_24,s1.641016715017771,s-0.865876328880205,s65.057842892839403
109_25,s-1.890850659333132,s-1.943320138285175,s65.048949281774696
109_26,s0.462689827517744,s-0.865600890206257,s65.151472758184696
109_27,s1.909392177708096,s-1.346581608954052,s245.037390018888459
109_28,s-0.703027877607986,s-2.481266602568281,s65.156541826286002
109_29,s1.913250405417865,s-1.885241106206238,s245.094198667652734
109_30,s1.916943175058643,s-2.423478701138839,s244.997462580401816
109_31,s-1.894505604912531,s-1.404843078315386,s65.038230475430780
109_32,s0.735587698889585,s-1.885100758905282,s244.995386197081501
109_33,s-1.626427695275765,s-1.347440298425456,s245.218122163356924
109_34,s2.822599731395730,s-1.404321770269853,s65.049004451970589
109_35,s2.815220463944779,s-0.327274057648618,s65.063544619518652
109_36,s0.697820108714516,s2.421285351339363,s245.575345205874044
109_37,s2.829687199138810,s-2.481474174271797,s64.997151282245412
109_38,s-2.810553202268312,s-0.808430242002370,s245.028494604195743
109_39,s1.623302072353321,s1.288606658620582,s65.208635949803195
109_40,s-0.450613761124684,s-0.808667365314086,s245.175811288367669
109_41,s0.457757862527352,s-0.326946260917151,s65.209090681349451
109_42,s-0.445500936489375,s-2.955048608704999,s242.487668941546104
109_43,s-1.886778746416583,s-2.481614755960730,s65.123921119190058
109_44,s0.737521521836148,s-2.422842957227013,s244.716139441656679
109_45,s0.475461094690077,s-2.481265347866900,s65.091589774448309
109_46,s-1.641089495050207,s0.268435321060835,s245.087493032346259
109_47,s0.480051440703513,s-3.019487965357434,s65.191390603439828
109_48,s0.709892388236823,s1.345329910223333,s245.209006388863514
109_49,s0.447384166009938,s0.750020245880496,s65.201235139242257
109_50,s-1.657019027574720,s2.421974642398772,s245.261288975884298
109_51,s-1.621235434707178,s-1.885881814239152,s245.196967509431914
109_52,s1.895221987183646,s0.807461988167844,s245.028568375181834
109_53,s1.651913641225476,s-2.481418834204107,s65.086861839363422
109_54,s1.887510675844226,s1.884220629780111,s245.118039762398325
109_55,s-0.445896235733705,s-1.347060017359841,s245.135675305801442
109_56,s-1.914527028657351,s1.825616788322337,s64.818775596091442
109_57,s-2.820985070602512,s0.807150602927647,s245.026011754570391
109_58,s1.626740736039958,s2.356837333608820,s62.142937384109928
109_59,s-0.731644111469612,s2.357889137523521,s62.549948946379587
109_60,s-1.631789483467919,s-0.808964257538082,s245.233123301779187
109_61,s-0.723219057702461,s-0.327176498008186,s65.196674339078086
109_62,s-1.911970079550415,s1.287664824706884,s65.026959362690121
109_63,s-2.807237483011553,s-1.347086961656841,s245.036298258604234
109_64,s1.633392290408075,s0.211462525569930,s65.162195274419304
109_65,s-0.460901369950960,s0.268210615577110,s245.215720085279628
109_66,s-2.795690809931948,s-2.976162868099767,s246.307654755930258
109_67,s-0.718063008087320,s-0.865636101486690,s65.209308580447939
109_68,s1.648199132883627,s-1.943034214110335,s65.029621533166519
109_69,s1.628468028485501,s0.750085265479611,s65.202694144662132
109_70,s1.644728563992437,s-1.404445977356902,s65.040532732323072
109_71,s-0.739465354048318,s1.826280529127971,s64.989621079683516
109_72,s2.832528145668430,s-3.020561014112581,s65.993962869366968
109_73,s-1.878841422881311,s-3.018041314393378,s65.855349628518582
109_74,s0.732146967335799,s-1.346728349233914,s245.046960841054073
109_75,s-0.696740142045169,s-3.018847731346452,s65.482576779835313
109_76,s-0.455664485794176,s-0.270258768707271,s245.206988161012106
109_77,s2.811418028479149,s0.211203606507571,s65.054169048848877
109_78,s-2.801148573567552,s-2.429200547219768,s-2634.685381976925783
109_79,s-1.648615983804912,s1.345577320660378,s245.040993424142101
109_80,s2.807744583517407,s0.749694371346050,s65.035982705834840
109_81,s-0.437610154839851,s-2.423804923414802,s245.036553243134819
109_82,s1.908984701720920,s-2.955004466001191,s242.533766908321297
109_83,s-1.652285394471620,s1.884062316481468,s245.048801478567867
109_84,s-2.827953391030520,s1.884171517692021,s245.024065105755881
109_85,s-0.727990008964159,s0.211123717136190,s65.125445204326368
109_86,s0.467170590335678,s-1.404208101832359,s65.111836027638972
109_87,s0.724529645190639,s-0.269780950166006,s245.072820228246314
109_88,s1.902235656955322,s-0.269581144861123,s245.040555405330991
109_89,s-1.906758309690067,s2.358300564477924,s62.759580597693592
109_90,s1.898702681907598,s0.268978985743506,s245.020499769417484
109_91,s-1.905016456050285,s0.210635447373432,s65.023160450376324
109_92,s0.471361844151969,s-1.942770141235514,s65.089427011097158
109_93,s-0.466030583198702,s0.806787658511425,s245.185255481291790
109_94,s2.826267822989482,s-1.942849325240440,s65.040449114235656
109_95,s1.618116991891008,s1.827100524520082,s65.202382469201424
109_96,s-1.616260071076791,s-2.424305843505287,s245.170451564729916
109_97,s0.704740714544481,s1.883857939063161,s245.196396619938554
109_98,s-0.712873336548930,s-1.404143223328603,s65.204106220545526
109_99,s0.437887450028993,s1.826768070735128,s65.111932485087706
109_100,s1.879938296399855,s2.420833136228579,s245.784878566708159
109_101,s0.445940310019327,s2.357449423497482,s62.369237470356168
109_102,s-0.707834997699936,s-1.942709847034790,s65.177527717745861
109_103,s0.729498225181586,s-2.955925300263910,s242.804449143053461
109_104,s2.800909585492586,s1.829455216982385,s65.114098942585230
109_105,s-0.736012372521737,s1.287937259577017,s65.052091042401116
109_106,s0.442424435964944,s1.288405312122414,s65.161748929424590
109_107,s0.715079356298597,s0.806852686962007,s245.203454408187412
109_108,s1.891579186824682,s1.345894817699316,s245.054453008479072
110_0,s0.452549905316061,s0.211543094941969,s65.207916695397074
110_1,s-1.908479035472069,s0.749149666800116,s65.024611686323411
110_2,s1.657668796944967,s-3.018933570232173,s65.441815042729218
110_3,s-2.804954639600750,s-1.886531299543063,s245.102889346109151
110_4,s2.818941606387315,s-0.865848796667251,s65.037723377076261
110_5,s-0.475070303241119,s1.884067410548094,s245.083045542830860
110_6,s-1.636778113866835,s-0.270214583901043,s245.140882270555267
110_7,s-1.625291134011981,s-2.953955232103433,s242.084495407505386
110_8,s0.728402854031408,s-0.808254109440639,s245.059095334267909
110_9,s0.720106141801877,s0.268438092364482,s245.174326485793614
110_10,s1.637476468165943,s-0.327430511128337,s65.021690655597951
110_11,s-1.644958998808649,s0.807052694713642,s245.046696087730766
110_12,s-0.732175011041095,s0.749479171175456,s65.072210005602187
110_13,s2.802256377429348,s2.377998171656203,s-24776.288154204456077
110_14,s-0.470791829430147,s1.345417502460782,s245.137672471583585
110_15,s-1.898054670406520,s-0.866373157239402,s65.025416537488184
110_16,s-0.480739662554439,s2.421616233280339,s245.423616011721833
110_17,s2.804140049573153,s1.288319515202461,s65.053836587716575
110_18,s-0.441515626352407,s-1.885477097882185,s245.105229155088153
110_19,s-2.814079136127224,s-0.269912983432806,s245.031525328159944
110_20,s-2.824473772180704,s1.345658126462602,s245.026071465320570
110_21,s1.905822494425280,s-0.808059510630100,s245.031056765804436
110_22,s-2.817503549161438,s0.268650608834327,s245.023154811743922
110_23,s-1.901542814439775,s-0.327866843540964,s65.025474602805545
110_24,s1.641016715017771,s-0.865876328880205,s65.057842892839403
110_25,s-1.890850659333132,s-1.943320138285175,s65.048949281774696
110_26,s-2.831325744008782,s2.422301718996900,s246.124333739743008
110_27,s0.462689827517744,s-0.865600890206257,s65.151472758184696
110_28,s1.909392177708096,s-1.346581608954052,s245.037390018888459
110_29,s-0.703027877607986,s-2.481266602568281,s65.156541826286002
110_30,s1.913250405417865,s-1.885241106206238,s245.094198667652734
110_31,s1.916943175058643,s-2.423478701138839,s244.997462580401816
110_32,s-1.894505604912531,s-1.404843078315386,s65.038230475430780
110_33,s0.735587698889585,s-1.885100758905282,s244.995386197081501
110_34,s-1.626427695275765,s-1.347440298425456,s245.218122163356924
110_35,s2.822599731395730,s-1.404321770269853,s65.049004451970589
110_36,s2.815220463944779,s-0.327274057648618,s65.063544619518652
110_37,s0.697820108714516,s2.421285351339363,s245.575345205874044
110_38,s2.829687199138810,s-2.481474174271797,s64.997151282245412
110_39,s-2.810553202268312,s-0.808430242002370,s245.028494604195743
110_40,s1.623302072353321,s1.288606658620582,s65.208635949803195
110_41,s-0.450613761124684,s-0.808667365314086,s245.175811288367669
110_42,s0.457757862527352,s-0.326946260917151,s65.209090681349451
110_43,s-0.445500936489375,s-2.955048608704999,s242.487668941546104
110_44,s-1.886778746416583,s-2.481614755960730,s65.123921119190058
110_45,s0.737521521836148,s-2.422842957227013,s244.716139441656679
110_46,s0.475461094690077,s-2.481265347866900,s65.091589774448309
110_47,s-1.641089495050207,s0.268435321060835,s245.087493032346259
110_48,s0.480051440703513,s-3.019487965357434,s65.191390603439828
110_49,s0.709892388236823,s1.345329910223333,s245.209006388863514
110_50,s0.447384166009938,s0.750020245880496,s65.201235139242257
110_51,s-1.657019027574720,s2.421974642398772,s245.261288975884298
110_52,s-1.621235434707178,s-1.885881814239152,s245.196967509431914
110_53,s1.895221987183646,s0.807461988167844,s245.028568375181834
110_54,s1.651913641225476,s-2.481418834204107,s65.086861839363422
110_55,s1.887510675844226,s1.884220629780111,s245.118039762398325
110_56,s-0.445896235733705,s-1.347060017359841,s245.135675305801442
110_57,s-1.914527028657351,s1.825616788322337,s64.818775596091442
110_58,s-2.820985070602512,s0.807150602927647,s245.026011754570391
110_59,s1.626740736039958,s2.356837333608820,s62.142937384109928
110_60,s-0.731644111469612,s2.357889137523521,s62.549948946379587
110_61,s-1.631789483467919,s-0.808964257538082,s245.233123301779187
110_62,s-0.723219057702461,s-0.327176498008186,s65.196674339078086
110_63,s-1.911970079550415,s1.287664824706884,s65.026959362690121
110_64,s-2.807237483011553,s-1.347086961656841,s245.036298258604234
110_65,s1.633392290408075,s0.211462525569930,s65.162195274419304
110_66,s-0.460901369950960,s0.268210615577110,s245.215720085279628
110_67,s-2.795690809931948,s-2.976162868099767,s246.307654755930258
110_68,s-0.718063008087320,s-0.865636101486690,s65.209308580447939
110_69,s1.648199132883627,s-1.943034214110335,s65.029621533166519
110_70,s1.628468028485501,s0.750085265479611,s65.202694144662132
110_71,s1.644728563992437,s-1.404445977356902,s65.040532732323072
110_72,s-0.739465354048318,s1.826280529127971,s64.989621079683516
110_73,s2.832528145668430,s-3.020561014112581,s65.993962869366968
110_74,s-1.878841422881311,s-3.018041314393378,s65.855349628518582
110_75,s0.732146967335799,s-1.346728349233914,s245.046960841054073
110_76,s-0.696740142045169,s-3.018847731346452,s65.482576779835313
110_77,s-0.455664485794176,s-0.270258768707271,s245.206988161012106
110_78,s2.811418028479149,s0.211203606507571,s65.054169048848877
110_79,s-2.801148573567552,s-2.429200547219768,s-2634.685381976925783
110_80,s-1.648615983804912,s1.345577320660378,s245.040993424142101
110_81,s2.807744583517407,s0.749694371346050,s65.035982705834840
110_82,s-0.437610154839851,s-2.423804923414802,s245.036553243134819
110_83,s1.908984701720920,s-2.955004466001191,s242.533766908321297
110_84,s-1.652285394471620,s1.884062316481468,s245.048801478567867
110_85,s-2.827953391030520,s1.884171517692021,s245.024065105755881
110_86,s-0.727990008964159,s0.211123717136190,s65.125445204326368
110_87,s0.467170590335678,s-1.404208101832359,s65.111836027638972
110_88,s0.724529645190639,s-0.269780950166006,s245.072820228246314
110_89,s1.902235656955322,s-0.269581144861123,s245.040555405330991
110_90,s-1.906758309690067,s2.358300564477924,s62.759580597693592
110_91,s1.898702681907598,s0.268978985743506,s245.020499769417484
110_92,s-1.905016456050285,s0.210635447373432,s65.023160450376324
110_93,s0.471361844151969,s-1.942770141235514,s65.089427011097158
110_94,s-0.466030583198702,s0.806787658511425,s245.185255481291790
110_95,s2.826267822989482,s-1.942849325240440,s65.040449114235656
110_96,s1.618116991891008,s1.827100524520082,s65.202382469201424
110_97,s-1.616260071076791,s-2.424305843505287,s245.170451564729916
110_98,s0.704740714544481,s1.883857939063161,s245.196396619938554
110_99,s-0.712873336548930,s-1.404143223328603,s65.204106220545526
110_100,s0.437887450028993,s1.826768070735128,s65.111932485087706
110_101,s1.879938296399855,s2.420833136228579,s245.784878566708159
110_102,s0.445940310019327,s2.357449423497482,s62.369237470356168
110_103,s-0.707834997699936,s-1.942709847034790,s65.177527717745861
110_104,s0.729498225181586,s-2.955925300263910,s242.804449143053461
110_105,s2.800909585492586,s1.829455216982385,s65.114098942585230
110_106,s-0.736012372521737,s1.287937259577017,s65.052091042401116
110_107,s0.442424435964944,s1.288405312122414,s65.161748929424590
110_108,s0.715079356298597,s0.806852686962007,s245.203454408187412
110_109,s1.891579186824682,s1.345894817699316,s245.054453008479072
111_0,s-0.944413308596133,s-3.050945861503174,s61.758215855822797
111_1,s-2.878553165261232,s2.465102655602456,s247.663010662867975
111_2,s0.357271847582901,s-1.373435883485950,s67.879225746033413
111_3,s0.609734218726410,s-0.227317394399684,s-112.278404985867084
111_4,s1.521975978890806,s-0.297294373042761,s67.847667356895570
111_5,s-1.961454446747014,s1.863244485224640,s-1731.093578768237421
111_6,s-0.792258358570400,s1.861271187755956,s68.110447070232667
111_7,s-1.956894272943491,s-0.294514517108326,s68.126076156810427
111_8,s1.881411939390194,s0.862648572888251,s252.588441966424568
111_9,s1.518987264941420,s-0.835597278573339,s10507.956370819829317
111_10,s1.857242403497578,s1.410153614103674,s249.004832865234476
111_11,s-1.959464488226768,s-0.834113566972247,s67.744657126275513
111_12,s-1.712397100684848,s-0.228549079209943,s248.175036323010573
111_13,s-1.961835277424964,s0.784659041790378,s-651.331696101837679
111_14,s-0.539591138991661,s2.463700237145846,s248.275039477460410
111_15,s2.869825912626733,s1.331906881446380,s73.701302832814989
111_16,s-0.558495774011559,s-1.844397494595879,s248.276605938129393
111_17,s1.515535634920631,s-1.374764215837963,s-1732.284287847010319
111_18,s0.613717814987868,s0.310902087119656,s247.823938538474806
111_19,s1.750311145790464,s-2.302096425461508,s243.108927699469916
111_20,s-0.556605366358869,s-1.304426832177074,s247.764059984917083
111_21,s0.622257203134358,s1.926477930502139,s247.805174989796484
111_22,s1.893824289469727,s1.969217159285414,s240.275037966429352
111_23,s-0.830104762723435,s-2.464529167297587,s65.944890281800383
111_24,s2.871879666374400,s-0.844832602000152,s68.572927487751613
111_25,s-0.791834999309663,s1.322366349637495,s68.529192108407059
111_26,s-1.706280904031894,s1.926787214438607,s247.706358665961034
111_27,s-0.787302852881697,s2.399859360056526,s67.619820760817461
111_28,s-2.878713688548764,s-2.384229747358320,s246.596689250833407
111_29,s-0.696947194728709,s-3.013181767605165,s241.863654050662291
111_30,s1.879920371935273,s2.445248673392991,s259.002874133343312
111_31,s0.553247841025316,s-2.420213574448377,s244.095783762558909
111_32,s-1.704646823966323,s2.463596282163144,s248.321075434846534
111_33,s0.408338582225856,s-3.023741827960036,s242.718004215510689
111_34,s-0.800954168330524,s-1.372252138759845,s68.095884589964101
111_35,s-1.958019670780472,s0.245596753076980,s1868.631076138846538
111_36,s-2.875894867517606,s-0.230315820180106,s248.735260205648274
111_37,s-0.542653139746766,s1.927515507261077,s247.439459172087936
111_38,s1.576852366032854,s2.374773129787751,s59.276930520002935
111_39,s1.526012474932786,s0.240800277510859,s67.691884584571767
111_40,s0.371212245240133,s1.321925207593587,s68.658756524608890
111_41,s-1.960362482346530,s-1.370657775641307,s68.513681561449715
111_42,s-1.975358620657363,s-2.456945954008202,s66.596689404134764
111_43,s1.532054949798109,s1.319091202854771,s67.984031076201873
111_44,s-2.874813416001039,s-0.766406785013169,s247.863572214556143
111_45,s-0.795713563654456,s-0.295186609861249,s67.999910576573569
111_46,s1.434449762460872,s-2.479939420533685,s1144.095783185648543
111_47,s2.872742292700922,s0.768769628974753,s64.678633058983408
111_48,s1.839952284932160,s-0.203310285365494,s252.525808794000000
111_49,s-1.961863905451605,s1.320916235670763,s-1012.337828430515970
111_50,s0.304908509759489,s-2.470568531972686,s-654.815353136674162
111_51,s-2.878545038008256,s-1.304554506724835,s247.734586461113082
111_52,s1.540006671896455,s1.864302832252785,s68.635785948340754
111_53,s-1.709314934441277,s0.848946056795897,s248.005160691901381
111_54,s0.616273154195801,s0.848865323718839,s248.022129022578497
111_55,s2.305067433668831,s-2.976059254582434,s63.110778491747048
111_56,s0.371597973942193,s0.780981444352898,s67.855045641215256
111_57,s-2.880371512149218,s-3.011819082418654,s241.752923082263607
111_58,s2.873646144641380,s-1.384101017342558,s68.667561660763482
111_59,s0.599021483050953,s-1.844058845937124,s247.939959711190767
111_60,s1.864594733941016,s0.365341268753434,s239.588959657647308
111_61,s-1.789442211763498,s-3.011884182361714,s241.758215842844976
111_62,s-1.714686555273834,s-1.305050467314973,s247.983299834758355
111_63,s-0.791689343497093,s0.782013000105238,s67.931754153614818
111_64,s1.788485691809760,s-1.291921143732322,s256.566624617750222
111_65,s2.850600127056809,s0.235226313103590,s67.021414014750619
111_66,s2.727614856446884,s-2.574659578826243,s55.700162762329832
111_67,s0.606346983771334,s-0.766489526769966,s247.964103047891967
111_68,s0.623752305888483,s2.463739575008782,s248.257663548862666
111_69,s-0.800668109998604,s-1.910050545288876,s68.382191083734668
111_70,s-1.714890511685583,s-1.844667333272980,s248.384522163144482
111_71,s-0.549720150578841,s0.310591725486030,s247.950520096381894
111_72,s0.158868397327444,s-3.063807241985145,s61.863654269942096
111_73,s-2.877237624099303,s0.310280588212209,s247.973251780173200
111_74,s-2.036631245014703,s-3.049379467112628,s61.752923060050009
111_75,s-2.878381625085582,s1.923462951996653,s248.811175188005393
111_76,s0.374943971825752,s1.862700817959244,s68.341397248655397
111_77,s2.880371512149218,s-2.931686939211281,s4444.990450430314013
111_78,s-0.553385638876798,s-0.766409189757962,s247.941355479996275
111_79,s2.860117900954831,s-0.292619936512614,s72.353217411124021
111_80,s1.511506602591528,s-1.912972518679759,s1867.827930497589705
111_81,s-0.798423340155407,s-0.834166479726773,s67.862054088329160
111_82,s0.364131393418790,s-0.296449718899593,s67.866713680175621
111_83,s-0.546669824702652,s1.387125395140496,s248.130209994720360
111_84,s-1.956671588824130,s2.401708006112686,s67.530805473694215
111_85,s0.603480158772749,s-1.304614558547482,s247.821920937899250
111_86,s0.355711381384195,s-1.911131950213200,s68.175255213276913
111_87,s0.360653006966630,s-0.835156129280138,s67.795850150586347
111_88,s1.828586255833464,s-0.705844078108473,s240.970682337963012
111_89,s-1.708563568420551,s1.386856499245562,s248.224430673930840
111_90,s-2.877505775365615,s-1.846447783134045,s248.955650334138568
111_91,s-0.793955533530575,s0.243528924473845,s68.031387688591920
111_92,s-2.877264937284105,s1.387791274729801,s247.790431725426117
111_93,s0.618766298396621,s1.387846803966748,s247.850919506019977
111_94,s2.010324558704350,s-1.735825467411648,s228.473530817105626
111_95,s1.267765038742843,s-3.065102655602455,s62.718161560729612
111_96,s-0.583619233374764,s-2.410326078493122,s245.184648025138642
111_97,s-2.877785208745387,s0.847275735498924,s248.522073970282861
111_98,s2.862138161973232,s1.885039235374729,s-292.590004880832964
111_99,s1.515265110862102,s-3.022558291905890,s243.078577817339323
111_100,s-0.547770242893185,s0.848888393865442,s248.029242816210541
111_101,s0.367653504702205,s0.242036685982851,s67.821840283309271
111_102,s2.870264398909905,s2.460764812868297,s426.514234465008315
111_103,s-0.551551123131648,s-0.228226149667636,s248.061138959409675
111_104,s0.377212591902526,s2.399794137327758,s67.556979875900652
111_105,s2.863077480591556,s-2.045191776011228,s50.343043716365457
111_106,s-1.727581076892534,s-2.394586239519091,s245.944889979439751
111_107,s-1.713090163029245,s-0.766778214081681,s248.071010696846145
111_108,s-1.958083827326485,s-1.909650075455394,s68.370327367177921
111_109,s1.529824176445818,s0.780245777145365,s2947.937229595846929
111_110,s-1.711236940866584,s0.310496288566014,s247.982193734198859
112_0,s-0.946775977379319,s-0.518296720541301,s256.619015923281154
112_1,s0.119307821542236,s0.047910213004436,s256.606894560884541
112_2,s2.903251958896312,s0.110373328244824,s76.606548339789100
112_3,s0.132577385551930,s0.676450382415343,s256.575010143791815
112_4,s-1.082877585284223,s-2.893051766674004,s77.483436784178451
112_5,s0.938654543247780,s2.080156196843515,s73.030209088001399
112_6,s-2.902529287519402,s-3.082966852242550,s5297.671617837388112
112_7,s-1.866113297959843,s0.792042875575071,s256.621050523933377
112_8,s-1.956435292195746,s-1.802699993437422,s257.080135442988365
112_9,s-0.851552323557978,s0.717313898115031,s256.618917226067026
112_10,s1.918046018448491,s0.808389401368149,s76.537424563300334
112_11,s2.032701743196126,s-1.905148143618648,s257.109190538426049
112_12,s-1.158176649516449,s-0.932693649891996,s76.722774660461980
112_13,s1.000271798785197,s-1.856707776529014,s257.135456227929467
112_14,s-2.043859707414000,s0.395419934035811,s76.477191734865372
112_15,s-0.097535519191653,s-2.892926369516464,s77.320716889693259
112_16,s-2.902002684071058,s0.241078883902721,s256.477191886097501
112_17,s-1.052435530144476,s0.328207502599675,s76.619114793699822
112_18,s2.903170691920538,s-2.943116927327359,s77.357807557603223
112_19,s1.010424600186782,s-1.264427421465011,s257.068055226952652
112_20,s-0.037370549200334,s0.253552962935149,s76.619015736460980
112_21,s-0.813261828721602,s1.361189040325315,s256.618917161873696
112_22,s2.903526651989078,s-2.352709460732841,s77.175066724628905
112_23,s2.903214546239010,s1.387827974943411,s76.525610208464727
112_24,s1.110442929132514,s0.616434256107539,s256.537426854591843
112_25,s-0.966654067981003,s-2.447815673165961,s257.320717943333989
112_26,s0.062402599012197,s-0.580966771167363,s256.618520413801548
112_27,s-1.003638013782911,s0.942234826546349,s76.621049831296531
112_28,s0.059334319432494,s2.001428859078767,s253.030208373614073
112_29,s0.998355173044877,s-2.445881992789235,s257.225729015921900
112_30,s2.028555564710861,s-3.083628570480433,s257.175051887729182
112_31,s0.077567696711262,s1.307130537640367,s256.523171935386074
112_32,s1.871106887352103,s-1.714287001539348,s77.135192213805112
112_33,s1.925463761562901,s1.413112117681119,s76.524621514852782
112_34,s-1.956129116455190,s-0.466577555725918,s256.619115267925622
112_35,s-2.902116779195031,s-1.098439913882115,s256.722865356704801
112_36,s0.912997423095244,s-0.419303417424747,s76.618445318258750
112_37,s0.961465756790373,s0.853426905707153,s76.549676502050687
112_38,s-0.900199405826392,s0.103957279044723,s256.619015615302033
112_39,s-0.046426382934062,s2.479856543980163,s292.038102581623832
112_40,s-2.902068122889257,s-0.427149461788989,s256.619116424854553
112_41,s1.956531292238140,s2.056860447498682,s78.235878429893233
112_42,s-2.108051198475249,s-2.232102139570578,s76.931090238283431
112_43,s-1.894082058063470,s0.160035270099643,s256.619114827987062
112_44,s0.854224884471874,s-1.048405871795252,s76.618593060672694
112_45,s-0.191561259328970,s-1.611169854981841,s77.226592387238583
112_46,s-0.982415556787220,s1.560161534523855,s79.266531616298650
112_47,s-0.060176298697498,s1.593704363646938,s76.618916951547746
112_48,s-2.108751490130018,s-0.894019383061306,s76.722862504559814
112_49,s2.102084275614589,s-0.087065099288049,s256.606549187959160
112_50,s1.906077327936720,s-0.479761945531392,s76.618155196913634
112_51,s2.032384641336958,s-1.315144843135330,s257.098517162926385
112_52,s0.962554352399432,s0.214766263194973,s76.606792419744025
112_53,s-1.951156369915962,s-2.448261062213199,s257.322747155009495
112_54,s-0.815340060187121,s2.083716911576754,s256.621084238870822
112_55,s-1.908656261926821,s-3.083215390080173,s257.483412685636665
112_56,s-0.001696607671501,s-1.206199722632116,s256.618594518643931
112_57,s0.015998378958651,s-2.446363444427654,s257.238211935041932
112_58,s1.061428114584695,s1.266505344266653,s256.524582356464407
112_59,s-2.026139646093744,s0.985567380498522,s76.264292797943199
112_60,s2.903493756844168,s-1.762955985941925,s77.109190676997613
112_61,s-1.850383696419874,s2.242161982807034,s79.266593974602927
112_62,s-2.900702623604618,s2.483628573374435,s293.629377740757434
112_63,s1.999952892003915,s2.475685369124606,s290.140318425923851
112_64,s0.885145878468722,s-2.892947361582009,s77.207671126848339
112_65,s-1.004016982950330,s-1.807695266946331,s257.226592353217939
112_66,s-0.090751019561026,s-0.360572594894818,s76.619015557272490
112_67,s-1.128860620734428,s-2.257573134890371,s77.322747158513224
112_68,s-1.852386264417283,s1.392847200389832,s259.266531542484699
112_69,s-2.723638009591198,s2.079666458921661,s259.266574049283975
112_70,s0.838757695831301,s-1.664021781799168,s77.226592230007967
112_71,s-0.021357542162912,s0.893804121713877,s76.618917245429387
112_72,s-0.920054878631465,s-3.083432622779536,s257.320367752794425
112_73,s-0.468038891441257,s2.463756911299360,s76.631168423874684
112_74,s-0.146242163069902,s-2.255818142911441,s77.320664713758376
112_75,s-1.681818697279196,s2.057538200666515,s259.266534186392562
112_76,s1.873915033998782,s-1.111043757055628,s77.068055239282401
112_77,s1.866840967135285,s-2.892976034590261,s77.175052023852615
112_78,s-1.102175997245013,s-0.307346820917263,s76.619115059200894
112_79,s2.122641867731135,s1.862985348256162,s256.525610519223505
112_80,s2.055304890721734,s-0.716645114175847,s256.618096373099092
112_81,s2.901615553142907,s2.474539599265727,s109.588324573851068
112_82,s-0.031275658420418,s-1.808736335844318,s257.226592167350304
112_83,s2.081561562992387,s1.206253749695630,s256.525609800592974
112_84,s-1.959296821499991,s-1.131500518691096,s256.722800237339925
112_85,s-1.161202857251538,s-1.595591750064265,s77.080135786785263
112_86,s-2.072227245455955,s-2.893253850768743,s77.700455924895621
112_87,s2.903257330800247,s-0.553067474298101,s76.618095390779530
112_88,s1.064227510680506,s-0.647774428406746,s256.618155430344189
112_89,s2.066996438260733,s0.571336411584879,s256.547140558682941
112_90,s1.954519119766863,s0.156629336336537,s76.606612569508584
112_91,s0.836424456844762,s-2.255361792503096,s77.238145286843292
112_92,s-0.154830939257320,s-0.985665244826851,s76.622127391246664
112_93,s-2.902216411822700,s-1.768865265415995,s256.930843722310783
112_94,s-1.003531824529799,s-1.148750464835870,s256.622128886631913
112_95,s0.907545086688270,s1.482616451208808,s76.519542672013642
112_96,s-2.902216534537303,s-2.438292896482898,s256.931115856443910
112_97,s2.903488452397040,s-1.173569773959872,s77.098516547211347
112_98,s1.114087077371507,s-0.012268738989406,s256.606614348970709
112_99,s2.903224457948727,s0.742551957239735,s76.547140173692071
112_100,s-2.903526651989078,s1.435993540531386,s259.266572822774492
112_101,s-1.316216209931396,s2.481258229971397,s67.358219510890464
112_102,s-2.019863235844810,s1.583210406237505,s79.266573996456486
112_103,s-2.900191686917540,s0.854260436131401,s256.477190972550318
112_104,s-2.104676916930841,s-0.226822952061876,s76.619116212390622
112_105,s1.870448039617260,s-2.304085565379255,s77.176070538363561
112_106,s1.046985325752521,s-3.083628573374435,s257.175049824327914
112_107,s1.010746737933003,s2.483628573089179,s293.629377715566193
112_108,s1.102738928614262,s1.874380258029206,s257.371480908853698
112_109,s0.064720666828100,s-3.083584396447492,s257.207670250908279
112_110,s2.032166530101615,s-2.494738937566559,s257.175066613317199
112_111,s-2.106951123336093,s-1.563467434678032,s76.930742988963132
113_0,s-0.765697050988162,s-2.194996459085141,s348.304401766272463
113_1,s1.789579784192377,s-2.254555528370282,s348.893937636558121
113_2,s2.808420746946641,s-2.285921351726083,s195.827444155133037
113_3,s0.501037843722567,s-0.234144597459335,s348.304587853549890
113_4,s1.773454946600610,s-3.226456433583579,s348.943382590920010
113_5,s-2.600104113899853,s0.741839041852704,s349.271104410049077
113_6,s-0.887786176275536,s2.626299364637060,s168.730570383296993
113_7,s0.308189523711195,s-1.403910081961081,s168.304402192206908
113_8,s1.754717920843391,s-1.283215945981679,s348.545742036648278
113_9,s-0.130026945914933,s-0.208832656952857,s348.304639266152265
113_10,s-1.367891863906481,s-1.203557354901126,s348.852527183080326
113_11,s-0.307048920294426,s0.647835799810183,s168.304639449064325
113_12,s-2.579840065051046,s-2.247866885253746,s348.207032873176217
113_13,s-0.789759853152932,s-3.226076400368377,s348.304402165498857
113_14,s0.312689918796378,s-0.399395774600644,s168.304639019609056
113_15,s2.396960012704241,s-1.207733360495280,s348.530767485264221
113_16,s-1.351214217246356,s-0.170307375655528,s348.949202158004368
113_17,s1.779136388185216,s1.760091197584913,s348.567580836279660
113_18,s0.946566529122390,s-0.434619004304585,s168.304670888660297
113_19,s-1.398711211862549,s-2.238443944965629,s348.266114741401964
113_20,s-2.785176950056725,s2.626639015774788,s169.279098181879618
113_21,s-2.584237147704219,s-1.271292032137711,s348.205532829489925
113_22,s-2.808420746946641,s-2.415827027776036,s156.370622274253776
113_23,s1.583085083727317,s-0.421337684560395,s168.545741961751276
113_24,s-0.081510411991371,s0.805388291517968,s348.304609265705039
113_25,s-0.356111905461471,s-2.367700643084764,s168.304402100428376
113_26,s2.207695108557850,s2.626203025829015,s168.569040675645908
113_27,s1.158511121166158,s0.736072103234335,s348.550451967428842
113_28,s1.116949615972894,s-3.226082594442313,s348.315185282557763
113_29,s-2.600577299046890,s1.768345202041504,s349.280078511653585
113_30,s0.547389652195840,s0.762877351681335,s348.304587784556247
113_31,s1.557477074342171,s-2.413049717331857,s168.943382004286036
113_32,s-2.740308637939810,s-3.223834603746695,s336.370622268522936
113_33,s-0.325867292116111,s-1.368649311104340,s168.304402135558831
113_34,s0.585939599246554,s1.768663308165785,s348.304588619255242
113_35,s-0.709643822589580,s0.840865278608149,s348.728327878294067
113_36,s-0.181691041851431,s-3.226076399008039,s348.304402123190357
113_37,s-0.135800795010719,s-2.209066868616510,s348.304402182281592
113_38,s2.403486715759850,s0.790570974005822,s348.548044826860348
113_39,s2.800737377895431,s-1.362767551840574,s169.749948930929264
113_40,s1.613652287408295,s2.626202162703816,s168.567580942789846
113_41,s-0.764705554259738,s-1.207619635294753,s348.364741460595326
113_42,s2.201880058760311,s0.627349714819268,s168.548043921523401
113_43,s-0.131197051102659,s-1.204706638837431,s348.304639278394006
113_44,s2.185600051452795,s1.594401682019067,s168.551891275137677
113_45,s2.209318419410037,s-1.378620877267499,s169.749824330102768
113_46,s-2.786465317851579,s-0.450417163216438,s168.205532147504044
113_47,s2.370912474044915,s-0.236268929748676,s348.548043896761044
113_48,s-0.267893796557086,s1.651205772283532,s168.304609244864423
113_49,s-2.159318884076326,s-0.369615323535943,s168.852526545165119
113_50,s0.943409720641447,s0.575572243011196,s168.546946154942503
113_51,s-1.973311100431560,s-0.201511217392769,s349.080249151009014
113_52,s-1.971913472545400,s1.795568315383445,s349.119683517740611
113_53,s1.776545482188188,s-0.256463092886045,s348.548043854760124
113_54,s2.207939866391441,s-2.412284341163907,s169.745120106578298
113_55,s-1.558366511424467,s-1.370641478429990,s168.266114962610857
113_56,s2.801927055162159,s2.626285705321501,s168.707839085921364
113_57,s-1.587690222960985,s-2.403894120918403,s167.939187346088204
113_58,s1.126787513694707,s-2.262613391788487,s348.315053260023546
113_59,s-0.745338529706508,s-0.180431516805092,s348.728326689039477
113_60,s1.019056303097165,s2.626195587477069,s168.556451053876856
113_61,s-1.988959971105406,s-2.244776497383850,s348.463520455036473
113_62,s-2.178325818559587,s2.626538307466132,s169.119683814182764
113_63,s-0.936084258133443,s-0.346829593011427,s168.364741510710729
113_64,s2.790184445979278,s-0.310471391004150,s4138.515570823249618
113_65,s-0.922357919406707,s1.655388759635547,s168.728346807823101
113_66,s-2.148286310013553,s-1.375336215773248,s168.463520509858540
113_67,s1.184905794459100,s1.760406456419131,s348.556450846542134
113_68,s-1.324511069073684,s1.814895461459409,s348.948204173445561
113_69,s1.569767183234824,s0.563710698372708,s168.548044436778042
113_70,s-2.785194145824232,s1.599731086664424,s169.271102990825483
113_71,s0.902946515260052,s-2.420552597797879,s168.315185179440135
113_72,s-0.966521186884037,s-1.370339878265290,s168.304401723802982
113_73,s-0.953125223729263,s-2.360437327543734,s168.304402059574642
113_74,s0.410009711835990,s2.626048918595625,s168.304588843789332
113_75,s-0.922133565530863,s0.679282085905176,s168.728327271163636
113_76,s-0.031116586493696,s1.806431672619020,s348.304588409243365
113_77,s1.588819136069798,s1.594508528153687,s168.551892491267097
113_78,s-2.786465320275090,s-1.433378397218276,s168.205531099029628
113_79,s0.459127165260598,s-3.226076400599418,s348.304402505880660
113_80,s1.756493150775579,s0.729961891174564,s348.551892563689194
113_81,s-0.235382531060605,s2.626048920123179,s168.304588486433829
113_82,s-1.541791332094651,s2.626431810820423,s168.948204795948300
113_83,s-2.184306040783103,s0.621824681564481,s169.080251712202340
113_84,s0.258429299334984,s-2.401234808425156,s168.304402470571091
113_85,s0.936983892380965,s-1.421616734978338,s168.315012255227060
113_86,s-1.537124007496919,s-0.337906277738208,s168.852527120597358
113_87,s0.502679635882285,s-1.239930125137896,s348.304638887592489
113_88,s-2.598092182450921,s-0.281926236076244,s349.080950159242548
113_89,s-1.987562727244943,s0.787703435972330,s349.115370172844280
113_90,s-0.326766173975928,s-0.372346719131886,s168.304639307477970
113_91,s1.567739921325840,s-1.450685539755664,s168.867954951338106
113_92,s-1.961021270907418,s-1.207877016227910,s348.852526706899255
113_93,s-0.676072552076962,s1.810247690304427,s348.730569610381735
113_94,s2.391152543287570,s-2.242164675201902,s349.749949020230417
113_95,s0.311749360677142,s0.607416208269510,s168.304587871475718
113_96,s1.146430270074777,s-1.260687413284503,s348.304671444619089
113_97,s2.802119529593674,s0.617798287891970,s168.548043524604140
113_98,s2.795197585520638,s1.689373761328842,s538.781155004899688
113_99,s-2.184584501919942,s1.632779695850820,s169.115372193668151
113_100,s-1.357006004879265,s0.833528246329497,s348.948267196320501
113_101,s2.433300088505051,s-3.226639015774787,s349.768947091258326
113_102,s2.180730591047886,s-0.401827670421103,s168.530767677214584
113_103,s-2.175936814755875,s-2.410780623076700,s168.474794561838195
113_104,s-1.550924423847920,s0.667620832503383,s168.949202482891081
113_105,s-1.565540530948266,s1.658193456289401,s168.948267254077251
113_106,s0.496872544709830,s-2.246354564019083,s348.304402272865957
113_107,s-2.785412286899618,s0.573139569740529,s169.080950440344225
113_108,s-1.389398320530667,s-3.225870977405366,s347.939187379252303
113_109,s0.985081458469325,s1.596791669119158,s168.550452083237985
113_110,s1.134183501349411,s-0.268244924466089,s348.546946045904974
113_111,s0.362376582729275,s1.610702087590410,s168.304587735839135
113_112,s2.373713157309012,s1.760435969809850,s348.569040888473410
114_0,s0.106630533553009,s1.873859032717847,s258.523739265112170
114_1,s2.057807493696924,s-1.911163649487176,s257.916424916880658
114_2,s2.064741394931060,s-1.317392231024796,s257.708051218261630
114_3,s-2.061015154728524,s0.873174961072348,s78.489266175324943
114_4,s2.925067022380552,s2.500260502549758,s108.162976545305753
114_5,s2.927361939845799,s0.797107748749981,s78.184457413415146
114_6,s0.003267914366700,s0.826576135644086,s78.523829735532530
114_7,s2.005490044452835,s2.508420900925920,s291.960924129970635
114_8,s2.057543713524117,s-2.500966206624819,s257.916423746340627
114_9,s-1.127846549990670,s-2.294082205356858,s78.077832918969690
114_10,s0.034085839301580,s-1.234143195598354,s257.704918021812659
114_11,s0.979692076563197,s1.446068806556750,s78.524278807556485
114_12,s-0.059315724477679,s2.061691470498729,s78.523747295340911
114_13,s-0.911588873393086,s-3.101527068828183,s258.077832919191110
114_14,s0.943636822396556,s-0.441463540445321,s77.708056251238929
114_15,s1.028672186526857,s-1.876439836957127,s258.059981374148606
114_16,s-0.877237156113711,s0.048855278807624,s257.713957398497996
114_17,s-0.124952739589537,s-1.024620522518191,s77.698827507725554
114_18,s-2.107410837770638,s-0.955907167269733,s77.700109641593372
114_19,s-1.028780116694094,s0.848993997164544,s78.493090355914177
114_20,s0.169611093216655,s0.638580268978262,s258.199535436812141
114_21,s1.095666293146861,s1.895210734850953,s260.323182254428389
114_22,s2.925403315090640,s-2.987550366360016,s73.450315188093711
114_23,s-1.028648679328739,s1.442670463487409,s78.504810982558070
114_24,s0.922550643908045,s2.083228257785684,s78.523739265109640
114_25,s0.976159141387762,s0.850554258983006,s78.199535436813136
114_26,s-1.895172333257433,s1.278485643712677,s258.504810982552954
114_27,s2.927099352584650,s-1.155361391350196,s77.708051218287665
114_28,s-2.927134090254666,s-1.152913424084268,s257.700109641680683
114_29,s-0.988503486271978,s-1.853300683117851,s258.077832577741560
114_30,s-1.970654223300190,s-1.854411824175992,s258.076338720590797
114_31,s-1.129373801438647,s-1.010947950409038,s77.698822722388272
114_32,s2.075177416247764,s-3.108476685346075,s253.450315187969380
114_33,s2.116784781658572,s-0.068312123297947,s257.721466531313922
114_34,s-1.039962297536637,s0.248840392749480,s78.091493820131618
114_35,s1.076101506082773,s2.488004547904568,s260.323182252355650
114_36,s-1.091889801678746,s2.089291599419326,s78.489311907186377
114_37,s-1.150649901635389,s-1.653123374474177,s78.076338720601512
114_38,s-0.929441686063983,s-0.572956423660992,s257.698799849631939
114_39,s2.927099355358554,s-0.518761378876852,s77.708056395169280
114_40,s-2.061181393543354,s0.279572694440796,s78.483122573104254
114_41,s0.002613032154875,s-1.844490388607940,s258.077832477492507
114_42,s-0.054268231030552,s1.470395678887372,s78.523830173572051
114_43,s-1.956530261339590,s-1.202749347773703,s257.698822722430350
114_44,s-0.963148134805615,s-2.482163124210612,s258.077832918791046
114_45,s2.096841317894371,s-0.708509855381179,s257.708056395151345
114_46,s-0.072422213418539,s-0.402708163349101,s77.698799849452570
114_47,s1.944403780941685,s-0.468685088169674,s77.708056395142748
114_48,s-2.927133400038395,s-0.507020318636739,s257.698820236724202
114_49,s2.927106546998058,s0.135506582926666,s77.721466531539789
114_50,s-2.927339727129652,s-1.814846301148393,s258.075749707872262
114_51,s2.128810260439607,s1.904228007115399,s260.084833731521655
114_52,s1.088353832563929,s-3.101813465609670,s257.852972937907168
114_53,s0.086695819223729,s-0.611929598351562,s257.708056249021240
114_54,s-2.927657043798108,s2.489898915725422,s258.625509916065937
114_55,s1.894472163944405,s-1.715957333542932,s78.059981374148776
114_56,s-0.862742051831490,s0.661410631999248,s258.523829735517893
114_57,s0.022025066027637,s2.480816145627775,s-9811.655381766306164
114_58,s-2.082496229444165,s-2.913335951699290,s78.375445524658616
114_59,s-1.076488313471654,s-2.913403865887135,s78.130143675177720
114_60,s-1.916682767498411,s-3.101461198411680,s258.130143674944634
114_61,s0.139025485495638,s0.010042736061990,s257.714985613705096
114_62,s0.091664340548084,s-3.101813465609609,s257.852972938087817
114_63,s-0.020132428852050,s0.219127365727138,s77.713957398497882
114_64,s-1.966205309258378,s-2.482753935596523,s258.077832918969648
114_65,s1.024879927931581,s-2.469502878145195,s258.060586187926390
114_66,s2.927212407659473,s-1.757802866513586,s77.916424916880530
114_67,s0.860171868761602,s-2.281358396867851,s78.077832918817435
114_68,s0.865767015563612,s-1.679752591820085,s78.077832477396285
114_69,s0.034627474487029,s-2.478851044143238,s258.077832918792240
114_70,s0.111890950667544,s1.283602126588736,s258.524278807555390
114_71,s1.892821970740153,s-2.312304705870429,s78.060586187922979
114_72,s-1.090749131431521,s-0.373961313087198,s77.698820236617919
114_73,s-1.898008822848873,s0.076119737715410,s258.091493820131632
114_74,s2.120842563268950,s0.585288133166451,s258.184457413409177
114_75,s1.133026202058896,s0.623377981902940,s258.191707601195901
114_76,s1.050064835293972,s-1.272649925107314,s257.708026713431252
114_77,s-2.083335399746587,s-0.326837340155104,s77.698820236723236
114_78,s1.909350563872082,s-2.903870531312646,s77.853058551860116
114_79,s-2.927576594545429,s1.302717655032272,s258.489266115792020
114_80,s1.965810000851531,s0.178455747666954,s77.721466531310739
114_81,s0.983260534913716,s0.190123339401271,s77.714985789175941
114_82,s1.102782164263606,s-0.650502739834594,s257.708056360977423
114_83,s1.142955008565289,s-0.016620179518572,s257.721466405539275
114_84,s-0.926529915839734,s1.898344602573551,s258.523747295366206
114_85,s1.956703419176983,s2.086583515926757,s80.323182254432069
114_86,s-0.073158523543879,s-2.912904618794438,s78.077832919122812
114_87,s-2.927576621382448,s1.896220294017354,s258.489311905167256
114_88,s-2.927572995007590,s0.115422393952873,s258.483122573110109
114_89,s0.890927574562524,s-1.063554939361246,s77.704918021813441
114_90,s1.146492281525122,s1.259148334554824,s258.690831186614105
114_91,s-1.895246647211859,s0.684849384129772,s258.493090355914092
114_92,s-1.895648369295353,s1.872084056203516,s258.489311907186902
114_93,s1.906956796411338,s-1.102107804836102,s77.708026713436922
114_94,s-2.124026810425689,s-2.262088979556018,s78.075749709015128
114_95,s0.924595320327113,s-2.912156093191659,s77.852972938049717
114_96,s-2.122065780951816,s-1.603424242270635,s78.075749707769916
114_97,s-0.967184153760235,s-1.205897313088516,s257.698827507726207
114_98,s1.965109671375296,s0.817758716845255,s78.191707601197450
114_99,s-0.129902383607474,s-2.289971795458985,s78.077832918791501
114_100,s-0.929641843334465,s2.490022075864408,s258.523730750497634
114_101,s2.927212407068241,s-2.348012919853123,s77.916423840335057
114_102,s-1.929039969419580,s-0.557989149157018,s257.698820236633196
114_103,s-2.927509852140104,s-3.101154940429311,s258.375397868159951
114_104,s1.959482015515566,s1.472454346138719,s78.690831186630845
114_105,s-2.927339727128943,s-2.474861040968159,s258.075749709228432
114_106,s2.116983079839691,s1.240142382460387,s258.690831186647415
114_107,s-2.927576594452624,s0.709215074701310,s258.489266175308273
114_108,s-0.162085381966131,s-1.656409468407307,s78.077832577741219
114_109,s-1.988923773738378,s2.482742947550337,s-451.773237883083880
114_110,s-0.862480044631475,s1.255807252830625,s258.523830173572321
114_111,s-2.061015265889797,s1.466677708634735,s78.489266115791636
114_112,s-2.061346287133749,s2.060681122845140,s78.489311905199443
114_113,s2.927657046449330,s1.455006229085391,s78.690831186654378
115_0,s2.088864782575806,s0.634504583919034,s157.998805637300023
115_1,s-1.604014848490731,s-3.231971285711583,s346.500974214511473
115_2,s2.736755778526813,s-2.215048071330595,s348.764764648269534
115_3,s1.306459172801014,s-1.391035822671801,s168.142736512633292
115_4,s-2.823519000288565,s-2.295917232592910,s1425.154112054269035
115_5,s-2.862197981374226,s2.630257680975531,s1968.557942111151988
115_6,s2.157707426055204,s-0.193737242859079,s337.998805637385658
115_7,s2.311996120315168,s0.827771592859869,s-5.317116645527066
115_8,s1.398058205365895,s0.679970595737132,s166.844164064854397
115_9,s-1.769629893236297,s-2.388854127189245,s166.500971199665287
115_10,s2.124964520093290,s1.729882343365031,s174.465047043899887
115_11,s-1.590349353998571,s1.676389340861226,s167.171962828950399
115_12,s0.805933957806048,s0.693479593838664,s166.852256141149866
115_13,s0.405173776672224,s0.869861444812702,s346.909598972435219
115_14,s2.100478705477488,s2.624482390067272,s171.045722763425260
115_15,s2.723999356578061,s0.724959574636010,s164.117651778497475
115_16,s-0.781428192942364,s0.871740936637270,s346.156965307843222
115_17,s0.652017377250116,s-2.396338137721075,s167.611741520913483
115_18,s1.495569636088480,s-1.225941084829645,s347.812180828295652
115_19,s0.997608428705384,s0.854132306998838,s346.821444588409463
115_20,s-1.493643321945416,s-1.203109407194610,s346.546265263078624
115_21,s1.703358217124877,s1.783176525837594,s352.437905388004310
115_22,s1.344026017401625,s-0.353831469330739,s167.317567648687771
115_23,s2.546192651113673,s-1.366790309558597,s168.767563358083123
115_24,s-0.196248850306111,s2.629663014241889,s166.051798979339424
115_25,s-2.227823266086855,s0.653012738455489,s167.329392153694840
115_26,s0.978476712671224,s2.047772572999878,s353.020405823740646
115_27,s2.119074084089886,s-3.233039214370011,s348.769207145895052
115_28,s-2.229013357233802,s-3.232181707314513,s346.946413517039616
115_29,s0.083631079239069,s2.044995487341399,s346.055727771562090
115_30,s0.706119921689691,s-1.372744738333292,s167.611739340756259
115_31,s-0.934800269171427,s1.725550722364174,s166.156965308467818
115_32,s-2.175039676224604,s-2.255783204440017,s346.946357087822150
115_33,s-2.673494850415343,s0.772429476842425,s347.995967467430091
115_34,s0.836443460178990,s-3.232519835154669,s347.611741520899329
115_35,s-2.085077288443677,s-1.199703375995723,s346.946559653582142
115_36,s-1.586949583924312,s2.629952463900795,s166.695330265968408
115_37,s-1.037779677383037,s-0.302916535314430,s166.715872468156306
115_38,s-0.298366882665888,s-1.179968117998891,s346.797034168099913
115_39,s-0.838407787445194,s-0.144343797927327,s346.607549541293054
115_40,s0.862801268123072,s-2.237868941339404,s347.611741352269746
115_41,s-1.383894889812200,s1.835130177439251,s346.695330265840482
115_42,s1.904045716607802,s-1.399072365315720,s168.751538160141081
115_43,s-1.011006096743414,s-3.231988210799413,s346.537831655889306
115_44,s-2.043796553401656,s1.801641233012900,s347.995839256246427
115_45,s-2.864781328168804,s-0.376593019289951,s166.946318036629577
115_46,s2.547700033426794,s1.776469554632104,s7.288096378794430
115_47,s-2.863390396485571,s1.607549385420803,s167.995967268676367
115_48,s-1.394414561417022,s0.864005232305948,s347.171962829173708
115_49,s0.291992333548064,s1.764890239604046,s165.000107205259610
115_50,s-0.953556091959593,s-2.202701198530880,s346.537831655833259
115_51,s1.698903435494110,s0.815073667500230,s346.821444587474787
115_52,s-0.355311056653754,s-2.207302178475569,s346.797034168137998
115_53,s-2.861112823748620,s-3.233930530302115,s349.944903722974004
115_54,s-2.673153111178939,s-0.214173459803615,s347.329405104811713
115_55,s0.043371182384996,s-2.370322119033257,s167.105637529770490
115_56,s0.632682655840130,s2.629147257598986,s166.102070281417440
115_57,s1.498324469639120,s-3.232974967242759,s348.441656815909255
115_58,s0.098407086763773,s-1.351492145229016,s167.105637529821877
115_59,s-0.183147708248548,s0.878286820904113,s344.995950763876692
115_60,s-2.864260398794621,s0.607642623221579,s167.329405109261558
115_61,s-0.894547722125774,s-1.170325292046699,s346.715872470886382
115_62,s-0.497490877360205,s-1.338683249752810,s166.797034168108468
115_63,s0.804285842419469,s1.850556308141383,s177.341770336668816
115_64,s-2.864781328170364,s-1.352696836903486,s166.946318037161831
115_65,s-0.439706887218594,s-0.310828541381891,s166.797034168084423
115_66,s-0.992308267591485,s0.715759605575050,s166.607549540925902
115_67,s2.116652415766073,s-2.214522860651683,s348.767984396591032
115_68,s0.896552939730258,s-1.209437471683271,s347.335361285816703
115_69,s-1.585075817272060,s0.702300915492198,s167.171962828537772
115_70,s2.759405391318500,s1.418270236237206,s203.629377729860664
115_71,s-2.276373963395738,s-1.360656475820302,s166.946357087909405
115_72,s-2.674674248977787,s1.773931278726924,s348.503474992160250
115_73,s0.749831363380484,s-0.339041621741377,s167.149071533114039
115_74,s0.155103655674592,s-0.322665156583803,s167.105637529803346
115_75,s-1.634689085116060,s-0.330939978570240,s166.942547562896095
115_76,s-1.554381414860367,s-2.234696903009970,s346.390934063735472
115_77,s1.473010114714553,s-2.256971140226265,s348.441533407038719
115_78,s-0.555287968707698,s-2.365817213689582,s166.797034168152834
115_79,s2.547855967976193,s-2.381454204809366,s168.765370601675244
115_80,s1.472745458079870,s2.633930626766189,s172.694376864884674
115_81,s2.869831088742677,s2.432829815295944,s59.251676486824735
115_82,s1.934537207465777,s-0.360230098961285,s167.811839930519511
115_83,s-0.278102816531724,s1.762406170170693,s164.995950763746947
115_84,s0.199634953883429,s-3.232260029380301,s347.105637529814487
115_85,s-2.237069244878029,s1.638266005583180,s167.995839187743258
115_86,s-1.147813360890141,s-2.361850275138758,s166.537831655800005
115_87,s-1.686633256878705,s-1.362792958177503,s166.390934063760653
115_88,s0.299144084236533,s-1.192272431565852,s347.105637529864055
115_89,s0.352110889260010,s-0.162253351573820,s346.852256608682978
115_90,s-2.237931531232687,s2.630618962607084,s167.995839256871278
115_91,s2.091876960392647,s-1.231900591404353,s348.288480489513404
115_92,s-0.409355570528467,s-3.232109714716961,s346.797034168178641
115_93,s2.543926664159962,s-0.390463268813255,s166.867434835142916
115_94,s0.944479932031247,s-0.177787515028472,s346.850546024744403
115_95,s2.739212754547899,s-1.198791682549825,s346.867700954791530
115_96,s1.930551621638203,s-2.381504643699737,s168.776053716274305
115_97,s2.741758391295201,s-0.229023553555720,s345.144911075866219
115_98,s-2.223347934390652,s-0.325157751801519,s167.157497018601362
115_99,s-2.673484723184639,s-1.191744642381219,s346.946318037182436
115_100,s-2.032497498714327,s-0.162843208277893,s347.329353580163627
115_101,s-1.443181277562668,s-0.169122083301639,s347.171962826064998
115_102,s1.536241143147398,s-0.191457268269247,s346.844164064821598
115_103,s-2.412428207397468,s-2.406049156320905,s166.946413517165581
115_104,s1.285978432080431,s-2.422860126009791,s168.441529647580182
115_105,s-1.087147959789831,s-1.330589943936318,s166.537831655877596
115_106,s-0.381219414610690,s0.718183579172377,s166.504797076319790
115_107,s0.254565257823249,s-2.213496313085729,s347.105637529831540
115_108,s2.736844746120415,s-3.232306813286580,s5388.694465819023208
115_109,s0.213562159489121,s0.709004192389936,s166.852256608577221
115_110,s-0.912600034168258,s2.629707908770772,s166.155637106557634
115_111,s-0.688992394338735,s1.870963310249883,s346.155637099517151
115_112,s-0.243349310553940,s-0.151074151321953,s346.504797076182513
115_113,s1.489702456196713,s1.603349739932852,s166.821444587506505
115_114,s-2.037057771246360,s0.817799105257315,s347.995839188298817
116_0,s-1.626141166963697,s2.645812793478602,s169.495568323159944
116_1,s0.776051464862664,s0.696121863852903,s170.501678090200841
116_2,s-0.837192398037693,s-0.191762360641225,s349.533873445304607
116_3,s1.603726122209391,s-0.169234190170909,s349.387180948875425
116_4,s0.191208002795337,s1.755030338011332,s168.226658411140676
116_5,s-0.234416160466281,s0.849289651438281,s348.226658409610536
116_6,s-2.049520295125419,s0.754931476493592,s349.920128698547842
116_7,s2.210425792270242,s0.874065512699375,s348.274306291086759
116_8,s0.372036181382693,s-0.162819923002067,s350.501678090246003
116_9,s0.706321926828490,s1.861575713903912,s177.898751252322114
116_10,s-0.377906812444334,s1.735217708963631,s166.392408653568111
116_11,s-2.822353310633487,s0.561345456126487,s169.920247381465686
116_12,s0.201355239232500,s-2.390473331028060,s170.025721743709454
116_13,s-1.626451565073499,s-1.410901887704653,s169.366542579102116
116_14,s2.211358685605173,s-3.246343426283629,s350.033472542806919
116_15,s1.406282033419155,s-0.337915869769198,s169.907105019121445
116_16,s-2.639664346760641,s0.732005732764827,s349.920128699558575
116_17,s1.393913146585382,s2.646415498134504,s170.383104296329890
116_18,s0.170747242641962,s0.692697024553502,s170.453408852883314
116_19,s-0.426738677949976,s-0.351812148137990,s169.724690543185915
116_20,s2.020241877982989,s-1.360307613234219,s169.901003193154310
116_21,s1.613911606921982,s0.833840421641671,s349.418653600932942
116_22,s-0.423140827983536,s0.678333983065734,s169.721101475232928
116_23,s-0.789123994185720,s1.844492006460345,s348.426746254518548
116_24,s0.810780977940733,s-1.362249697682627,s170.057455447286060
116_25,s-2.068269545965409,s-2.360566844912657,s349.482670138254491
116_26,s-1.437174480785660,s1.789007840827606,s349.495568322751069
116_27,s-2.082555027046499,s-3.246029082625668,s349.445526561758925
116_28,s-0.401352114683213,s-1.367109064544685,s169.987502800866849
116_29,s1.607024348379427,s-3.246374361484464,s349.965435824227029
116_30,s0.401099650309921,s-2.222395504601566,s350.057455447280631
116_31,s2.210531955566591,s-2.219124006314724,s349.887353327331425
116_32,s2.022152040178244,s0.704772837062606,s169.298672605902738
116_33,s0.993406698863847,s-1.189148864961384,s350.197517564737893
116_34,s1.608674722193530,s-2.221409145499036,s349.901000651854645
116_35,s-0.204021280287497,s-2.221549783878968,s349.987502815952837
116_36,s-2.638032648416695,s-0.302976101781462,s350.025587186818825
116_37,s0.359657546678574,s0.864741881455892,s350.697811875877733
116_38,s2.612466398230196,s-0.308187068046388,s169.679096143010867
116_39,s-2.234042602407554,s0.584043613575298,s170.057935510824194
116_40,s-1.429185744925444,s-0.228128569318730,s349.430828951146395
116_41,s-2.361564069910629,s-2.520070674246660,s169.445526561746988
116_42,s2.801229416360905,s-1.166421469501884,s349.679096143256515
116_43,s-2.629900257667645,s-1.332244588622829,s350.057923300279413
116_44,s-0.819509126090039,s-3.246113908828533,s349.575700871172899
116_45,s0.396925634068184,s-3.246415517536735,s350.025721743702945
116_46,s0.390176391404165,s-1.193028025532470,s350.316950089149429
116_47,s1.412769943592317,s-2.389936470007838,s169.965435824295668
116_48,s0.496884203187492,s2.625122129869281,s168.273188560929839
116_49,s2.018281221135243,s-2.388598787704427,s170.033472542419872
116_50,s-1.007718449174648,s2.645153975215198,s168.426746254898262
116_51,s-0.238053643571564,s-0.182754421742455,s349.721881143690553
116_52,s-2.234260479390902,s2.646184749541475,s170.051984370180691
116_53,s-0.039322445259379,s2.072403791802735,s348.369815914005301
116_54,s-2.822219113765138,s-0.473737479223287,s170.046550416669078
116_55,s-1.432446271948810,s0.778263866709818,s349.409610857147129
116_56,s0.807622198232008,s-2.388717103108059,s170.021882098160262
116_57,s2.202991912811675,s-1.189685195492157,s349.907105020597726
116_58,s-2.822353893214741,s1.596199924159122,s169.919702483598087
116_59,s2.041563501927485,s2.646415498134491,s170.383104294672307
116_60,s1.001113527497682,s-3.246104944761315,s350.018690593448923
116_61,s-2.040209511915283,s-1.309953473554196,s350.055363173384819
116_62,s2.803621148633610,s0.886594218676084,s347.684045728808371
116_63,s-2.827778814447104,s-1.505795821774944,s165.711119967175279
116_64,s1.004052816339204,s-2.220202915674513,s350.022164242397935
116_65,s-2.774467438001188,s-2.419949074965574,s345.711119967165303
116_66,s0.960183645542340,s0.869230476755177,s349.627777366377984
116_67,s1.416385954539762,s-1.364054054387759,s169.901000651854076
116_68,s-1.012908628696676,s1.686144190413479,s168.432042313958789
116_69,s1.399718892507621,s0.670351650974850,s169.387180948874061
116_70,s-2.043628648657270,s-0.275744508819631,s350.057935510842640
116_71,s2.613204767869801,s0.716959681838612,s169.300909974119747
116_72,s-2.042233732660898,s1.787570978575922,s350.051984370051230
116_73,s-1.437068566830643,s-1.242772743355337,s349.222480032214492
116_74,s-1.424855627553879,s-3.246029082625851,s349.445526562000509
116_75,s-1.032348089925321,s-1.391530729096713,s169.545259988059001
116_76,s-0.840343599607599,s-1.223577737513058,s349.540961557577020
116_77,s-0.818474826729715,s-2.218957007075583,s349.545260003075157
116_78,s-2.825027106498017,s2.644714596886715,s167.667608634858908
116_79,s2.728041517244443,s1.804901480265936,s167.452005327027706
116_80,s2.312455479799339,s1.893471014121352,s350.383104103824792
116_81,s2.618108195252815,s-2.371706541721814,s170.033472542828434
116_82,s-0.403762804636248,s-2.389378178817658,s169.987502815952041
116_83,s-0.210104731083452,s-3.246389399227265,s349.987502815970458
116_84,s-2.233881330306879,s1.617956744922000,s169.920128698539486
116_85,s-1.632888521168837,s-0.393847877530892,s169.222480032214946
116_86,s-1.019463770624052,s0.669917827958734,s169.533829212886843
116_87,s2.801650813863865,s-0.138850981933911,s349.300909974133333
116_88,s2.012036809759848,s-0.331356234381602,s169.907105020597612
116_89,s-2.225906531244292,s-0.446843233302406,s170.057935510821949
116_90,s2.039109867573421,s1.734274438575336,s168.274306291077892
116_91,s-1.021555434262237,s-0.361117436639670,s169.540921888160909
116_92,s0.870689316734382,s2.058215777925629,s355.865997448386111
116_93,s-0.825852450414580,s0.838965094766607,s348.432042313958732
116_94,s2.196980672944748,s-0.160337832357439,s349.300909751060317
116_95,s-1.446321518893297,s-2.272853402630916,s349.366542579624195
116_96,s-1.634023261123288,s1.621984178043905,s169.409610857148891
116_97,s-0.218634559418931,s-1.196191926532873,s349.924872658041920
116_98,s-1.006930488858058,s-2.387683218377163,s169.575700799191679
116_99,s1.401124208692145,s1.663306703715500,s169.537761418181276
116_100,s2.846296033793135,s2.172087944429054,s31.233859913253976
116_101,s2.801007727942440,s-2.200583651182410,s349.883661915061737
116_102,s0.796037093165938,s-0.331597091298799,s170.335016444472473
116_103,s-1.633215418948337,s0.612245027752554,s169.430828951211168
116_104,s2.803375587809136,s-3.245089565588764,s347.873946906193737
116_105,s1.600835236782218,s-1.193734097941091,s349.907105019119797
116_106,s0.191074548979847,s-0.335328000886793,s170.497763283752931
116_107,s1.624414607115639,s1.829423130402974,s350.383104294662701
116_108,s-2.846296022952045,s-3.106954465283289,s23.629377023554632
116_109,s-0.343070204409078,s2.645144808995563,s168.410992359504490
116_110,s-1.650451143680328,s-2.438366405837026,s169.445526561785783
116_111,s0.207219174671315,s-1.365043310740157,s170.057455447281001
116_112,s-2.224588127811120,s-1.481427970794799,s169.482670138258783
116_113,s-2.639442677403106,s1.768137587529898,s350.250279293492554
116_114,s0.977593732502233,s-0.158973426890871,s350.501678089897098
116_115,s2.617682590823930,s-1.337101984887667,s169.883661919649825
117_0,s2.048687288572234,s-0.307889572825779,s170.128970745089390
117_1,s2.782179163349772,s1.843001242410447,s165.849382472012763
117_2,s-2.021935857205007,s-0.259067501165094,s349.928173618928611
117_3,s-1.007750384548091,s2.652599690380218,s169.999972671191671
117_4,s-0.194131038069859,s-3.215359981081919,s348.541587794344025
117_5,s-0.994427386913374,s-1.428238542110464,s169.067423713546390
117_6,s0.846148736863461,s-2.399514191226445,s169.733033655034120
117_7,s-1.424774735184086,s0.772068366607965,s349.927619366398858
117_8,s-2.219799826800428,s-1.465485668560092,s889.005801056065593
117_9,s-2.811308523238820,s-0.455147248937480,s169.264547801307231
117_10,s-0.188315870103791,s-1.285790122390984,s350.117075412991994
117_11,s-2.849362135410721,s-2.763637407778977,s209.099942356311573
117_12,s0.801015002094894,s1.626780222232374,s170.018608195844052
117_13,s2.368941225489412,s1.941603510307968,s349.989492898315234
117_14,s2.054157574674163,s-1.341104129621393,s169.898177284999434
117_15,s-2.813124449057034,s-1.480279091764389,s167.771151027471291
117_16,s-1.014241561557111,s-0.425631722738989,s169.189195256933544
117_17,s0.200778813325323,s2.652599688814637,s169.999970375958071
117_18,s-2.034405691308473,s-1.297736817972416,s349.005782783711084
117_19,s-2.070245348629721,s-3.252066532911355,s349.067649655980858
117_20,s-2.218872334008567,s1.625467532910322,s169.918275565907635
117_21,s1.646223936922133,s-3.252599894514100,s349.888771467938795
117_22,s1.644441088378031,s1.849903911854276,s349.989492899461652
117_23,s-2.027213162953271,s1.794652635688696,s349.948426032069449
117_24,s-0.800829650197053,s-2.277575815677193,s349.067419945722747
117_25,s2.053664911155047,s-2.377663191912978,s170.329653638879989
117_26,s2.227532285296040,s0.898496756245103,s349.995248225027240
117_27,s2.643251904024276,s-1.314736910887955,s170.166684381758245
117_28,s-0.214376310615357,s0.769571074077848,s350.018715110549579
117_29,s-2.216716400402789,s0.596740125630420,s169.928173618784541
117_30,s-0.764076994539824,s-3.252066345433417,s349.067348838176372
117_31,s-2.625989493935744,s-0.285029441861515,s349.686678188428175
117_32,s1.043039950759083,s-3.252495417006678,s349.733033654812118
117_33,s-0.397774309396551,s0.598379854458808,s170.117070669063139
117_34,s2.075185057220444,s2.652592536607352,s169.989492899436897
117_35,s-2.627599054598868,s1.780170613092354,s349.948506963581110
117_36,s2.825204708677371,s-1.143292526665763,s350.166684382639460
117_37,s0.860768751801803,s-1.375433136558708,s169.733033655108329
117_38,s2.243212714549415,s-3.240041204960299,s350.329653642801475
117_39,s-2.318253658345675,s-2.484767849034440,s169.067649655948429
117_40,s-1.613453999065706,s-0.422988733309272,s169.004414080562043
117_41,s2.237251368914585,s-2.205357598499460,s349.791248086730491
117_42,s0.445061765526958,s-2.228551275339198,s349.720347526085675
117_43,s1.049957047731333,s-1.205172849661848,s350.044326065152632
117_44,s-1.012388001540831,s1.626985644032680,s169.999972655415348
117_45,s0.805036915076355,s2.652599404182513,s169.999553607294757
117_46,s-1.615348205361711,s2.652550469853146,s169.927658572129900
117_47,s-2.207026125915152,s-0.430190813336676,s169.264548396147234
117_48,s1.647383937879842,s-2.224090741955902,s349.895688982279012
117_49,s2.825204708678941,s-2.181272909260736,s350.166684380891866
117_50,s-1.617758098403509,s1.629127114835847,s169.927619366392634
117_51,s0.207684055105214,s0.598258157281014,s170.117075390198607
117_52,s0.855574429100161,s-0.348249086550121,s170.045747600301326
117_53,s-0.407947367339787,s1.626864863046096,s170.018692500400221
117_54,s0.393971410426996,s1.795174123644727,s349.999970375960743
117_55,s-1.420855255985056,s-2.274435348231902,s349.014889138961394
117_56,s2.230754053139151,s-0.136558382138965,s350.130679220398235
117_57,s-0.986038322431306,s-2.445497998323418,s169.067348838273034
117_58,s-0.808812347382498,s-0.257712443940936,s349.999844952560181
117_59,s-1.420014386563114,s1.797132832055691,s349.927658572072914
117_60,s2.044971703543552,s0.727329116314526,s170.063781309610931
117_61,s0.998222936415063,s1.795172196488814,s349.999553607263181
117_62,s0.403523023953332,s-0.258141825997283,s350.117075390198522
117_63,s-2.812643234897718,s2.651441588571161,s168.148801099505391
117_64,s1.050948653319197,s-0.179404156248195,s350.063999535952064
117_65,s1.456179146324631,s-0.329405872761383,s170.089748455720809
117_66,s2.830664170473765,s0.924633541460274,s345.862015948538044
117_67,s0.240536482912368,s-2.394725882468537,s169.716252740437568
117_68,s0.390145411789379,s0.769612574969533,s350.018717693615031
117_69,s-1.002966740120515,s0.599038777213121,s169.999844952558590
117_70,s-1.610718226359283,s0.601964502107041,s169.928173570721896
117_71,s-0.814541846284559,s1.795185271007796,s349.999972671181752
117_72,s2.633280258163100,s0.750864052008241,s170.131224385168338
117_73,s2.828480035147955,s-3.232157291899294,s-4692.591087036428689
117_74,s0.430366154705218,s-3.252484248893509,s349.716252740781840
117_75,s0.221421843522605,s-0.429428603813321,s170.117075390208811
117_76,s1.409396088478053,s2.652592620296849,s169.989615558768207
117_77,s-1.638085721639662,s-2.436241747488053,s169.067348836869343
117_78,s1.644679428796856,s-1.190772855920767,s350.090155635011286
117_79,s0.452998628318209,s-1.239837099463820,s350.117060771634215
117_80,s1.410887851888487,s1.688035336797417,s169.987550271710234
117_81,s-0.210282504081880,s1.795176151472907,s350.000027378623656
117_82,s-0.202053658671234,s-0.258103360633639,s350.117075412962265
117_83,s0.196470840359425,s1.626833738191287,s170.018717693614690
117_84,s-2.028709721187059,s0.766487982749450,s349.919753345836853
117_85,s-0.809129127246390,s-1.259846715059467,s349.189195256933488
117_86,s-2.810700388271412,s1.609328634598314,s169.812835562258272
117_87,s0.809973211442585,s0.615321187880474,s170.063999536134958
117_88,s2.643144101959495,s-2.353348126718467,s170.329653643627978
117_89,s-2.810837523930814,s0.575968093048625,s169.686678188500764
117_90,s-1.631319465801315,s-1.451435988183691,s169.005870548658095
117_91,s2.849245770396189,s2.530544786964666,s203.638527630033423
117_92,s0.227063935465271,s-1.403994666011140,s169.731613895962994
117_93,s2.063007711915235,s1.776005115909684,s169.996775567149001
117_94,s-0.403478520164936,s2.652599727744170,s170.000027378629738
117_95,s-2.733950820747198,s-2.396408192795491,s347.771151027480016
117_96,s-2.623047339631821,s-1.310833240027034,s349.264547801286653
117_97,s-2.219186753510039,s2.652564496857707,s169.948430156688516
117_98,s-1.437664567762651,s-1.285317465521993,s349.004859609411483
117_99,s1.050618218627941,s-2.233296308034987,s349.733033655108159
117_100,s2.638999668573193,s-0.279523086153897,s170.135379837848831
117_101,s1.010320911572856,s0.783330900106808,s350.018608195843115
117_102,s-0.384154838479433,s-0.429390138618598,s170.117075412965448
117_103,s-0.819012538162026,s0.769688106879109,s349.999972655416229
117_104,s1.639401116773933,s0.875183167870990,s349.987550271708926
117_105,s1.461785407374415,s-1.362106841565468,s169.895688982332103
117_106,s-0.176375269671116,s-2.311850765895485,s349.792114035959003
117_107,s-2.627366257337512,s0.746369575131229,s349.812835564672469
117_108,s-1.415819382776301,s-0.253760510347980,s349.928173570797298
117_109,s-2.050936016757090,s-2.332602823721489,s709.002384701060237
117_110,s1.455240901007719,s0.704296653840661,s170.063998240100545
117_111,s2.237067787690099,s-1.169621558156341,s350.128959936933995
117_112,s-0.371603231088838,s-1.457297832818361,s169.792819659705629
117_113,s1.641193509787339,s-0.158666469211261,s350.063998240094236
117_114,s2.825019718973783,s-0.108758804198580,s350.147051632300986
117_115,s-1.422263180837461,s-3.252066345433646,s349.067348838199450
117_116,s1.456852360393431,s-2.393297177735079,s169.888771468877195
118_0,s-1.023615732922766,s-2.443183604364989,s213.747926004699110
118_1,s-1.436332519393309,s-2.286507754837494,s33.384657052326119
118_2,s1.392414535360855,s2.656119819752236,s214.562769390417401
118_3,s2.621132765849562,s-1.325944883043387,s214.724642742437140
118_4,s2.803626823381279,s-1.155054028448297,s34.725458399912029
118_5,s-2.839635948594220,s0.561356197934161,s214.667103415220652
118_6,s-1.654629616978393,s2.656126024628578,s214.571996763756459
118_7,s2.620987808284982,s-2.362670539808759,s214.975528796830929
118_8,s2.032735625837735,s-1.349393764939794,s214.621023446051709
118_9,s-0.196606856138135,s-3.256126019444698,s34.401873016595616
118_10,s1.438522737013443,s-1.366257648827120,s214.401884131591970
118_11,s-2.737352784376252,s-3.164804471187181,s32.364419133143642
118_12,s2.806055236382123,s-3.238350141969422,s-2487.349877826249667
118_13,s0.837094929148756,s-0.348570473131246,s214.540115493161181
118_14,s-0.258865440835711,s0.772834096824025,s34.562029217927531
118_15,s2.616224666975795,s0.741374537232365,s214.743823047006003
118_16,s-1.054480192004127,s1.632257074949714,s214.568314102909909
118_17,s-2.839642094754391,s1.596143035525674,s214.661347792811881
118_18,s2.619990142634699,s-0.290967694926139,s214.726806152043139
118_19,s1.619918082257695,s-0.162305567835070,s34.551489366320126
118_20,s2.211315577097696,s0.892585186626439,s34.551719216736430
118_21,s2.215592081922278,s-1.178405341565573,s34.731506054515634
118_22,s-0.825357474854154,s-1.246886613431208,s34.538633757692921
118_23,s0.194225331715883,s-0.395930888097174,s214.522201458080588
118_24,s2.029393253570760,s-0.315938709939955,s214.743627598430436
118_25,s0.350556268818049,s1.797740220838479,s34.562768134240216
118_26,s0.796049600080669,s0.622750088874540,s214.551699068420220
118_27,s1.622973542084023,s-1.195377136181825,s34.702754651519953
118_28,s2.848791282727155,s2.181621813469493,s75.889449701617778
118_29,s-2.246311941958195,s0.582914603507792,s214.893256507917613
118_30,s0.763665739166688,s2.656119818993441,s214.562768260605338
118_31,s2.027913670886972,s0.719941526264339,s214.551500392305712
118_32,s1.025481263594607,s-2.234842884962917,s34.401875415860943
118_33,s0.408353887861507,s-3.256126020089126,s34.401873989835892
118_34,s-0.443488440971357,s2.656119673659322,s214.562552035886995
118_35,s-0.863746771354071,s0.774275467978385,s34.568314102910662
118_36,s-2.643008485118861,s-1.324889881844255,s34.747658607177684
118_37,s0.837571914923324,s-1.376081954486437,s214.401875415860758
118_38,s-1.655585951801435,s1.629435537826420,s214.572007076109998
118_39,s-0.445252544874320,s0.603070638937760,s214.557540593184626
118_40,s2.031602124887902,s-2.384459175474496,s214.733582246938965
118_41,s-0.824586273364609,s-2.275345682749441,s34.393175586191987
118_42,s-1.460741577839664,s-3.255485940811097,s33.384657491808284
118_43,s-2.122129279080058,s-3.254910713197694,s32.364419132713508
118_44,s2.803627689174338,s-2.190808231051264,s34.724642742391879
118_45,s-0.226623386111942,s-0.222199514862193,s34.557540593184783
118_46,s-0.450144876922305,s1.630391217777530,s214.562029217941188
118_47,s-1.045089587202621,s-0.423677330200741,s214.538633757692708
118_48,s2.211808970498201,s-0.144986046212651,s34.743823047007695
118_49,s-2.064317473968809,s1.790447795906128,s35.179008668915330
118_50,s2.031137620613952,s1.758159726754821,s-1945.444082883725059
118_51,s-2.257636591214674,s2.651288205256297,s215.202015125536320
118_52,s2.805954584545955,s0.913590594159695,s32.729098151641992
118_53,s-1.459537733983062,s-0.262092371189641,s34.890795673197246
118_54,s1.029215892100933,s-0.179872554605435,s34.547551126931509
118_55,s1.623271673614869,s0.871167308585697,s34.551592786097430
118_56,s-2.770552639393906,s-2.381444217904164,s28.157963229628123
118_57,s-2.656743521589435,s0.732027830943378,s34.661347792920523
118_58,s-1.673831618319013,s-2.442834735344928,s213.384657052322211
118_59,s1.018312584248546,s-3.256126021032016,s34.401875415839683
118_60,s-0.806201228390971,s-3.255706907326718,s33.747926004709527
118_61,s-0.252756985062735,s1.798177561169819,s34.562552035676831
118_62,s0.160451345332658,s2.656119818908111,s214.562768134243839
118_63,s-1.012486223889190,s-1.416639892775653,s214.393175586190665
118_64,s0.233123569627586,s-1.373972183896097,s214.401873989823400
118_65,s-1.463722938866039,s1.798238891212614,s34.571996763691672
118_66,s1.027206422507293,s-1.206784644376206,s34.540115493156961
118_67,s1.388063914022725,s1.670605728233459,s214.551746723926925
118_68,s-2.844038153316659,s2.652512033215668,s211.149438830830746
118_69,s0.421813007931794,s-2.232193547659587,s34.401873989821738
118_70,s-1.455026795483406,s-1.295405598736111,s34.739488883837893
118_71,s-1.049125912730458,s0.604315077508989,s214.564480923284520
118_72,s-0.857096165661137,s1.800062734271835,s34.568900835916097
118_73,s0.979041876282719,s0.793118208347351,s34.559000698526958
118_74,s1.436826543371096,s-0.333229689330022,s214.702754651584570
118_75,s0.154622896823321,s1.629688033639277,s214.559000866831269
118_76,s-2.064147434624962,s0.754379332241311,s34.839738510131710
118_77,s2.306994452073446,s1.915425438634547,s34.563245290762595
118_78,s1.622434507641807,s-2.227783605979897,s34.401884131599488
118_79,s-0.858729630085986,s-0.253873946910788,s34.564480923285927
118_80,s-0.411085652536977,s-0.392315362719558,s214.538633741497961
118_81,s0.187860546100242,s0.630269457461894,s214.557540593185195
118_82,s-2.054702756168805,s-0.276780021598339,s34.893256507921237
118_83,s2.033816131300350,s2.656120139635019,s214.563245290761131
118_84,s0.786092837160001,s1.649492323334227,s214.559000701008557
118_85,s0.974639870345889,s1.818869405428168,s34.562768260607342
118_86,s1.612812748511537,s1.833498910147079,s34.562769390422133
118_87,s-0.408658449249717,s-1.419585932125116,s214.401873016510592
118_88,s-2.848791305799684,s-1.499136492201988,s208.157963229557424
118_89,s-0.220317031449635,s-1.250062189079499,s34.538633741497151
118_90,s0.380718578028102,s-0.226157704858028,s34.557540457797856
118_91,s-2.089096786225335,s-2.352382343521429,s32.367033412032683
118_92,s-2.656626397373056,s1.768926119431921,s35.202015126097919
118_93,s-0.182554610496235,s-2.230454402705873,s34.401873016510123
118_94,s-1.644679079365172,s-1.466815323674021,s213.384657052323121
118_95,s-2.236786279588837,s-0.448229469530610,s214.861855623286857
118_96,s1.433329903490458,s-2.396610500563389,s214.401884131699916
118_97,s0.423017260424202,s-1.204795002179705,s34.522201457711319
118_98,s-1.642067479907357,s-0.433616493658300,s214.739488883909814
118_99,s-1.466682710601215,s0.770153821101449,s34.572007115114090
118_100,s1.620148418545183,s-3.256125978810781,s34.401884131728750
118_101,s-2.839623068024298,s-0.469404633118404,s214.679176111675503
118_102,s0.218819730968808,s-2.398488914179711,s214.401873989820643
118_103,s2.215422714371483,s-2.213410294160660,s34.610522072960734
118_104,s2.723164593257069,s1.829399187538512,s212.729098151678016
118_105,s-2.361834567048334,s-2.497345593445520,s212.364419132839515
118_106,s-0.384027271242922,s-2.397026930311865,s214.401873016536172
118_107,s-2.251059324671423,s1.617836643308463,s214.661347792537669
118_108,s2.803623470491770,s-0.120268065915844,s34.728617750408759
118_109,s-2.048620786613383,s-1.310704169950062,s34.739489804472370
118_110,s1.437485434181865,s0.701330184513086,s214.551489366316815
118_111,s2.219646752653227,s-3.248412360214861,s34.975528796512307
118_112,s-1.649824642651710,s0.598515821985967,s214.890795673188421
118_113,s0.370831413783240,s0.800633651514177,s34.559000734305343
118_114,s0.824434930954563,s-2.401493126904830,s214.401875415833615
118_115,s-1.050594846239588,s2.656123942190639,s214.568900836298781
118_116,s-2.651986307023512,s-0.299539820557224,s34.671861380661241
118_117,s-2.239630964639499,s-1.483103637807480,s212.371745452432037
119_0,s-0.909641262226994,s-3.133061843169804,s305.336415156975420
119_1,s0.070036121990871,s1.726895153174109,s305.546065634422348
119_2,s0.118446628359376,s-3.134424106326568,s304.185002634839350
119_3,s-0.917404268516731,s-0.050498722273075,s304.269377576446345
119_4,s-1.969529500522019,s-2.536941112213346,s305.391991009219339
119_5,s1.930730228684263,s-2.355665947906797,s123.942938932953439
119_6,s-2.159439645129384,s-1.061504743408748,s124.284770231157083
119_7,s-1.965438614055033,s-0.640235015007081,s304.269380100442959
119_8,s-1.111048571329903,s-2.350742015735364,s125.391991954807580
119_9,s-0.057315607300754,s0.121695966876892,s124.269377624535139
119_10,s-2.125670163914324,s-0.427088464852196,s124.269379784690429
119_11,s2.964680322816528,s-1.801408593591625,s123.870910564028364
119_12,s1.937368003371824,s-1.161637464594144,s123.666975411453294
119_13,s1.937810200517599,s1.340200005798294,s125.446221709951800
119_14,s0.941469335536116,s-0.503578764020299,s124.251626001877042
119_15,s-0.978946935522657,s1.749653086474035,s304.263267452432331
119_16,s-2.886550106378367,s2.459757474534653,s303.729956787689503
119_17,s-0.084961805836043,s1.323308196471307,s124.263265119127240
119_18,s2.965627955466576,s1.336592545091898,s125.446221332036458
119_19,s-0.163847104454633,s2.532963308746183,s123.745199295288685
119_20,s0.009718667684597,s2.342403600713750,s306.261590793503558
119_21,s-1.144786282285694,s1.938950878329621,s123.730504074553778
119_22,s-2.965834812409045,s-2.529230511372736,s305.289247319981087
119_23,s-1.935139799128971,s0.578871147153513,s304.005894579124345
119_24,s1.102523841871888,s-0.715936716046926,s303.709280095406768
119_25,s1.061606968990790,s-2.510541573913469,s303.942938953453506
119_26,s1.092988566890511,s-3.134730872761907,s303.940769352432824
119_27,s1.937552140769772,s1.942382836680488,s125.752356749270035
119_28,s0.896940887244211,s-1.722848761104395,s124.850775678237895
119_29,s1.930360667166305,s-2.946189083997092,s123.940770295091738
119_30,s-1.112246451609317,s1.343243819197307,s123.481182700998446
119_31,s0.082113384735520,s-0.676702520458994,s304.251626221328820
119_32,s2.106230530889894,s1.151170445521926,s305.446221378782525
119_33,s-1.994731557620507,s-1.253251058923673,s304.289244054625158
119_34,s1.045130661660512,s2.346693892288019,s306.250796629307274
119_35,s2.964656560317014,s-2.982238628502395,s123.827670396793110
119_36,s0.980126049269796,s0.715517128894984,s124.579817332823723
119_37,s-1.947719638162130,s-1.922876601175472,s304.887913869469230
119_38,s1.911834171909538,s2.530061276812679,s126.250797088831305
119_39,s2.098731303618740,s-1.363490378920483,s303.799559424735094
119_40,s1.955291685812446,s-0.540970108079018,s123.709280670022110
119_41,s-1.942590174157982,s-0.029403139628172,s304.269024703782179
119_42,s1.116954759261239,s1.122373620862854,s305.446221572215677
119_43,s-1.974422893582724,s1.182584304897003,s303.481182777707716
119_44,s0.969524693092960,s0.108642865376649,s124.524616409051845
119_45,s-2.032198252451028,s1.814790100309357,s303.729964128592258
119_46,s-2.964898410941734,s1.212833489826018,s303.705332989231920
119_47,s-1.081917485039138,s0.141900137197935,s124.269024598762584
119_48,s1.076596803603086,s1.756052961009729,s305.752356922549836
119_49,s-1.073057765329344,s0.745250116132872,s124.005894522267099
119_50,s-2.965063707139164,s0.615234828316201,s304.005894719165781
119_51,s1.074181010969983,s-1.322702788620091,s303.666975573684056
119_52,s-0.133647212350557,s-1.710171738335576,s124.887911755605742
119_53,s-0.133836268513333,s-2.309212055321793,s125.391992248371878
119_54,s2.964664526031805,s-2.392170221498789,s123.842191012912494
119_55,s0.034564400565235,s-2.501369722250701,s304.850776183358846
119_56,s2.155044124609121,s0.509819692369220,s304.729888741814136
119_57,s-2.109487715574303,s-1.707602149665959,s124.887914707463523
119_58,s0.948418034509684,s1.312109186799654,s125.259853170064886
119_59,s-0.941850137059137,s-2.534785194555581,s305.391992224968817
119_60,s-2.131929690337753,s1.401532545160072,s123.705332752226923
119_61,s2.111858277574643,s-0.764463977907067,s303.780296451181869
119_62,s-2.965838310009539,s-3.133108779805617,s305.294697310508127
119_63,s-2.098269026548770,s0.774378375483340,s124.005894705765627
119_64,s-2.106938302393833,s-2.948520030155740,s125.294697493296624
119_65,s-2.068010331340218,s2.467170007496767,s301.771171328786579
119_66,s0.893620051161593,s-2.321584351618879,s124.850776032902417
119_67,s-1.078635364788718,s-2.948687835870666,s125.332314160256018
119_68,s0.120110076813538,s0.539976152792978,s304.579816941221395
119_69,s2.106788223964037,s1.752924112863516,s305.763853374425139
119_70,s0.906244176729494,s1.939028326902012,s125.752356993969727
119_71,s-1.157231694137949,s2.534875037773314,s122.341751527153761
119_72,s-1.160620856871536,s-1.689192374096487,s124.887913846653163
119_73,s-1.135911265188312,s-1.078922465418951,s124.289243932794534
119_74,s0.052341587761806,s-1.288839327543469,s304.289267002406348
119_75,s-2.965198786007214,s0.009981277706935,s304.244011525585563
119_76,s2.965067608621236,s0.071310350638733,s124.547175120459471
119_77,s2.964630664752151,s-0.588594686145647,s123.780296768362490
119_78,s-0.992684292033030,s2.340904299630625,s303.745199402018159
119_79,s-2.103680861571912,s0.179736468433221,s124.244011268349070
119_80,s0.911835944993154,s-1.115534295107324,s124.289266928166327
119_81,s1.143031962138757,s0.507538711939003,s304.729888518693315
119_82,s2.094906240441230,s-3.134875037773313,s303.827670564449988
119_83,s-0.083257171017279,s-0.488345843891086,s124.269379103699293
119_84,s-0.051494040426073,s-2.945974671246557,s125.391992216159906
119_85,s1.931858123539590,s-1.763556976750467,s123.881649500882332
119_86,s2.083787588586035,s2.348572152539305,s306.254794555907722
119_87,s-2.132958993985500,s-2.321148111805226,s125.289247306708518
119_88,s-2.964911733789143,s1.846918299116145,s303.729955119918031
119_89,s-0.972116971981494,s-1.275076434299532,s304.289266459625537
119_90,s0.109214059628866,s-0.065882524539943,s304.524259080137199
119_91,s-2.181555203833217,s2.070423851158560,s123.729955236561594
119_92,s-0.099813992073914,s1.911367795274720,s125.304583854127657
119_93,s2.962672535943963,s2.532622980762733,s123.609747031303428
119_94,s-2.965222273150578,s-1.275808691168785,s304.284770665595602
119_95,s2.095450467438313,s-1.955326400396755,s303.870910399539071
119_96,s2.095080123139168,s-2.545223581364552,s303.842190902774973
119_97,s-2.965582307936954,s-1.892167680206439,s304.887915090988315
119_98,s-0.995334201592408,s-1.886433497618312,s304.887912766516990
119_99,s-0.046645861355794,s0.727544572746593,s124.268109991361655
119_100,s-0.113157057528606,s-1.100959672073482,s124.289266452045965
119_101,s1.988843541557144,s0.700148735060721,s124.729888504890980
119_102,s2.965838310009539,s1.942110681673618,s125.763853383246285
119_103,s2.965177289171096,s0.726330996139117,s124.729888768088145
119_104,s-0.907455617194134,s0.556459231336965,s304.268109962005269
119_105,s0.084209513136282,s1.135269771021309,s305.204891299528072
119_106,s-1.938022665837888,s-3.133087782338753,s305.313341615964930
119_107,s-0.942260540042994,s-0.662190183837281,s304.269379262477173
119_108,s1.063584192294881,s-1.919067806462140,s303.881649409579495
119_109,s0.931700851606710,s-2.926378144785825,s124.185002618058419
119_110,s0.873497187103280,s2.530057291335165,s126.254678680135399
119_111,s1.132364456702253,s-0.096041221668005,s304.547173144686383
119_112,s1.993740895521108,s0.077113737365671,s124.547173677632728
119_113,s-2.965213388859996,s-0.618203397716066,s304.269379756636567
119_114,s2.964641176471690,s-1.205221981771067,s123.799559319297089
119_115,s-1.106158408927272,s-0.466811451213598,s124.269380168366524
119_116,s-0.946275413390258,s1.153034043721050,s304.262508615752495
119_117,s0.033805060872013,s-1.896567281508385,s304.850775731326792
119_118,s2.153608679888818,s-0.142185052571674,s304.547174846500241
120_0,s-1.659140645317541,s-2.402548862223227,s214.430276671233855
120_1,s-0.433921109845642,s-1.386472215301629,s214.217967549038491
120_2,s0.913393322282131,s2.671669073190063,s214.400708189551295
120_3,s-2.239744992428115,s1.642355480244011,s215.933287481460894
120_4,s2.034704301883281,s-1.402537083544883,s216.021575552130145
120_5,s-2.629590567092932,s-1.232116211557903,s34.694778617944230
120_6,s-2.055992784517946,s1.811875290447168,s35.933320134623337
120_7,s-0.401253801385212,s-0.364230174031137,s214.253719378604046
120_8,s-1.606751167641441,s-0.336580587053953,s215.107637133482768
120_9,s1.418713188644970,s-2.454852122208583,s215.514197115581624
120_10,s-2.239967471757736,s2.672597671441701,s215.933320530205378
120_11,s-2.652073609552740,s-2.237024481147736,s34.711858068660327
120_12,s2.651882163693290,s-0.347876981106963,s215.641030118608256
120_13,s-0.212356521767111,s-0.200219663450521,s34.254771858845068
120_14,s1.504193189339882,s2.671643990061384,s214.403033512487355
120_15,s0.975113738324313,s-3.271527513529549,s34.249390166512804
120_16,s-1.503546824510750,s-3.271583362145360,s34.420366727220433
120_17,s-0.127221865124849,s1.827935551185548,s34.247714983264366
120_18,s2.840427472576518,s1.802641199816543,s34.413225386239681
120_19,s-0.874150024162191,s-2.239424104833708,s34.434578629069343
120_20,s-1.406289328535035,s0.863467075727072,s35.530995206444636
120_21,s1.033218060919822,s0.772519712234706,s34.400708537070223
120_22,s0.762127100635656,s-2.471760793397098,s214.249389878959903
120_23,s-2.032464708321472,s0.804454133753688,s35.933287341511978
120_24,s0.976844142445002,s-2.310733151489887,s34.824380998038585
120_25,s1.605847030001142,s-0.264051568606454,s35.139117542474430
120_26,s-2.838712889175756,s0.607092623420652,s215.873132395199690
120_27,s-1.635448485312567,s2.672339314072254,s215.530995106796439
120_28,s0.233166247390864,s0.624712263372207,s214.254772684872620
120_29,s-0.800037700216635,s0.852586117215457,s34.873626512026824
120_30,s-2.655029279741341,s1.808388209528206,s36.066515292331253
120_31,s1.659472279231127,s1.802515953461860,s34.414030833035845
120_32,s2.014008537146973,s-0.427492915844531,s215.539741601077225
120_33,s1.634391311214310,s-3.272270686154196,s35.514196893178912
120_34,s2.631048437835947,s0.633333294609505,s214.643173468567113
120_35,s0.128119025769308,s-2.428118183804259,s214.249388652838263
120_36,s0.314871981702252,s2.671594695186256,s214.266046777067089
120_37,s-0.309756768245978,s2.671584661525905,s214.247714822082855
120_38,s-2.684662654514332,s-3.271627497488547,s34.430277134022909
120_39,s0.178175710666270,s-1.421862742058098,s214.245716173658025
120_40,s-1.593813814892402,s0.695571038245081,s215.406140437151436
120_41,s-1.068393681954911,s-2.402809473777269,s214.417149131878062
120_42,s-2.654684573534726,s0.776989125957695,s36.020369360877005
120_43,s2.219873985639731,s0.769585645637372,s34.652154029980188
120_44,s-2.651870877153583,s-0.251230028537329,s35.873132564484997
120_45,s-2.094064837024889,s-3.271627497354185,s34.430277860226916
120_46,s2.241608124771441,s-3.272597671441702,s36.021579676122151
120_47,s0.310841158786406,s-3.271527512098567,s34.249388974534732
120_48,s2.249929836983551,s1.802629542956764,s34.414031506082786
120_49,s-0.975193322973600,s1.711843270442799,s214.873626621758234
120_50,s-0.976175082737004,s2.671584661620241,s214.247715423548186
120_51,s0.211104213726045,s-0.399706848680108,s214.254772551520887
120_52,s0.400072713749155,s-0.235713033353201,s34.254772609887432
120_53,s0.434327921318403,s0.786166839053264,s34.196434164462978
120_54,s2.032041000707959,s0.602509235704343,s215.095313951328677
120_55,s1.437541775125144,s0.602253706909981,s215.005964640780746
120_56,s-2.033063984469218,s-1.202594039320435,s35.102414914903029
120_57,s-2.059767739612760,s-2.237858213770095,s34.568334792271578
120_58,s-0.820968273031396,s-0.175881452459275,s34.873626357193139
120_59,s2.204921529907748,s-0.259801107319267,s35.095313909000886
120_60,s1.468991549073540,s1.637557977419704,s214.516441159270528
120_61,s2.060025018112519,s1.637857913095320,s214.549586596433898
120_62,s-1.008294934653404,s-0.341878153108294,s214.873626243044043
120_63,s-0.354738238855098,s1.672183727225708,s214.205752620991291
120_64,s0.874815811664572,s1.639470981430170,s214.400708460608257
120_65,s0.840699880058759,s0.607154956004974,s214.824383754596255
120_66,s-2.840096870079181,s-0.421286372097476,s214.694778511442962
120_67,s0.475728579739934,s1.807179404833191,s34.266046613882857
120_68,s-1.033154152609031,s-1.372624835042201,s214.434578779666822
120_69,s2.055115093934789,s-2.412984101099982,s216.021579036503994
120_70,s1.594005175930530,s-1.296778511748402,s35.511508949160664
120_71,s-0.267694243314483,s-2.247086454265503,s34.217967623766079
120_72,s1.626707285444349,s0.768945953799831,s34.549586280646118
120_73,s-1.468443978314396,s-2.237589717290018,s34.562940562302011
120_74,s-2.220682145809219,s-1.369663073914326,s214.712223288757940
120_75,s-2.204070599161539,s-0.338982457277291,s215.102414752180010
120_76,s2.236470548125233,s-1.235459106385729,s35.556367545481017
120_77,s1.409013934166831,s-1.464952423934993,s215.514196597079064
120_78,s-2.840096867680614,s-1.392844695086261,s214.694778623729320
120_79,s-1.616909538489129,s1.688838795750226,s215.530995166764143
120_80,s2.655173220653226,s-2.406464482329101,s216.113209369286551
120_81,s-2.839039274104498,s2.672362351014692,s215.583161006602808
120_82,s-2.015810952223137,s-0.171302079349419,s35.413302359417294
120_83,s-1.626642006647560,s-1.369287670532079,s214.568333189721130
120_84,s0.800812109566162,s-1.452392895807098,s214.824380911190730
120_85,s-2.840427472576518,s-2.402750120955127,s214.430277084639556
120_86,s1.068827286692223,s1.802787868420440,s34.400708383097658
120_87,s2.840139236709430,s-0.178688437471833,s34.643171909150915
120_88,s2.839318862371838,s-3.272148624498229,s35.323113596644994
120_89,s1.419578645785787,s-0.431985373238064,s215.392355678183833
120_90,s1.006751970043162,s-0.257779639973444,s34.824383974939458
120_91,s-0.177568895995121,s0.821565995584785,s34.205752654237138
120_92,s-1.420366144679659,s-0.168621399820206,s35.393995817992455
120_93,s-2.249714630483004,s-2.402675243021338,s214.430277705312051
120_94,s1.619800485435998,s-2.289768339614497,s35.514196513575492
120_95,s-0.379225223723291,s0.660230045267141,s214.254771597913532
120_96,s0.355865726870528,s-2.272461368453102,s34.245717064959372
120_97,s2.840139232953980,s0.794195966023373,s34.643174917112226
120_98,s-0.475204505901241,s-2.407270286083879,s214.282475158235712
120_99,s2.685092120205455,s2.671676046926617,s214.413225353660266
120_100,s2.652058650341706,s1.637140127313534,s214.651014358531029
120_101,s-1.438457212934213,s-1.202581589136102,s34.993089597228511
120_102,s0.819759338996207,s-0.423712643250686,s214.824383964213695
120_103,s0.268599846244766,s1.646956603347740,s214.196434088904709
120_104,s0.988810789242461,s-1.286665392137128,s34.824384198378773
120_105,s2.094604222426658,s2.671676495606816,s214.414031677437322
120_106,s2.654021919660043,s-1.374767681342591,s216.097357679671887
120_107,s-0.762094732517028,s1.873422504381051,s34.247715384420651
120_108,s-0.841797840354950,s-1.206867184609634,s34.873626257001213
120_109,s2.241004457758499,s-2.243619424732787,s36.021575729994829
120_110,s-0.912670636368790,s-3.271620169795272,s34.417149180492181
120_111,s0.377944360043401,s-1.260175029250215,s34.254773026153835
120_112,s-2.240811157663805,s0.639328148890616,s215.830713466897805
120_113,s2.838952437583032,s-1.204423550336163,s35.641030289265082
120_114,s-2.838550177636685,s1.638410079486545,s216.020369418134209
120_115,s-0.990351567441051,s0.687196937381889,s214.873626385950132
120_116,s2.838444439568626,s-2.236356992390145,s36.097359037995837
120_117,s-0.313955183179879,s-3.271545644535705,s34.282475221826196
120_118,s-1.419707733927515,s1.854716149568065,s35.530995157760010
120_119,s-0.234418968819461,s-1.224694627512548,s34.253719208935372
121_0,s0.333270672134044,s-1.225015398055640,s67.972479450558893
121_1,s1.523503687291613,s2.026286271537733,s68.619454398344615
121_2,s1.307731765119311,s-3.240722299205526,s2766.858114708557878
121_3,s0.606256676204072,s1.546032426688612,s247.805827844144147
121_4,s-1.987443661383077,s-2.295640907227573,s67.776336743164663
121_5,s-1.725279393967685,s-0.076450369269148,s247.769730125782530
121_6,s-1.733054976558325,s-1.153647620490942,s247.788946873798039
121_7,s-2.963257970721707,s2.139239601995238,s242.255978290520517
121_8,s-0.590784788475021,s-2.238600688103014,s247.997068459488702
121_9,s-1.729174992659646,s-0.615118708176507,s247.789805744445403
121_10,s-0.762960481405451,s2.583622948581422,s64.241971409441561
121_11,s-2.970524877849976,s0.530629356524255,s241.867752453266093
121_12,s1.515380836936004,s1.482117447635609,s67.792425246725173
121_13,s0.361561338116815,s1.476599376832105,s67.723780133347034
121_14,s0.317112356689175,s-2.845203098486049,s67.884597401131273
121_15,s1.535214469775877,s2.566671174168905,s67.227775628233729
121_16,s-1.959296893124485,s0.937153686900339,s-1372.221025031094769
121_17,s-1.720972823397033,s0.462183478518954,s247.745449660514367
121_18,s1.474983170666607,s-2.307036329377268,s68.071990661974581
121_19,s-1.717056741799264,s1.000497911681284,s247.833306632663493
121_20,s1.486961142891447,s-1.225349081000543,s68.090558470117983
121_21,s1.711116048780918,s-2.784184258138573,s-112.172955635634139
121_22,s-0.512752103390654,s2.636684881975810,s246.046116296115514
121_23,s1.742573686831007,s-0.062484175815670,s248.897959101803337
121_24,s-0.804980966447045,s0.929888159272738,s67.830079246901875
121_25,s0.337481808785944,s-0.684901147792551,s68.022406175867260
121_26,s2.996134466657882,s-2.577914463893719,s203.629961512329118
121_27,s-0.821320647799164,s-1.224263101598504,s67.791154748783029
121_28,s0.351126702607510,s0.935739759786265,s68.078328714953031
121_29,s1.752381678013392,s0.482803860525253,s250.700335693209325
121_30,s-2.953844451511305,s1.042682780528059,s250.542899051215301
121_31,s-2.975625007312208,s-2.707720456862442,s247.584422651123191
121_32,s0.629189633253440,s2.633901336173696,s247.234462748905372
121_33,s0.347269834337851,s0.394688367540364,s67.985219839356716
121_34,s-0.548358037670002,s2.080293176362834,s248.634082401019555
121_35,s2.647822958400534,s-0.098123638246723,s68.898099693739169
121_36,s0.593286146361497,s1.000881086002651,s248.303887038890196
121_37,s-0.548081117498609,s1.543254338846418,s607.733044073863766
121_38,s0.589996438793006,s0.460019858778222,s248.397253828982485
121_39,s1.732167552517968,s-0.621634327261050,s248.046084773709254
121_40,s1.729693129648136,s-1.161112387450979,s247.956849515563789
121_41,s1.720977945059637,s-1.702249222768698,s247.790824020965402
121_42,s-0.563989597890032,s0.460555684428507,s247.982246525585794
121_43,s-0.792854061379046,s2.008805211352169,s68.344668890222493
121_44,s0.341943198372528,s-0.145223326062458,s68.016103959474549
121_45,s-0.573964457956081,s-0.619301131748022,s248.017402604675567
121_46,s1.490507911103397,s-0.685976580419745,s68.025820900977564
121_47,s-0.594324291235056,s-2.777253260167556,s247.868794187557228
121_48,s1.469256788866533,s-2.847623018606461,s67.834466312900147
121_49,s0.325196916298271,s-1.766156896729780,s67.818799170844116
121_50,s-0.585485032798356,s-1.698533274358557,s247.817699211362793
121_51,s1.780908414835321,s2.631017709419730,s248.460049999791863
121_52,s-0.569465516690161,s-0.079571760692361,s248.014701492765766
121_53,s2.667918532719751,s2.630684109183854,s68.479228036544995
121_54,s0.583656438091418,s-0.080868524362258,s248.046290326641127
121_55,s2.996258691114918,s0.982517611898898,s336.375935731299080
121_56,s-2.996457554635075,s2.608520575690563,s264.097608003837365
121_57,s0.382392331423371,s2.574821130694680,s66.042900516295674
121_58,s2.621413486500268,s-2.850510138062138,s67.833584612166376
121_59,s2.631574769080999,s-1.770196289933489,s67.789576650640328
121_60,s0.366324747226647,s2.019289636659613,s68.598619613898947
121_61,s-1.967381666044300,s-0.139804376144398,s67.815291707362974
121_62,s2.658729350976403,s-0.633270722262511,s71.694503123174485
121_63,s1.478391602130987,s-1.767241642740722,s67.802165443839669
121_64,s2.643570198675502,s-1.226499251679198,s68.105839642258786
121_65,s-2.134722536042930,s-3.234108827786172,s250.080787774697967
121_66,s-2.969606180252498,s-2.169098904059469,s247.534047117022709
121_67,s-2.986838053342135,s-3.242730846667673,s246.370622269343784
121_68,s1.501731550260943,s0.400754162556851,s68.401590084276577
121_69,s-0.798103161851494,s1.466756371676131,s67.176225581309737
121_70,s-0.836140430227788,s-2.840900264923199,s67.885076831840522
121_71,s-1.707973315806006,s2.076943633128576,s248.338014160715773
121_72,s-1.971147589472005,s-0.678407117240556,s67.800441525394447
121_73,s-1.963434641243619,s0.398534379048392,s67.739937653272364
121_74,s-1.953926721301582,s2.013106272042194,s2227.162103535166807
121_75,s2.989746276340970,s-1.570034931044679,s200.808483815623049
121_76,s1.769080508081815,s2.091373933965983,s2407.376564519850035
121_77,s2.979761227356589,s-0.719830864831684,s197.062882809554196
121_78,s-1.958188390656628,s1.477411715545691,s68.401688138226845
121_79,s-0.578216664909466,s-1.158549780146111,s247.941845878360311
121_80,s2.922850150527700,s-3.216176560821446,s98.487946354451111
121_81,s1.504536604679493,s0.940901388864035,s68.303316126316730
121_82,s-1.974947978623307,s-1.216945972058650,s67.795275357863417
121_83,s-0.828907311681152,s-1.764411762763723,s67.685984919833786
121_84,s-2.989704190830057,s-1.104913436938797,s251.928773100549137
121_85,s-0.813551618849017,s-0.147283391014764,s67.777788365982687
121_86,s-0.560158336794761,s0.999812193316088,s248.084849437667714
121_87,s-0.996402119062075,s-3.234525483007510,s247.662392954678836
121_88,s-1.745134501372276,s-2.232165664596008,s247.809291371600068
121_89,s0.610199362930486,s2.084980620346093,s248.626253938546739
121_90,s0.559089696067561,s-2.781609127481306,s247.827449851283887
121_91,s-1.644471018014649,s2.641428369441787,s244.237534581980128
121_92,s0.155487387931451,s-3.238252577396057,s246.539042778381003
121_93,s0.575281508377099,s-1.160492643484863,s248.083500999103194
121_94,s-1.710295352875739,s1.540603223358033,s247.545797280529513
121_95,s-2.984507127053647,s-0.545907879719191,s243.743163171808732
121_96,s-2.979247131877035,s1.578613461009249,s251.257490838446614
121_97,s2.687317468032297,s2.034116096162793,s68.687202472184040
121_98,s-1.991127329905503,s-2.833983789988177,s67.834796777894368
121_99,s2.797265182283940,s1.631533678183172,s110.712334928029520
121_100,s0.321278982702658,s-2.305534206130798,s68.022827339497653
121_101,s1.493541296279322,s-0.142370157805440,s68.047040087326039
121_102,s0.563019872027955,s-2.241111198601247,s248.070496707694701
121_103,s0.568000523227050,s-1.700413384825080,s247.819438833315559
121_104,s-0.817458712127146,s-0.685759320748637,s67.788162456310630
121_105,s-1.983032863306071,s-1.757338095824512,s67.686041300590801
121_106,s-1.748862325345337,s-2.770709344122535,s247.811556538643913
121_107,s-1.740175060867946,s-1.692980827733523,s247.672950439071087
121_108,s-2.969362562519996,s-1.634032164573487,s248.769438424464767
121_109,s2.991951440994980,s2.553472563202696,s201.845060306948682
121_110,s2.683181392969629,s0.478234718419468,s73.139159034089090
121_111,s-0.809135328885580,s0.390997801905416,s67.689109102026308
121_112,s0.579126081913912,s-0.620606394466215,s248.024664746171766
121_113,s2.629741523891289,s-2.308293722290964,s68.186471316887207
121_114,s-1.893661398141408,s2.595179712957461,s63.139857695112553
121_115,s1.716573937672206,s-2.242572333721322,s248.065446016165964
121_116,s1.759508360050617,s1.039077193624483,s248.761282033246800
121_117,s-2.983899909997994,s-0.033087650985046,s252.267229807415816
121_118,s2.645375560921269,s1.045066764860363,s68.760099768790553
121_119,s-0.833007076550071,s-2.302506371547896,s67.843779724462962
121_120,s2.995681816457053,s0.113173463776003,s203.672997628954846
122_0,s-1.258922112785192,s0.295572124757546,s344.378817141910929
122_1,s-0.704630313473276,s1.907163348867151,s164.278805600076055
122_2,s-1.519097849659732,s-1.685270711281675,s163.320461450054466
122_3,s2.929205376530068,s-0.843590587542166,s345.518902638925510
122_4,s-2.030709533359905,s-2.454749700279933,s343.316533377827511
122_5,s2.254856388209232,s-0.876558739025287,s345.327747474943749
122_6,s-2.716607863299481,s-0.607679007209386,s344.269475624827123
122_7,s1.644450726458864,s-2.631402924322420,s365.659007598505582
122_8,s1.703799964659110,s1.805429137998587,s349.887654593605760
122_9,s1.428660809488572,s-3.346213239093125,s320.599545334116158
122_10,s-2.204355494289106,s0.141567121092644,s164.269475777819423
122_11,s2.039202188398066,s-1.027689712012304,s164.687472819348443
122_12,s-1.292511514095506,s-1.541815417751305,s343.880861730286711
122_13,s1.343935041020787,s1.215578725243941,s8450.106310739560286
122_14,s0.267023866660353,s1.171585759988701,s344.278806126203449
122_15,s-1.972428094447830,s1.177074927494498,s344.278805603608305
122_16,s1.471926212705731,s-1.563106857703013,s344.687472408918154
122_17,s-1.443383407796119,s-3.355259673063990,s343.320460962208188
122_18,s-2.141347015984228,s2.754880361870657,s164.015728262727038
122_19,s1.107167807776757,s2.020872962707102,s344.278814725215341
122_20,s-0.233389258565242,s-2.591558201973552,s163.320462900502037
122_21,s-0.824800327659991,s-1.694943828031598,s163.320462036380064
122_22,s-0.931704669103112,s-2.586795118994374,s163.320462757007789
122_23,s-1.471225904323336,s-0.756593658847843,s163.880861746742880
122_24,s-0.079844956849673,s0.151917022793204,s164.235928998285942
122_25,s2.928234087085138,s1.115361296974729,s339.909613032776690
122_26,s-1.271180491994765,s-0.604633507923069,s344.269407690257310
122_27,s-0.765883053503498,s0.157022655795986,s164.269407708418555
122_28,s1.981706030376178,s0.738887631595658,s170.104092959387344
122_29,s2.729116510815554,s1.871140993492528,s157.037584365651753
122_30,s-0.745563584701935,s-3.355259674218689,s343.320462705638477
122_31,s2.823642366599553,s2.754462391238289,s156.607697695654508
122_32,s-1.450775103114003,s1.909420607014671,s164.278805702562892
122_33,s1.487327661277184,s-0.631139172046790,s345.327747323018173
122_34,s2.947430801827443,s-2.924906373277908,s336.370651082354016
122_35,s0.578766349169516,s-1.713492453096981,s163.320463179140319
122_36,s2.946853158985038,s1.996702454510757,s336.607698151489501
122_37,s0.881392269379683,s0.272043409462623,s344.185923611629505
122_38,s1.279236083258740,s-0.784250252213308,s164.687469172497913
122_39,s2.947430884463083,s-1.664037654118711,s336.370622315284777
122_40,s-1.476997604307614,s1.037916412793099,s164.378816484179055
122_41,s-1.226818224890517,s1.175771697654618,s344.278805985337954
122_42,s1.224312112067369,s-2.644389276656072,s163.320464001796154
122_43,s1.288341763478461,s0.148661204206578,s165.327747379869578
122_44,s2.012222758215688,s-2.088446475278074,s188.543674575595816
122_45,s0.683667225574593,s-3.355259673025079,s343.320463329892618
122_46,s0.042571740653945,s1.904608495162335,s164.278805615645695
122_47,s2.496113574353136,s-2.752223578531422,s8.530821316048998
122_48,s-2.136040034278692,s-3.355258693613350,s343.316570487983995
122_49,s-0.386758437915139,s2.025459146574598,s344.278805917943203
122_50,s0.478671673264852,s-2.609831260080099,s163.320463135503303
122_51,s-2.197934913928411,s-0.756235867834799,s163.880860963185910
122_52,s0.793012319446710,s-0.636215274291205,s344.235928593214453
122_53,s0.694114191576674,s1.050776165165261,s164.185923684573737
122_54,s-0.125297503173495,s-1.706777496569420,s163.320463140760239
122_55,s0.789462503052691,s1.902530219785699,s164.278805970480391
122_56,s-1.370593967357651,s2.754910026410016,s164.114494185845786
122_57,s2.703593856115827,s0.937687936785224,s170.104092514237607
122_58,s-2.713996647551905,s1.178322384668979,s344.114465591461908
122_59,s0.780801566820451,s-1.561669318207684,s344.192219145839090
122_60,s-0.097922523453227,s-0.781375354051878,s163.896170686974415
122_61,s1.630874375185089,s2.755259674218689,s165.151512169420329
122_62,s-0.527116031218078,s0.297559506675881,s344.270809316323266
122_63,s-1.988621644711799,s0.289119412249087,s344.378816531272093
122_64,s-0.579208986882787,s-0.623633713472483,s344.269407594917197
122_65,s0.191338989238485,s0.283207721835033,s344.215253881371211
122_66,s-2.193493051327963,s1.915000517025245,s164.114466239759366
122_67,s-1.481179304589510,s0.146543160869218,s164.269475748019943
122_68,s0.761717596201972,s-2.485854326847234,s343.320463563262535
122_69,s-2.204558944378455,s1.034192012234923,s164.374820570531142
122_70,s-2.721504868013407,s-2.381373196829505,s343.316364063902029
122_71,s-0.787807464731041,s-0.773184777172110,s163.880862020310929
122_72,s-2.932819372869559,s-1.643714548832703,s-3796.683638368724587
122_73,s0.086961844235023,s-1.559116119289214,s343.896171073710661
122_74,s-2.189982830297243,s-1.653514626612743,s163.316530628790559
122_75,s0.105127537583892,s-0.630420488609795,s344.235929051772814
122_76,s-2.931947359166524,s-0.755411467482168,s163.821019932053360
122_77,s0.063675755355071,s-2.471781744947430,s343.320462879965135
122_78,s2.238231142338146,s-2.977308752240532,s137.631664824448364
122_79,s-1.336974769001553,s-2.458644395549655,s343.320461579672269
122_80,s2.202531944761259,s-1.844217415912956,s344.687472873224692
122_81,s-2.896745679440892,s-3.355078188886971,s336.370622254166676
122_82,s-1.988261430792911,s-1.502868225009438,s343.880861489890378
122_83,s1.845530888560931,s1.574253022474811,s172.060634800410696
122_84,s2.733958735004502,s-0.056076017751528,s165.518902101570347
122_85,s-2.716212856268157,s0.285390984568317,s344.374820495294443
122_86,s-2.315173732006025,s-2.578284918780202,s163.316570546912089
122_87,s2.872772098068434,s-3.247715736858972,s2633.629272128488992
122_88,s-2.718740723380087,s-1.496897799259937,s343.821019707055314
122_89,s-0.613995460387589,s2.754960777780917,s164.278805995627664
122_90,s-1.903442360046974,s2.040397754348596,s344.114466161654093
122_91,s0.604934259079465,s0.142201724125032,s164.235928596082658
122_92,s-1.139559166245445,s2.029589962568503,s344.278806108274352
122_93,s2.929205384816210,s0.100060932053729,s345.518902495333521
122_94,s0.883557985557419,s2.754960776357287,s164.278813569203095
122_95,s2.185022493066969,s1.022071973907887,s352.061290803772522
122_96,s-2.931618085778896,s1.918300012950722,s164.015611884796186
122_97,s-0.480152399005047,s1.174173228211745,s344.278805535537913
122_98,s-0.043349716617733,s-3.355259673870338,s343.320463024998787
122_99,s-0.602539970226160,s-1.550238337307510,s343.880862355778163
122_100,s0.136489170247740,s2.754960780762118,s164.278805918317232
122_101,s2.200935456134698,s1.854006464667205,s337.280125855101232
122_102,s2.723697942742666,s-1.909138388423446,s188.521529455578104
122_103,s-2.931452300152346,s1.032265716195921,s164.114463112528483
122_104,s2.693270498025566,s-1.031981019513984,s164.531943869434826
122_105,s-2.931194498063064,s0.137699055149410,s164.269383997190602
122_106,s1.274434464036297,s-1.716394206884998,s164.687472660463555
122_107,s-0.640240607662185,s-2.465340476440134,s343.320462802840098
122_108,s-0.012443583275138,s1.042468757859650,s164.270809277578564
122_109,s-2.683122925622685,s2.055162126813445,s344.015618922126407
122_110,s-1.624909441143282,s-2.581156529150473,s163.320460632284806
122_111,s0.590329746614272,s-0.786874802997471,s164.192218187176906
122_112,s-1.991549482320197,s-0.606061181499378,s344.269475947553872
122_113,s1.487584581326049,s0.322557332437386,s350.104092950404947
122_114,s-0.745088237214889,s1.040443898964671,s164.378817074566427
122_115,s1.397914498158051,s1.672295695696000,s-4920.782774167547359
122_116,s-2.931623243432999,s2.754879408573495,s164.012544284231694
122_117,s2.050579950693311,s-0.103705168451532,s165.327747284821584
122_118,s0.361727345275094,s2.022931892681779,s344.278806182457799
122_119,s-2.947430884463083,s-2.530387541000930,s156.370622228987486
122_120,s2.298099136349444,s0.061768932485903,s350.104092350129235
122_121,s2.253568563427438,s2.754353050827169,s157.280126153215861
123_0,s1.490865784946507,s0.105461659372022,s252.464746103511629
123_1,s2.323709417896668,s-0.783959927870163,s250.940844125508107
123_2,s-0.347616252864328,s-1.089684412246170,s252.563340389988724
123_3,s2.017612404015001,s-3.039162444325465,s74.542667478641377
123_4,s-0.784027024970614,s-3.033905159603440,s73.089538425263356
123_5,s-0.288626815822650,s0.289752705683808,s252.564445285234996
123_6,s2.183108788302405,s-1.189918028497588,s70.886837416747611
123_7,s1.410580953183401,s2.633955147450607,s73.482028851815997
123_8,s-1.340316009401263,s0.593307488930462,s72.563052316235030
123_9,s-3.059749749514502,s-0.136003755697287,s252.521416615581785
123_10,s-1.294953926521940,s-1.735613270928237,s252.573940507330718
123_11,s1.405524920976186,s1.900165761550881,s73.482039654503268
123_12,s-0.385448487662827,s1.914060730863530,s73.507426230247461
123_13,s0.494051296805450,s0.455800380397117,s72.564706098420530
123_14,s0.594018321032716,s-0.483331433288633,s252.200298762692796
123_15,s-3.059756318179407,s1.224906491253603,s252.554062749640849
123_16,s-2.197738848955871,s-1.640332683542916,s252.350213744852311
123_17,s-3.059637806053336,s2.621500673300395,s246.987940833551107
123_18,s1.517494452737599,s-1.711702071341500,s3678.861981569790260
123_19,s3.063223551801210,s-2.084293940302790,s73.923591934851331
123_20,s1.093332240681264,s-3.042515109013674,s76.660476091663966
123_21,s-1.133623415430504,s2.433078398721955,s253.507478593808202
123_22,s-1.192624176519783,s1.032208261981502,s253.167565986756983
123_23,s0.461593136115246,s-0.235941995603264,s72.563223296203688
123_24,s-2.389793096998286,s-2.441115955533762,s252.177386558112971
123_25,s2.250770916794554,s2.633093111820416,s73.985843034816497
123_26,s-0.314503378353839,s-0.407505932502712,s252.563223341379484
123_27,s3.063134969748857,s-1.387532187509521,s65.279614288675646
123_28,s-3.059756318478677,s0.558967458826109,s252.554063056571295
123_29,s1.518279249193535,s0.857964244879232,s252.793846013340954
123_30,s2.227800596391394,s0.309610636605091,s72.513438281012299
123_31,s1.328643335726157,s-1.035539167573504,s70.788312754085027
123_32,s-2.126984693144086,s1.783404320393126,s253.508799177463231
123_33,s3.062576714801278,s-2.661119982076415,s69.026269197239159
123_34,s1.211088556336060,s-2.555268621041781,s257.426709304229519
123_35,s-0.236327660630901,s1.713132468434001,s253.486629118404778
123_36,s0.568791506730857,s-1.201946338456305,s250.788312738588559
123_37,s0.667886335338087,s2.425106397581969,s253.482039842324241
123_38,s1.360907834751070,s-0.304905822270975,s72.419180039822024
123_39,s2.214551698805129,s-0.450317868509058,s71.056297805172520
123_40,s-2.323409477324887,s-1.375670695921295,s72.350213403217737
123_41,s-1.696279135061534,s-2.999135641812000,s72.177386435453414
123_42,s3.062645412935368,s-0.597106670920755,s70.955991102770298
123_43,s2.258073552697407,s1.077628595869163,s73.983514182799908
123_44,s-3.059746074268754,s-0.840552537921889,s252.503001223883842
123_45,s2.241673703107228,s1.841375729162541,s73.985842036679742
123_46,s0.286524437691302,s-3.242374594986547,s254.534845935625327
123_47,s-2.261053437348468,s2.041959004140270,s71.964146410182821
123_48,s1.468850588867565,s-0.632253685762052,s251.015984492849327
123_49,s-2.286815061550968,s0.037761438787035,s72.521416713780937
123_50,s-2.339174887451263,s-3.226742512058598,s243.819564356442129
123_51,s2.376060257477520,s0.750601835657619,s251.056619465631826
123_52,s0.442316593208566,s-0.929752164073482,s72.563222598694992
123_53,s0.634278232995517,s0.234373919958693,s252.465143420910067
123_54,s-1.287381826656467,s1.913734238779292,s73.508799377499500
123_55,s-0.380709791846933,s2.633962105775757,s73.478022273254126
123_56,s1.898938141747546,s-2.219648020560942,s81.170125464754079
123_57,s0.521210196689972,s2.633956439795520,s73.481096011653975
123_58,s1.254198547209968,s-3.242361858397515,s254.542666969976040
123_59,s0.263981793047713,s-2.583878368442082,s257.426708624287130
123_60,s-2.637858990910302,s-3.093345420124787,s127.441120088733356
123_61,s-0.787894863891150,s-2.324095471943700,s73.089518179721551
123_62,s0.432302241801692,s-1.604373604832037,s74.520717957239782
123_63,s-2.178092072381481,s-0.946473713183298,s252.508184473894659
123_64,s0.110734640105747,s-2.335979252131612,s74.528102333218811
123_65,s-0.451987307751408,s-0.177794720988996,s72.563223007793596
123_66,s1.968703189528001,s-1.752628613483512,s4712.856855851552609
123_67,s-1.328498790919833,s1.273766913191712,s73.165892842471578
123_68,s2.420581772242690,s2.396776476536234,s251.047326883157922
123_69,s-1.278027830020775,s-1.016210894909867,s252.563399003931409
123_70,s2.171125238773567,s-3.247363831400442,s251.720514775262728
123_71,s-1.374398323850641,s-0.088100070557175,s72.526628545479909
123_72,s3.062655643222895,s0.984823212609959,s71.056618549908364
123_73,s-2.297000266350882,s-0.658373820118294,s72.505188200770590
123_74,s-0.638997588976480,s-3.244614864180054,s253.097736221379620
123_75,s-1.409956518235626,s-0.768627311873981,s72.521384268377460
123_76,s-0.241434019871896,s0.990750100060409,s253.058923850951061
123_77,s-0.640594549163304,s-2.548586796213262,s254.534846015298399
123_78,s0.659686279893935,s1.693845169223396,s253.472000010880038
123_79,s-0.538432593653947,s-1.547478861003052,s72.573941120664173
123_80,s3.062739625927522,s-3.210059385724951,s71.720510377144848
123_81,s2.147254466386490,s-2.108365539078095,s253.942369058836704
123_82,s0.133763715098165,s-3.044475219919360,s74.534846503286644
123_83,s-0.484808280279888,s-0.859041735400675,s72.563398980090568
123_84,s0.516311714064998,s1.913935733374266,s73.486639719354656
123_85,s-2.123913527713484,s1.111467413564990,s253.165589604215143
123_86,s1.401717983932511,s1.171142258530410,s73.466176223817413
123_87,s1.548440364089484,s2.386951250020251,s253.985841537391309
123_88,s0.510540348784172,s1.192442887861013,s73.415937947746457
123_89,s2.356767046197071,s-0.035971943612690,s251.056391501087234
123_90,s-0.231592667685543,s2.433269244150092,s253.486639999505144
123_91,s2.455773303856934,s1.578004183592528,s251.047975701764273
123_92,s-0.390458806718489,s1.193498294617009,s73.474610957550325
123_93,s1.048538124422417,s-2.365328209394483,s77.426709202772940
123_94,s-2.166440427428316,s-0.245852185862211,s252.521416800587446
123_95,s-1.208852332844430,s0.344427995843051,s252.563222793833461
123_96,s-1.282923683397788,s2.633844459669270,s73.540523587682969
123_97,s-3.063693049946596,s-2.506469541052456,s237.784408614967418
123_98,s-2.052761901635668,s2.423395529714764,s253.508800539122177
123_99,s-2.202570912296030,s2.647363831400442,s66.987573150729688
123_100,s-1.138188975693726,s1.713125569413471,s253.507306937547440
123_101,s-1.421439990486748,s-1.470134651161351,s72.432117080638292
123_102,s-2.255623672887345,s0.706850346112774,s72.554063178574992
123_103,s-0.428360347510756,s0.512313684344560,s72.564445490067868
123_104,s-1.519440714056551,s-3.244835904728041,s253.089538158437762
123_105,s1.383012456011372,s0.427941797755849,s72.465144304332298
123_106,s-1.665809836671681,s-2.227224651457011,s72.350213812749629
123_107,s-2.131560431727865,s0.434465280019001,s252.557715235944642
123_108,s3.062655618772610,s0.181140224678147,s71.056392597725690
123_109,s-3.059704594004004,s-1.578796482490961,s252.286886963807547
123_110,s3.063693049946596,s2.613379711498268,s63.568705380568517
123_111,s-2.254826393665311,s1.372118815985846,s72.554062650223358
123_112,s0.652371009554116,s0.967224294721446,s253.252535019979490
123_113,s0.596126534002111,s-1.804887927822513,s257.426709263571013
123_114,s3.062653929028291,s1.805772274258857,s71.040212487476737
123_115,s-1.544131495132627,s-2.517842537611392,s253.089530115557920
123_116,s-3.059648304717020,s1.896336380889133,s251.964146400678686
123_117,s-0.387994634800136,s-1.762740922592468,s254.520718073563444
123_118,s2.162880416833287,s-2.640064630317997,s249.026269128569851
123_119,s-2.511438153865555,s-2.166036499410453,s72.176617672114347
123_120,s-1.242868496189309,s-0.336927917429832,s252.563223315089488
123_121,s2.298156828704566,s-1.488191835235762,s245.279614488752998
123_122,s1.529093741357764,s1.603418847594653,s253.983514711380252
124_0,s-1.405436958567732,s-1.716045714388257,s37.495587455577116
124_1,s2.146150061977764,s-3.365554425594274,s33.436192627948024
124_2,s2.196376798366794,s-2.543839782086647,s33.439891371814916
124_3,s1.317967033156842,s0.946784325840781,s213.779021001932648
124_4,s2.215742907230304,s-0.755336004145204,s33.756114297922998
124_5,s-2.039407511189958,s-1.515834800296274,s34.695654279714653
124_6,s-1.486861278438130,s1.916329463834060,s213.562730061384514
124_7,s0.523829750370787,s-1.763268663848193,s213.659170377236450
124_8,s1.260819890136933,s-1.780692687094702,s213.439891375684567
124_9,s-0.186197747292841,s-0.854754154696023,s213.762553904079198
124_10,s2.731581738751068,s1.777491195199645,s213.851228081750207
124_11,s0.782403065535282,s2.766186264502515,s213.562736909690727
124_12,s-2.697402594345289,s2.073641233447923,s33.562730062389583
124_13,s-0.034048566736921,s1.885995200009903,s213.562730061383007
124_14,s0.675843992999080,s1.875170576198995,s213.562738591048316
124_15,s2.724121351038376,s-1.805488869961964,s213.440686158510260
124_16,s-0.313809867672722,s-2.608895844613845,s213.659170376963687
124_17,s-2.214139892766513,s1.927769581897682,s213.562730061408274
124_18,s1.479230298397058,s2.766186547967076,s213.563896302621202
124_19,s-1.518125521905360,s-2.163209414505308,s343.381990533076021
124_20,s0.406980203160421,s-2.621298076996409,s213.439891375536064
124_21,s-2.262813494206959,s-2.574105117256262,s215.521977394163571
124_22,s-0.121974484562903,s0.049821395903937,s213.765287624596510
124_23,s-2.944698710397708,s1.930540127059754,s213.562730061404892
124_24,s0.857607678947833,s1.101878097501199,s33.623494657736011
124_25,s-0.829979102256411,s-3.365614184182567,s33.680918937834370
124_26,s1.996653874152491,s-1.794951873865423,s213.439891371731704
124_27,s1.482874905983560,s0.149838079779604,s33.842452293177097
124_28,s-0.632173655491292,s-0.721889182779668,s33.789916268987461
124_29,s0.610531329707646,s-3.365554886946732,s33.438144981921845
124_30,s2.740027663428716,s-0.015241271307719,s213.756114297629438
124_31,s0.749907591298012,s-1.622287682558831,s33.659216155810746
124_32,s-2.732437626098915,s-2.449696022901885,s35.521344233779267
124_33,s-0.643205066669977,s2.766186262827542,s213.562730061387100
124_34,s-1.490072697181662,s1.015441640077003,s213.763739224760315
124_35,s-2.017715197160933,s0.281668071747839,s33.763739224754111
124_36,s-0.118260514403083,s-3.365608598724490,s33.658702274499738
124_37,s1.358915848704919,s-3.365554425596174,s33.436192629572439
124_38,s-2.944106048075994,s-0.763890495150016,s213.901800386254592
124_39,s2.216171282266513,s-1.651704546138305,s33.659216155996226
124_40,s2.741901079008922,s-0.912858108222971,s213.659216156081044
124_41,s0.079012160375192,s2.766186262827717,s213.562730061376499
124_42,s2.942876946584382,s0.132976805755855,s33.756158124763111
124_43,s2.941397157459114,s1.030080668977195,s-326.439231166012803
124_44,s1.656220061981789,s1.988100039148267,s33.563896302619206
124_45,s2.943432673333245,s-2.530656234158991,s33.440686158711593
124_46,s2.213256936408244,s0.141482952611807,s33.850263760105769
124_47,s-2.146074233581887,s2.766186262826772,s213.562730061280945
124_48,s-1.490361660730964,s0.114343528815720,s213.901800365244981
124_49,s-0.051071588830303,s0.976596838765065,s213.766893342194805
124_50,s2.737458152942832,s0.880350149844740,s213.850263760410087
124_51,s-0.007326581926003,s-2.492037662797570,s33.659170377357803
124_52,s1.486676356964743,s-0.745938734046494,s33.759433963433445
124_53,s-0.216385090296760,s-1.750700750404389,s213.729735909806294
124_54,s-0.576712444828177,s0.239168158587881,s33.766893342177376
124_55,s-2.739496822009124,s1.186795527013886,s33.562730061628280
124_56,s-2.225206197792737,s0.134229729058912,s213.901800386215882
124_57,s-2.944684495978383,s2.766186262828618,s213.562730062667981
124_58,s-2.744337560335925,s-1.531857316223373,s34.695654279690267
124_59,s1.549753100463369,s1.086467907681601,s33.766064845464506
124_60,s-2.832017015359318,s-3.365321848609457,s27.342963067998674
124_61,s-2.245783749760716,s-0.759200210052284,s214.695654279670265
124_62,s-1.988325679459306,s-2.371254872567591,s35.520147109243815
124_63,s2.013382417415051,s-0.903831701895673,s213.659216155911992
124_64,s-1.289345714652198,s0.263690336973542,s33.766893342169759
124_65,s-0.442151926833020,s2.017393799720048,s33.562730061382489
124_66,s-0.916174366975125,s-0.846093362530429,s213.762553904380837
124_67,s0.541351231222217,s-0.879870362523744,s213.758996546544779
124_68,s1.143105329451328,s-2.636196705859195,s213.436301915722993
124_69,s2.717076829486661,s-2.734086946299577,s213.434402700702208
124_70,s-1.504441636703712,s-0.807966181881916,s214.695654279714262
124_71,s2.957605176128693,s-3.365424388090451,s26.727741170218984
124_72,s-0.782672091793132,s0.091750632449029,s213.789916269494512
124_73,s-2.075045554192120,s-3.366188109024888,s35.521972720878487
124_74,s-2.743591395515876,s-0.614579162329218,s33.901800386254216
124_75,s0.011674582897509,s-1.609950497177608,s33.758996546547870
124_76,s-1.171090706515743,s2.029927504064789,s33.562730061247088
124_77,s-2.245144805616369,s-1.669322432790044,s215.520147109416541
124_78,s0.118622787185130,s0.186823804120748,s33.766893342513889
124_79,s1.485701587897058,s-1.639054705418522,s33.659216155750947
124_80,s-1.919960925038260,s2.047884994468575,s33.562730061384364
124_81,s1.370528389254269,s1.865077656447313,s213.623494657744544
124_82,s2.060146898292538,s1.854866946720499,s213.844405882104070
124_83,s2.007498373394572,s0.888088968051781,s213.850263751058407
124_84,s-0.564212544971373,s1.153984867366834,s33.562730061393914
124_85,s-2.020025542337793,s-0.613729530705273,s33.901800366138865
124_86,s0.807015986622229,s0.182156340820787,s33.767888426301418
124_87,s2.943393042180461,s-1.663038920542704,s33.462994305269511
124_88,s0.156033602081148,s1.123854001735793,s33.562738591047285
124_89,s1.906736300025325,s-2.664787955714162,s213.436192629388131
124_90,s-2.743330587431505,s0.288164043096774,s33.763739224101549
124_91,s0.966227822114965,s1.996431580257704,s33.562738223244217
124_92,s0.063578155440308,s-0.720504655343140,s33.762567898253643
124_93,s0.575446277034712,s0.042455674719741,s213.762567898252058
124_94,s-0.763135418832942,s1.905369266525509,s213.562730061383292
124_95,s1.281878030976633,s0.000718559036551,s213.759434064385346
124_96,s2.339530740196738,s1.981018112677099,s33.563896302903480
124_97,s0.755213303245204,s-0.734925648733284,s33.759434064385708
124_98,s-2.220503545810840,s1.030841869751150,s213.763739224092404
124_99,s-1.303069606909088,s-0.655654539872024,s33.899409878182574
124_100,s0.628581054403557,s0.961230568832595,s213.767860460554829
124_101,s-1.382445074231508,s2.766186262826409,s213.562730061402078
124_102,s0.728238376380600,s-2.509972691125892,s33.439891375754563
124_103,s1.464420077679957,s-2.524883618720106,s33.439891371219595
124_104,s2.943046309989922,s-0.764396371448194,s33.659401560104264
124_105,s2.921388636561815,s2.766029598244670,s206.750585055581553
124_106,s-0.765858661053081,s1.005101086690306,s213.766893342168999
124_107,s-2.944698433977698,s1.039821865923403,s213.562886653569279
124_108,s2.168361244045892,s2.766186547967433,s213.563896302890981
124_109,s-2.013736494992443,s1.178186564982892,s33.562730061426201
124_110,s-2.957628985910938,s-2.605871508087406,s207.342858451125466
124_111,s-1.489360794169879,s-3.365631300849138,s33.748224132205074
124_112,s2.208148324019618,s1.037223511601539,s33.851228081801274
124_113,s-2.944326275732333,s0.139326376352598,s213.775018181295110
124_114,s-0.982736856785602,s-2.555447111998211,s213.729735878461099
124_115,s1.281037845474400,s-0.893470908653656,s213.659216155829284
124_116,s-0.711477628602172,s-1.592913809234962,s33.762553904382536
124_117,s-0.781774713343097,s-2.406738615427649,s33.729735909690440
124_118,s-1.288452061236544,s1.164320088625272,s33.562730061382943
124_119,s-2.942764482924240,s-1.683932372564399,s214.695654264370603
124_120,s0.268672660040237,s2.003532152806532,s33.562730061382375
124_121,s-1.580432927393090,s-2.490516765192771,s213.748224132145225
124_122,s2.011856546481940,s-0.007548973938042,s213.759433963522298
124_123,s2.957578543359434,s1.927182263020582,s26.750585055658767
125_0,s-1.434074413833275,s0.556085471927594,s126.543941331256576
125_1,s-2.449076765278527,s2.665445158512892,s118.645714297158946
125_2,s-0.541898700248561,s2.649379078848353,s126.456473969876626
125_3,s1.250399134523095,s-3.035213507370731,s126.401123963750138
125_4,s-1.448459340194133,s-3.045791702570988,s126.409186733079054
125_5,s3.073227636841840,s-3.175513988398404,s118.646770359522947
125_6,s-2.200804537159342,s1.059544153900973,s306.980536800158575
125_7,s-3.073009122615003,s1.132048697775947,s306.988281453287584
125_8,s-0.390254705098742,s2.450622698478555,s306.456473968751709
125_9,s-0.542444124892911,s-0.881034834507801,s126.407925791609003
125_10,s-1.284977881806063,s-0.364182613502952,s306.407925791607283
125_11,s-3.072820541697743,s-2.490912871934652,s306.409097222528828
125_12,s2.353727720494053,s2.424142044030924,s305.628742214370277
125_13,s-0.548291997354106,s-1.609606595776562,s126.408112417124585
125_14,s2.214743697330591,s1.237974774574933,s125.700492689993595
125_15,s-0.523019534844772,s1.250395881744171,s126.435734114083132
125_16,s0.384495776036576,s1.950581726862005,s126.436571636116952
125_17,s0.357291130378569,s-3.040224730582534,s126.407098643373999
125_18,s0.515122166874287,s-1.078356806101678,s306.007093443102463
125_19,s-1.290396393002313,s-1.092516247186985,s306.408112417124244
125_20,s2.285583318093794,s-3.265392062595524,s298.614864908774393
125_21,s1.299397215758893,s1.950140976032939,s126.408470821195777
125_22,s3.073431559780373,s1.140380472044271,s125.628042479241614
125_23,s2.304208781897878,s-1.905590069050112,s305.601721455832944
125_24,s-2.316345803090960,s-0.805470470261361,s126.410671382438807
125_25,s2.332352274610030,s0.931194830124879,s305.628042479170915
125_26,s0.526007196556949,s2.450621363482177,s306.455399357300848
125_27,s1.310784133795023,s0.546189725469634,s126.011566610418470
125_28,s3.073424840158433,s-1.719665259431890,s125.601721455871939
125_29,s0.549978499428571,s0.349077005166415,s306.010673503731766
125_30,s-0.543158958211197,s-3.043557701882949,s126.408112493722626
125_31,s1.292815120077080,s-0.170807949969156,s126.007093443465735
125_32,s0.374366545948562,s2.649380696348282,s126.455500780871617
125_33,s1.290608519473393,s2.649380873794090,s126.455394022092335
125_34,s-1.442598969939728,s1.268836790359386,s126.980536800160834
125_35,s0.380451502261297,s-0.156793565421412,s126.406958905352241
125_36,s1.404537217727842,s-2.510395065093541,s305.601721455820325
125_37,s3.073424934222616,s0.407041505988909,s125.602091125000513
125_38,s-0.521967242442146,s0.554750483857270,s126.417210242466950
125_39,s3.073431738003267,s2.650789875244669,s125.628741874379131
125_40,s-2.213655761256192,s-2.541597018985009,s306.409186871496161
125_41,s2.193251929990513,s-0.199540948105180,s125.602091138492710
125_42,s-2.348805660448447,s-3.018091060749306,s126.409070264981608
125_43,s0.351135716862328,s-1.597022850054611,s126.406964767235266
125_44,s0.504915478408129,s-2.519953105443503,s306.401123963773387
125_45,s-2.312352875539374,s-0.094795747466866,s126.415043875579940
125_46,s0.529563659488692,s-0.365900469105185,s306.007093443400322
125_47,s1.442248768315072,s2.450621635176010,s306.455394022717940
125_48,s1.455651251852268,s0.326402699893761,s305.602091138763342
125_49,s2.310501105857406,s-0.505630993039045,s305.602091123816137
125_50,s-0.393635959480070,s-3.249332683193522,s306.407098643267943
125_51,s-1.283064814264807,s0.353613905919809,s306.417210241393263
125_52,s2.343631335787219,s1.670335926669026,s305.628740294934175
125_53,s1.412924167748910,s-1.802614572638544,s305.601721455833001
125_54,s-1.294338962494444,s1.750945596375120,s306.435734120340783
125_55,s1.457009560685449,s1.041633907563139,s305.700492688983502
125_56,s-1.445138638917963,s1.962367059536491,s127.085605406084468
125_57,s-2.561559770678195,s1.906872039286851,s167.398017982556325
125_58,s0.364534643398729,s-0.874450816064218,s126.406958906838199
125_59,s-0.397451850610542,s-2.530179075029228,s306.407098643366965
125_60,s0.535892403482578,s1.751007898162025,s306.408470820868160
125_61,s1.450765815448707,s1.750719611131665,s306.376269573826221
125_62,s-3.072396967799653,s2.487603297308721,s298.645714297164432
125_63,s3.073424840099678,s-2.416728125218486,s125.601721230051666
125_64,s1.252857185003952,s-2.308534602114789,s126.401122369474606
125_65,s-2.319053016378278,s0.626218927431714,s126.981041332703271
125_66,s-0.532357468023487,s1.951584797987010,s126.436436440966531
125_67,s0.353440988778150,s-2.321043920299196,s126.407098643271880
125_68,s1.436247962523391,s-0.395451708595874,s305.602091138493790
125_69,s1.307513990394591,s1.248931866591080,s126.279111088411852
125_70,s-1.436463822803909,s-0.165294854626319,s126.410682018035061
125_71,s-1.299186414709470,s-1.818750845498697,s306.408112494198235
125_72,s-2.205904749518739,s-1.825593530625914,s306.409246900763378
125_73,s2.207223572304642,s2.649554923022647,s-2753.694167656134596
125_74,s-3.072821006194233,s-1.010209261668602,s306.410610874110262
125_75,s-0.371442829975845,s1.051528380815002,s306.420594805339590
125_76,s-2.217514679555466,s1.762965793493847,s307.085509449106041
125_77,s2.294074579619340,s-2.594369287934902,s305.601721230064186
125_78,s-2.329132063866410,s1.352808433560150,s127.006940298749882
125_79,s-0.548928339045208,s-2.331291000968593,s126.408112494286812
125_80,s-1.441882267457165,s-0.893629189481243,s126.410679199990426
125_81,s-1.292673688609149,s1.055836059243118,s306.429871708018652
125_82,s2.136411308367357,s-3.039432504750381,s125.601721455789331
125_83,s-2.281449117335931,s2.436986498022531,s310.365295900668627
125_84,s-3.072801027315996,s-3.248798894038671,s306.345062735905515
125_85,s-0.370610839500034,s0.355307134409333,s306.406958905328736
125_86,s-0.530660052683316,s-0.157759102218655,s126.407925791602409
125_87,s-2.206486226260787,s-3.249307805038812,s306.400801307647612
125_88,s3.073424933759070,s-1.017906552282828,s125.602089304462837
125_89,s3.073431738523507,s1.888738944900640,s125.628740296497597
125_90,s1.264662369049657,s-1.594550356794253,s126.007093443091335
125_91,s-0.390968300752756,s-1.079923205895803,s306.406964767235763
125_92,s1.277805599722843,s-0.882806649564672,s126.007093443104964
125_93,s2.309298260906706,s-1.207995307461283,s305.602089304460321
125_94,s-3.072822367414506,s-0.296408272203850,s306.415043861156164
125_95,s-1.298298851857044,s-3.249330410879105,s306.408064720470009
125_96,s2.188603791220499,s-0.913431320079483,s125.602089304467128
125_97,s2.210572531529488,s0.524015816187174,s125.602091138936032
125_98,s0.390615565042074,s1.251995200675500,s126.424842655812853
125_99,s-1.450672259585963,s-1.619863796461076,s126.410671377084910
125_100,s0.502609701196556,s-1.795931897684487,s306.401122369472034
125_101,s-2.343080900318191,s-2.264957277396862,s126.409186875064009
125_102,s0.505869691324324,s-3.249342645268121,s306.401123962678298
125_103,s-2.187248820056356,s0.347356962361729,s306.543880678348216
125_104,s2.181885271869155,s-1.616481364827159,s125.601721455844114
125_105,s-2.328899449658189,s-1.526281077476628,s126.409246922601426
125_106,s2.323950824973227,s0.204975959563283,s305.602091124865353
125_107,s-2.184418235809586,s-0.376800020130271,s306.410680547860920
125_108,s0.542194115938415,s1.052614107317168,s306.279111088306649
125_109,s-0.396815509210621,s-1.808494669753496,s306.407098643270274
125_110,s-1.304143720761481,s-2.537003615306163,s306.408112493739679
125_111,s2.167529570280057,s-2.319383030666820,s125.601721455828425
125_112,s1.422785710235084,s-1.102137545256398,s305.602089261217998
125_113,s-1.309875029737475,s2.450804075926453,s306.637946252448728
125_114,s1.398209898427442,s-3.250708528699476,s305.601720980936079
125_115,s-0.379725030145993,s-0.358554040684777,s306.406958906837531
125_116,s-3.072820585026721,s-1.740974765866831,s306.409238437606064
125_117,s-0.380832528208922,s1.752598477803067,s306.436571635922917
125_118,s0.398533926596804,s0.549944899117396,s126.406958905328551
125_119,s-3.072984782786135,s0.413406001844810,s306.917124878661753
125_120,s-2.192781077281838,s-1.102796171564955,s306.410671382025441
125_121,s3.073424934222369,s-0.314559032622383,s125.602091123798900
125_122,s-1.462147782074198,s2.649079159828692,s126.637946252333620
125_123,s-1.455622066856775,s-2.338111252797000,s126.409203501324413
125_124,s2.214103364726264,s1.949645431209481,s126.376269593914017
126_0,s-1.185064517235320,s2.044284600228772,s36.259501934436152
126_1,s0.773843425694751,s-2.520973464985198,s36.341881919201377
126_2,s-0.877961585551264,s-1.724810369801369,s216.343010644478994
126_3,s0.606808836207050,s0.074927408469298,s216.374281703772994
126_4,s-2.710706579543022,s2.084075565328055,s36.264908155709726
126_5,s2.016557542119708,s0.894925882172066,s216.463539888041282
126_6,s1.298644006932515,s-1.781883474544016,s216.341882169063012
126_7,s-2.228394508879715,s1.939595535195471,s216.266552717321389
126_8,s1.497182041683120,s-0.737107945893701,s36.462142094243099
126_9,s-1.299020251502899,s1.181864120595032,s36.259505532395828
126_10,s0.832985551118722,s0.216311022618817,s36.369844858074067
126_11,s-1.492242284317964,s-0.758307070155373,s216.480247056417909
126_12,s2.217125823421791,s1.044165170251846,s36.463539832997448
126_13,s-0.566251025569512,s0.278268971234733,s36.369393502964250
126_14,s0.069146833311974,s2.779333356314536,s216.259503903955675
126_15,s-0.068299271850187,s-3.379334014783295,s36.341752217677403
126_16,s0.040184141327787,s-1.615780329770386,s36.380161626353164
126_17,s-1.677622154534844,s-2.611915157250332,s216.342931890393572
126_18,s0.766462939741167,s-0.729106634412514,s36.462158176456036
126_19,s-0.608846626326362,s-0.676530958575617,s36.374279757178819
126_20,s-2.161652656547023,s2.779333999107232,s216.263380217638513
126_21,s-2.749326129718959,s-1.487564816276467,s36.480436494768391
126_22,s0.131822707471227,s0.227298935552508,s36.369393608408849
126_23,s-2.217560844006008,s-1.644687715334444,s216.480245435477627
126_24,s0.565586332485329,s-0.878362640402115,s216.380175902594857
126_25,s-2.956814344147905,s-0.742420352247718,s216.460933697547603
126_26,s-2.230404332050384,s1.042218951865156,s216.363361652493012
126_27,s-2.022054580309295,s-0.601647208720551,s36.462458862556822
126_28,s-2.083701799774853,s-2.480929040779023,s36.343073707017460
126_29,s2.957021455853512,s-1.649559357956672,s36.341843933271470
126_30,s-2.370031108144802,s-2.604276213644601,s216.342931497904061
126_31,s2.227353462085631,s-0.744978774944276,s36.454505367355956
126_32,s-0.639524779288392,s-1.587037362132087,s36.374280711761948
126_33,s2.163988859318132,s-3.379334013221190,s36.341749889362156
126_34,s2.224114693365312,s0.150148149133102,s36.463540230637797
126_35,s0.044195244799801,s-2.511243757374756,s36.342829566537411
126_36,s-2.957149660255342,s1.050774151513066,s216.268528511024840
126_37,s2.751225067112272,s-0.005824722228203,s216.454505207923830
126_38,s2.957021306748332,s-2.544544383856006,s36.341929283876119
126_39,s-0.043524836251467,s1.909383998257615,s216.259505561189059
126_40,s1.290793615669370,s0.009090919204976,s216.462158256391263
126_41,s-2.017036083225669,s-1.495389946919086,s36.480247255055112
126_42,s0.771067801390402,s-1.624658504221894,s36.380176123000787
126_43,s2.229034251629144,s-2.538584909204298,s36.341928247715863
126_44,s0.453167588030197,s-2.634076620898687,s216.341752426381447
126_45,s2.026033271599333,s-1.789723237099972,s216.341928309686608
126_46,s0.569708776417118,s-1.773486139731427,s216.342828048238431
126_47,s-1.501509252770886,s1.930326216866126,s216.259503528784336
126_48,s-2.754084548233577,s0.301372786240243,s36.363296100689674
126_49,s2.188642565997222,s2.779333359639959,s216.259511158041477
126_50,s-0.828029342423241,s-0.819989142570218,s216.374280612694747
126_51,s-2.751502542712645,s-0.594585512656296,s36.462361773104398
126_52,s1.186424998782968,s-2.644895174743950,s216.341745133500211
126_53,s-1.291647884062832,s-0.609004323582910,s36.461517533106338
126_54,s1.490411629421881,s2.779333360864476,s216.259509701800880
126_55,s1.573185153539232,s1.119599994676911,s36.259592325127791
126_56,s-2.227989527874227,s0.145113733661779,s216.462361238477200
126_57,s-1.297143061033714,s0.286428076439586,s36.369383101048165
126_58,s2.753197216045434,s-0.901080169016278,s216.380642141373585
126_59,s-0.977654831843150,s-2.616774086005819,s216.342929817401085
126_60,s1.344952141432772,s0.978698401869134,s216.369844791522695
126_61,s2.229422734236414,s-1.641496231198930,s36.380641976868539
126_62,s2.752668673340496,s-1.797338844391759,s216.341928993230368
126_63,s-2.745674755772543,s-2.375665611669204,s36.480245667719295
126_64,s-1.572600426577974,s-1.716522216215420,s216.343073810210711
126_65,s-1.934901083199561,s2.060468469114731,s36.263203275165701
126_66,s-1.398533668649783,s2.779333328303645,s216.259562678556648
126_67,s1.676889037162931,s2.011310114679242,s36.259509629565265
126_68,s-2.752602076177689,s1.198292711778990,s36.266500354201732
126_69,s1.502025034058789,s-2.530278906355512,s36.341880977708321
126_70,s-1.498059956861974,s0.137168995317957,s216.462234945778704
126_71,s-0.771876821238077,s1.024254246209904,s216.369383180931777
126_72,s-1.343411938608317,s-1.575998035904438,s36.374281121517392
126_73,s0.090996454519619,s-0.680287708631346,s36.374280411484371
126_74,s0.875462140675805,s1.125919650177690,s36.259510406425171
126_75,s2.956825582525531,s0.141900620980175,s36.454454369830422
126_76,s-2.956794626595523,s2.779334319594121,s216.264023673991545
126_77,s-2.886101360736141,s-3.383025619526341,s29.311985344252925
126_78,s1.491367042729442,s0.158330575494169,s36.463539795201235
126_79,s-0.657431161636625,s2.779333358246591,s216.259502672814193
126_80,s1.295937104916458,s-0.886254294707672,s216.380645570931875
126_81,s-0.160739264022234,s-1.764737207862685,s216.343005396330369
126_82,s-0.268306003489778,s-2.626788204710111,s216.342829236837758
126_83,s-0.773558569491248,s1.920942984910488,s216.259504425443083
126_84,s-0.128065873424987,s-0.823781707062346,s216.374281245035434
126_85,s-2.026479533503529,s1.190324822588204,s36.261262533782691
126_86,s-2.971780131192376,s-2.525533676159018,s209.311985374514478
126_87,s1.500816623498945,s-1.633294558575548,s36.380645997703517
126_88,s-1.501938152107924,s1.033438966578497,s216.367515970513267
126_89,s-1.389053391506018,s-2.489235878918414,s36.343010705671055
126_90,s-2.224583522938745,s-0.750390403616941,s216.480434097444999
126_91,s2.745688029499754,s1.774556295612281,s216.463539674037094
126_92,s0.266939980685459,s2.025134387283390,s36.259508127463256
126_93,s2.025085223093510,s-0.893790926813055,s216.380646132477210
126_94,s0.690309552432964,s1.895561451553411,s216.259508956779911
126_95,s2.956954171968027,s-0.753015001339856,s36.380441528802216
126_96,s2.371041739134999,s2.006327761738060,s36.259511636083836
126_97,s1.387928186248056,s1.889115632720030,s216.259510801013363
126_98,s2.749300641805075,s0.886751839379865,s216.463540788476365
126_99,s2.894513039521208,s2.776822333823414,s209.311985500818821
126_100,s-0.452720934320755,s2.033584936844394,s36.259504284250774
126_101,s0.161069691847754,s1.163494182517989,s36.259508820720420
126_102,s0.976650344843155,s2.018541070110408,s36.259509335543079
126_103,s-2.957153145544352,s1.944322002750690,s216.266480603619357
126_104,s2.711607320498512,s-2.682441995873670,s216.341773453218394
126_105,s2.956824503837350,s1.033963126816144,s36.447503603887846
126_106,s2.021241695596308,s0.001588651423693,s216.462138635345184
126_107,s-0.097447415396900,s0.086834958366716,s216.374280075055253
126_108,s-0.767160541262695,s0.129034465986203,s216.455703869804609
126_109,s2.085478818883627,s1.883114574202512,s216.259591873509748
126_110,s-0.570520435648412,s1.173151793961595,s36.259504655756793
126_111,s-0.040151980319025,s1.014556514595131,s216.369393560321186
126_112,s-0.785823165457707,s-3.379334309866793,s36.342913119582740
126_113,s1.401195283921994,s-3.379334007532138,s36.341746350219218
126_114,s-2.956983582744807,s0.153099718242232,s216.363560046789132
126_115,s-2.026450018374587,s0.294191709227793,s36.367508875253499
126_116,s-2.188399140785890,s-3.379334319594121,s36.342931731104706
126_117,s0.659108416830545,s-3.379334012724719,s36.341745015267897
126_118,s-0.691121639174611,s-2.493488078893751,s36.343005408554667
126_119,s0.784254104654087,s2.779333359541848,s216.259507879593315
126_120,s-2.956764301329674,s-1.634991051109553,s216.480014090291974
126_121,s0.646144381866953,s0.985342826419076,s216.369393624354188
126_122,s2.957021546160505,s-3.379334018058942,s36.341766791982117
126_123,s1.936763482466374,s-2.660155990453270,s216.341745670121270
126_124,s2.971780131192376,s1.924360228276370,s29.311985281992445
126_125,s-1.489755945001164,s-3.379334318079856,s36.342930451862891
127_0,s2.113777849026080,s0.566335796961204,s248.135164803098007
127_1,s-0.225584406859139,s2.179265580967878,s248.303253646183066
127_2,s-0.454409241761863,s-0.578762272190428,s68.581394328020068
127_3,s2.116395075892796,s-3.204092992027839,s248.317845619821895
127_4,s-0.447208522907516,s-1.655770772455296,s68.588838001982509
127_5,s-0.439715836476662,s-2.732754811943551,s68.598602031402336
127_6,s-2.527953718456466,s0.017594030125463,s248.586622736472691
127_7,s-1.381066775517995,s2.182335358911361,s248.144536272075669
127_8,s0.718043858859766,s-2.194951130808415,s68.344857143146768
127_9,s-0.467036675843327,s1.574231759646265,s68.194087191021737
127_10,s-3.005852832546999,s-3.342437827030594,s-17.478355709522543
127_11,s-0.467416194868183,s2.114044920719806,s68.154763201690926
127_12,s1.875083133133096,s-3.269608225950023,s68.325720551076657
127_13,s1.873972321091880,s-2.731133024496153,s68.309522836812349
127_14,s-2.968237430961167,s-1.049418954357416,s155.733863144341825
127_15,s-3.029332910443869,s1.448596637334146,s695.004899857291207
127_16,s0.957114579399333,s-0.513056261364309,s248.255431757911680
127_17,s-2.977913877629978,s0.076973505260997,s154.553535446152864
127_18,s-1.352734496053527,s-3.204841814860700,s248.504542182740920
127_19,s0.716108680561281,s-1.117871067015809,s68.362828364922876
127_20,s0.958535915949032,s0.564465038211674,s248.090304854487101
127_21,s3.025785311785204,s1.585527505865781,s68.117477234869639
127_22,s0.957477393943972,s0.025958476787607,s248.084075262913132
127_23,s0.962031287706961,s-3.205874498180154,s248.322424784419667
127_24,s-2.965283033857049,s2.520336670831381,s-1636.928333312914219
127_25,s-2.532274419145621,s1.636771515297543,s248.161647964276739
127_26,s2.115315433918040,s-2.665550396383707,s248.309187542410911
127_27,s3.029288293126423,s-3.267514992547250,s68.319109486367026
127_28,s-0.200882144504743,s-1.591106857750769,s248.600058996721316
127_29,s-2.511847234335377,s-3.214703614894955,s-7671.651582438940750
127_30,s-0.219235908659824,s1.101458671433096,s248.590119171910061
127_31,s0.711244250538380,s0.496786592790645,s68.045409900387554
127_32,s0.710351166494172,s2.118912932845034,s70.559440121209562
127_33,s0.960612812879879,s1.103461714913609,s248.055325089840011
127_34,s0.720464593084082,s-3.271719551676334,s68.439428616199336
127_35,s-0.465207831868583,s1.036778523791640,s68.579448432591036
127_36,s0.969142154748946,s2.185663935834980,s247.895275500225381
127_37,s-2.517183602843121,s-1.597961147351302,s248.579528798387457
127_38,s2.114275080096451,s-2.127015982106767,s2408.309475526897131
127_39,s-1.356210328179248,s-2.666333044707325,s248.604373212893364
127_40,s-2.510083037434742,s-2.674942355618977,s248.564955098752591
127_41,s0.964156095648145,s1.642924544597959,s248.034561086247464
127_42,s-0.195835028936731,s-2.667239977045990,s248.277153030233194
127_43,s2.113102688022762,s-0.510932121227375,s248.197558074655433
127_44,s1.870983072925506,s-0.038820214246668,s68.207785979131188
127_45,s-1.608204589652263,s-1.117304543416146,s1148.584289186308979
127_46,s3.026919215077146,s1.040312579431205,s68.119174919384548
127_47,s1.872028729805832,s-1.654202699342303,s68.272694857398903
127_48,s-1.622515441235223,s1.036772615423784,s68.581701923146440
127_49,s0.719011684337823,s-2.733697336576753,s68.261074731766314
127_50,s2.116631343461371,s1.644035650969906,s248.117012723081388
127_51,s-0.195032078093665,s-3.205840246598427,s248.299012878732157
127_52,s3.029571391103981,s2.122459998334940,s67.413381760000675
127_53,s1.866394167996334,s2.151299406804968,s67.889007742361542
127_54,s-0.208137325187401,s-0.513906111293124,s248.532466359912775
127_55,s0.711141968773942,s-0.040969629164121,s68.320542998469307
127_56,s2.111306915102144,s2.213661547501574,s247.016123546424836
127_57,s-3.027416476329886,s0.322047695992560,s334.547157361976815
127_58,s-2.531522212146150,s0.556149102422154,s248.576859683217890
127_59,s-2.539259787021184,s2.193409195297072,s608.097123956997507
127_60,s1.872307536873280,s1.038073403945564,s68.063841241435853
127_61,s1.871070526030139,s0.499604747585694,s68.172309083069877
127_62,s-1.594023462528696,s-3.271368885405464,s68.584872470179505
127_63,s0.441149346559113,s2.671718278229162,s66.370622269343556
127_64,s0.957994072009269,s-1.051808012580881,s248.333866851397147
127_65,s-1.622633576877167,s2.117598295096332,s68.119729744029215
127_66,s-2.967177252569742,s-2.281454513993634,s161.331767725900363
127_67,s2.115043424537125,s1.105152513246119,s248.119325848281250
127_68,s0.959921556224032,s-2.128809994894654,s248.314798395970001
127_69,s3.028174336447556,s-2.729004025578581,s68.316468940503569
127_70,s3.027103675997139,s-2.190503349806095,s68.309095694922533
127_71,s3.026275265463407,s-1.652103490722535,s68.265055332031238
127_72,s1.871418771185809,s-1.115728859297312,s68.255187458790630
127_73,s-1.374378025738722,s0.026357020905860,s248.578517075287948
127_74,s-2.513607528853009,s-2.136483857862217,s248.582332895667520
127_75,s2.184227808235014,s2.659226021830185,s-3528.138879745577469
127_76,s2.113624770105448,s-1.588299460415366,s248.264184783399912
127_77,s-1.601065865600768,s-2.194351960083536,s68.580685808245804
127_78,s-2.978669082467157,s1.202277405483506,s154.547055547534569
127_79,s0.717102105360131,s-1.656698338349694,s68.249538427807863
127_80,s-0.223114385903320,s1.639853764878596,s248.630836264244579
127_81,s3.029445056777007,s2.665466754241170,s69.069284626012845
127_82,s-2.535109987804157,s1.094760257411057,s248.579447067998530
127_83,s0.959017089894097,s-1.590184694380255,s248.278952939200423
127_84,s1.871086143850318,s-0.577328088683811,s68.211354714759551
127_85,s-0.447890091306244,s2.639804641126409,s63.854171693606844
127_86,s-1.604631105231928,s-1.655835232333134,s68.578975413633003
127_87,s-1.381577490956546,s1.643705715110456,s248.164266360960966
127_88,s3.025634082678714,s-0.036739644569768,s1148.183809801182406
127_89,s-1.611804906726169,s-0.578796682729627,s68.581958672608280
127_90,s3.025461108247518,s-0.575274693570001,s68.183390210571474
127_91,s0.713781634015442,s1.034627062780892,s67.802841753790631
127_92,s-0.204673840169586,s-1.052614457687983,s248.604639977733285
127_93,s-1.623034222087763,s1.578860963843762,s68.161841290494365
127_94,s-0.436708332732114,s-3.271688539073564,s-1371.554869495853609
127_95,s-1.237982691186644,s2.587158598968046,s-2449.064201942742784
127_96,s-1.370793015576832,s-0.512162662079020,s248.581611914657799
127_97,s-1.381535318984179,s1.103384023063845,s248.579451549853019
127_98,s2.113071566784634,s-1.049736930357469,s248.254450217481804
127_99,s1.872917737268147,s-2.192609431655697,s68.312343629165639
127_100,s-3.027453876664028,s-1.941462415208178,s335.746002468664244
127_101,s2.113252301171057,s0.027667384418621,s248.169223748743775
127_102,s3.025683593311563,s-1.113594097922961,s68.258636355682825
127_103,s-1.615366445722423,s-0.040266313128823,s68.583216871000332
127_104,s-2.524351949913857,s-0.520905112446708,s248.580057711490213
127_105,s-0.197610100730468,s-2.129315232451795,s248.490869998046463
127_106,s0.886533747294200,s2.641255283559531,s-1526.463133279130261
127_107,s0.718329788074855,s1.572617679424897,s67.619304782853959
127_108,s-1.359969877415302,s-2.127746495009027,s248.595153812218541
127_109,s-0.458016986268104,s-0.040244743197101,s68.582722983207844
127_110,s-2.645495208441266,s2.619543255018012,s14333.255005125034586
127_111,s-1.618946073777177,s0.498241045309849,s68.579692341388267
127_112,s-1.377957180955015,s0.564862912392888,s248.580734654754593
127_113,s-0.450815704563520,s-1.117276494334934,s68.580276800192607
127_114,s0.960962492198774,s-2.667305012850375,s248.302847427383028
127_115,s-0.215505057609013,s0.562923533411126,s248.601458884447766
127_116,s1.874790820513719,s1.579401843307431,s68.034541936293493
127_117,s-3.020824279275776,s-0.801241247425987,s334.556866439147768
127_118,s-1.367206052174420,s-1.050661239911552,s248.579109146470444
127_119,s0.713562020355050,s-0.578754739550498,s68.583290129295833
127_120,s-2.520790398817252,s-1.059446046080388,s-1191.416565588146113
127_121,s-0.443480758291322,s-2.194240232858439,s68.601456676559920
127_122,s-0.211662967722434,s0.024385574118831,s248.613555231418417
127_123,s-0.461617997167593,s0.498255277292070,s68.580828915530518
127_124,s-1.597573361063558,s-2.732911228738681,s68.567515260068205
127_125,s3.025959172555763,s0.501729126589690,s68.156478279391791
127_126,s-1.363608484295676,s-1.589190440793841,s248.586133519739064
128_0,s3.053150816129059,s-2.810716234138145,s65.708387074397933
128_1,s-3.035692325645103,s-2.675318650308260,s-4707.088782075336894
128_2,s-0.426512532934361,s-0.656795400404329,s65.642813796085946
128_3,s-2.499708054446505,s0.483723347986605,s245.707298149063547
128_4,s2.133260473063311,s2.637734085401982,s245.691974386273614
128_5,s-1.339625411800927,s-3.285036093253564,s-1554.776115873948811
128_6,s-0.426606655976052,s-0.118394255851473,s65.597944033094251
128_7,s-2.500831665571416,s1.022201866167889,s245.759810811196473
128_8,s-1.338001941543560,s-2.208912902692661,s245.634254191212392
128_9,s-3.019382941909784,s0.783764593934580,s327.701465604642920
128_10,s2.135871869987917,s-0.054962345825918,s245.713233585519333
128_11,s-1.337901985727154,s-2.747604508031741,s245.654589651149706
128_12,s0.731767160773689,s-2.272589044102756,s65.602305372087088
128_13,s-1.587476425514822,s2.574027024422216,s65.138051723847127
128_14,s-2.975792310585204,s2.735878236301790,s151.911787095739129
128_15,s-0.425380656040757,s-2.810942976445679,s65.636359560352105
128_16,s-1.340061775780202,s1.560812921080131,s245.642007961740376
128_17,s0.976133424172783,s2.637900413425974,s245.618341742732980
128_18,s1.889035878123334,s1.497124194578312,s65.639218933712314
128_19,s1.890255232521896,s-1.734081198240560,s65.611366515984543
128_20,s-0.180639000748077,s-2.208711636232101,s245.637881067084521
128_21,s-0.180690933072347,s-1.131556200200977,s245.593531608883808
128_22,s-0.425918495549134,s-1.733873218321817,s65.640680240164713
128_23,s3.048748013275971,s1.498190743128194,s65.809357773062189
128_24,s3.050392810063396,s2.039698875538624,s66.107937601617436
128_25,s-1.585715452628595,s-0.656548303918479,s65.673766193795203
128_26,s0.733601285917589,s2.573324411478220,s65.310383449685972
128_27,s3.050157427014240,s0.959299899591548,s65.716726770597262
128_28,s-0.427511015618124,s1.497518520735314,s65.665935912450493
128_29,s-1.338577184021492,s-1.131897799889200,s245.656040407053922
128_30,s-1.589540191586535,s2.036718485294824,s65.646524624771018
128_31,s-3.018113475881909,s-0.337285014251676,s-2190.279800247144976
128_32,s0.976076430479707,s-3.284869131352943,s245.218665122387961
128_33,s-0.180852436496120,s-0.054794641043679,s245.691897485406656
128_34,s3.050862833587904,s-1.195279205539109,s65.646052682661264
128_35,s0.977609671704755,s-2.747578719344290,s245.668247316896554
128_36,s-0.426758954184937,s0.420368347125379,s65.668110087508651
128_37,s-0.180965046219345,s1.022437747820748,s245.619321160118346
128_38,s2.137790048568650,s-1.670905003095432,s-114.237305093455660
128_39,s-1.338968104572918,s-0.054756286824712,s245.628723468648644
128_40,s0.731748248271372,s-1.734019727795197,s65.621487924736215
128_41,s-2.503689190852413,s2.099252172738779,s-474.209074297477571
128_42,s-0.182473876473450,s-3.284887610258047,s245.303052108093141
128_43,s-2.497705256618720,s-2.749202344152920,s245.822005751277544
128_44,s-1.583688927968628,s-3.349339612811987,s65.693748013082555
128_45,s2.138182678575225,s-3.284692020574375,s244.986833109792713
128_46,s-0.425644630302083,s-2.272404015508562,s65.640025966512070
128_47,s0.976738213325173,s1.560789307304731,s245.644695660840313
128_48,s0.978131872308211,s-1.131744419107298,s245.618607265680282
128_49,s2.134469460167127,s1.022216996047417,s245.677662351073224
128_50,s2.134004484981606,s1.560833147594629,s245.641685960101171
128_51,s-0.181452753743334,s2.637506559823567,s245.793064842036102
128_52,s0.977994480484224,s-1.670176210907116,s245.572528760782546
128_53,s-2.956240912719832,s-0.624780545271444,s149.937568472127708
128_54,s0.731838452385648,s-0.657194025267020,s65.545991072898090
128_55,s2.136538373933156,s-0.593329351462645,s245.645717705172899
128_56,s-0.181066523767521,s0.484038692113874,s245.576719600319933
128_57,s-1.584215012773301,s-2.272438083772661,s65.637240699640657
128_58,s-1.587840548254166,s0.959588047184454,s65.699388841721259
128_59,s3.051711933296088,s-1.733511664240479,s65.752157731510351
128_60,s2.140398635504172,s-2.748084422077960,s245.743656702217436
128_61,s-0.427188332993254,s0.958861399650342,s65.639574705122513
128_62,s-2.498120695333666,s-2.209938370525976,s245.788404954270533
128_63,s-1.338828832567245,s-0.593277437536483,s245.623006308860624
128_64,s0.976371034299168,s2.099284565661204,s245.652812671157307
128_65,s-1.584096065349313,s-2.811038072172468,s65.611269471583682
128_66,s-1.585199321788996,s-1.195232574860153,s65.670683863693768
128_67,s0.732003111267950,s-0.118410327860245,s65.642325766904207
128_68,s0.977595139652799,s-2.208708744836507,s245.569539971776436
128_69,s2.135083940328571,s0.483698284074468,s245.673275734195329
128_70,s-1.339466286630436,s0.483599007961946,s245.696721050783822
128_71,s1.888716665244661,s2.035673126062328,s65.649191765590885
128_72,s-1.340436423508125,s2.099300050711400,s245.657190690073463
128_73,s1.893410442887835,s-3.349079716522371,s65.812960437997830
128_74,s0.976860193676598,s1.022391043949870,s245.600153320134240
128_75,s-0.427970958135685,s2.036165823321886,s65.686933159732206
128_76,s3.050655249264862,s-0.656777913363968,s65.625499103692746
128_77,s0.731597663001875,s-2.811162920630214,s65.581456772099415
128_78,s0.977012055600371,s0.483716581370116,s245.654528559000966
128_79,s0.731622413148943,s-1.195494966996941,s65.624498766844042
128_80,s-0.180569962078934,s2.099502488058123,s245.607703833118791
128_81,s-3.012263275334222,s1.882207470574436,s329.507788442493222
128_82,s2.136963737711946,s-1.131961417872406,s245.657140524695251
128_83,s-1.341281394369132,s2.637589747672970,s245.740794768064291
128_84,s-1.339880337651339,s1.022347335289654,s245.618235995937823
128_85,s-0.180827899141294,s-2.747072384814290,s245.562204727742596
128_86,s1.889446746081599,s0.420151524527594,s65.665738512748831
128_87,s-1.586903460892928,s0.420664577487401,s65.694413739583695
128_88,s-1.586225908667094,s-0.117964646492030,s65.667886107550260
128_89,s-3.054128679191802,s-1.518840468102611,s331.168953771360293
128_90,s3.048674158130328,s2.587024572631601,s65.882275670277409
128_91,s-2.507738817852177,s2.636406335874698,s-833.716039689530135
128_92,s3.050589392848454,s0.420440205314463,s65.623010809158828
128_93,s3.050563520379509,s-0.118235479779863,s65.612749554915766
128_94,s1.889768560560576,s-0.118481989214933,s65.624125501050486
128_95,s1.891798575688928,s-2.810743135052524,s65.747693014595569
128_96,s2.133753697404951,s2.099378763467154,s245.631482957929961
128_97,s0.731908177427211,s0.419980361545937,s65.595966065861489
128_98,s-2.953931968132086,s0.503374376822894,s149.298709219400649
128_99,s-2.502199928377372,s1.560830182235968,s245.746082842911221
128_100,s1.890706242257451,s-2.272351215317292,s65.702615940349290
128_101,s1.890305836789692,s-0.656771356905323,s65.706802794394804
128_102,s1.890248786940084,s2.573060272449687,s65.233283117230599
128_103,s-0.425800807100756,s2.572923453091701,s65.047181214629020
128_104,s-0.425156647341677,s-3.349472304476524,s65.636343687011703
128_105,s-2.498641450397098,s-1.670784166464326,s245.682306078818129
128_106,s1.890492978944838,s-1.195703378783613,s65.557631143659549
128_107,s3.052548254737239,s-2.272326327193251,s65.650534628771439
128_108,s-1.588816216022347,s1.498256113521602,s65.732196193006857
128_109,s-2.558832739874204,s-3.332584420294249,s245.492928055719688
128_110,s-2.499050776048076,s-0.593421801443811,s245.671511345799956
128_111,s-2.498872886484977,s-1.131929984275081,s245.622932260306754
128_112,s0.732066467617983,s-3.349262957555199,s65.732299522200776
128_113,s-0.180767817374279,s-1.670117420110362,s245.609776327851336
128_114,s-1.584642678221317,s-1.733755535354325,s65.682845557949932
128_115,s-2.967713118159693,s-2.934386648436924,s154.102757128844388
128_116,s-0.180786687607632,s1.561107164798958,s245.563761187905158
128_117,s-0.426202427334392,s-1.195321720002726,s65.645937404514100
128_118,s0.731841016461352,s2.035383158876207,s65.535384408100995
128_119,s1.889170823023919,s0.958524051245247,s65.611282918040729
128_120,s0.731736168757800,s0.958683529671051,s65.662359362340595
128_121,s0.977633535062255,s-0.593460295609406,s245.705102638518753
128_122,s-0.180532415069287,s-0.593035249134290,s245.591901153012657
128_123,s-1.338237310569794,s-1.670384406884331,s245.637798060348672
128_124,s0.977216193363091,s-0.054672414094476,s245.607485021150978
128_125,s-2.499175270469093,s-0.054633390479963,s245.629612274418179
128_126,s0.731487169274518,s1.497056555848753,s65.608259882872517
128_127,s2.139198881365316,s-2.209503999046323,s-474.248647576429164
129_0,s-0.349954313067642,s-1.627992093914003,s336.899554578710422
129_1,s0.726402825479050,s1.867632374600593,s336.758587697691382
129_2,s1.803231695167501,s1.868608548660867,s336.683347207569000
129_3,s1.803980591155307,s-1.619505728308443,s336.856807263703672
129_4,s1.265218578183575,s-0.457752426152396,s336.842195177137683
129_5,s2.342422388400589,s-1.617741304062882,s336.830700446984622
129_6,s0.250181755956631,s1.615257136838543,s156.814249202710613
129_7,s-0.288273033648525,s-0.714906209479472,s156.894121055641335
129_8,s-0.350411466526639,s0.700678439280384,s336.834380133468187
129_9,s0.188124878263697,s0.702386555622712,s336.842375959903507
129_10,s0.727027637816691,s-1.623528959096568,s336.883586438649616
129_11,s-1.902734803937882,s-1.881704648628318,s156.505720083720206
129_12,s0.728732073647478,s-2.788706108485758,s336.936279481090139
129_13,s2.342143033914766,s-0.454358029633131,s336.804025327573470
129_14,s2.404444438169291,s1.619107391292814,s156.746911252885326
129_15,s2.345552796573362,s-2.782772485399728,s337.041874458232598
129_16,s-3.042460043470629,s0.689591160897460,s337.021596219287346
129_17,s-0.288327385789878,s0.449582042909934,s156.881184995435461
129_18,s-0.888790107169733,s-2.793323635990046,s-743.177081292922594
129_19,s2.341926008584317,s0.706876174241488,s336.741624503049138
129_20,s-2.444983367889269,s2.770849625330646,s157.014568377967294
129_21,s2.404329563995078,s-1.869091117768741,s156.882975489321780
129_22,s1.264898827422058,s0.705318269508059,s336.749676380447852
129_23,s1.327564736292021,s2.780804760797865,s156.721911803228039
129_24,s-1.903631713563992,s-0.720499073358314,s156.828432342464225
129_25,s-0.888810962141543,s0.698804853008968,s336.875825342795792
129_26,s1.327274159634060,s0.455293007626352,s156.861496477189093
129_27,s-0.826998576060815,s1.611763642835811,s156.868383642412084
129_28,s2.878332952560763,s0.704203749651595,s335.974900916143952
129_29,s-1.427256784635347,s-0.467859138630486,s336.874359669437865
129_30,s-1.365363412799172,s0.445253780647554,s156.883314425307589
129_31,s1.265505192346615,s-1.621455159053913,s336.870534075691921
129_32,s0.726755808219475,s-0.459587829076183,s336.860685069181727
129_33,s1.327221399337161,s-1.873594784487210,s156.913526173074757
129_34,s-1.427295366340410,s0.696692200875290,s336.886567215803552
129_35,s-3.025731497764115,s2.769980858280650,s-12441.893101086496245
129_36,s3.028176380168577,s-3.206627514387415,s75.189619143902291
129_37,s-1.965843332183769,s1.859295740420426,s336.877059998157961
129_38,s2.942559445600930,s-0.702623755513986,s156.981959653435496
129_39,s-1.905874012563756,s2.773549567015279,s156.929642603567657
129_40,s-0.888679670811877,s-0.465703803054979,s336.897940921275563
129_41,s1.803380372983662,s0.706134343808889,s336.736842132915513
129_42,s2.942851344089925,s0.459829617968535,s156.851108940035346
129_43,s-0.826572854596734,s-1.880626134513470,s156.820636086436167
129_44,s1.327348750340649,s-0.708522149026797,s156.863267568060735
129_45,s-2.504601855985521,s-2.795326645805737,s336.908290084588771
129_46,s-0.827756301339834,s2.776200628104001,s156.843745163729039
129_47,s0.788674730518580,s1.616779759654098,s156.822751159136118
129_48,s-2.442591694013148,s1.605392705951539,s156.886594161162577
129_49,s1.865785764567464,s-1.871271773770662,s156.894373611302967
129_50,s2.404915274604396,s2.781742429148315,s156.735105317289850
129_51,s1.865901767227421,s-0.706648421421596,s156.848819561180818
129_52,s-1.965724047851439,s-1.633213227306942,s336.817724254296422
129_53,s0.788767749254775,s0.453382249287373,s156.858210912451625
129_54,s-1.504059765837313,s-3.216129251207087,s242.939039014255940
129_55,s2.877927791381022,s-0.457396557918652,s335.825998462167604
129_56,s-1.427407613918443,s1.861240064799317,s336.848766602415424
129_57,s-2.504340053997483,s0.692376570779157,s336.879942927124432
129_58,s2.877957060172549,s-1.620932083473621,s335.763732909893406
129_59,s-0.356005213156135,s-3.214460628494255,s243.869228089766096
129_60,s-1.366407066063648,s2.774454986188080,s156.825454626672439
129_61,s2.340701134663314,s1.867140675486913,s336.304565121182293
129_62,s-0.826873072437685,s0.447425816021926,s156.891625029205557
129_63,s-2.977803729186940,s0.444061269691174,s155.770686653450184
129_64,s0.726597271129270,s0.704065319192851,s336.827285614061623
129_65,s-2.978564649905880,s-1.877995578890053,s-923.924714932892357
129_66,s-0.888663438597193,s-1.629932118016747,s336.828782176402001
129_67,s1.327528631799996,s1.617744988418447,s156.700308760751142
129_68,s0.250281499239653,s0.451534219351151,s156.847850149984566
129_69,s0.250180457700254,s-1.878579542065821,s156.920540952902343
129_70,s-0.888852022679232,s1.863116050589586,s336.863915788477755
129_71,s-1.966701084838006,s-2.794111807933355,s336.643792229274538
129_72,s1.803756710156674,s-0.455969797749750,s336.850603386721218
129_73,s-0.350272496639904,s1.865174374402183,s336.887809324549835
129_74,s0.189757237717337,s-2.791414836192273,s336.917925149484688
129_75,s-1.365561263076982,s1.609693536990054,s156.886162613629040
129_76,s1.267205646738280,s-2.786146301567027,s336.922054785561158
129_77,s-3.042427730937462,s1.854330850659240,s337.035904001406038
129_78,s-0.288419491277223,s1.613641130618798,s156.844892134841331
129_79,s-3.042769884230168,s-0.473945710719638,s336.883386094171726
129_80,s-1.364918261232922,s-1.881889671190769,s156.759099703956025
129_81,s0.549592017573862,s-3.308834693277539,s64.138336331329100
129_82,s-1.427634933212687,s-2.794323916732405,s336.750736931795132
129_83,s1.264745923559208,s1.868301870722903,s336.694718246664024
129_84,s-2.504290713598129,s-0.471867761658027,s336.871299632991338
129_85,s-0.350201377348694,s-0.463489616028546,s336.885733179211570
129_86,s-1.761800229277557,s-3.291572073110288,s63.011613751950527
129_87,s2.039965830243041,s-3.194613641631304,s247.681018455864404
129_88,s-2.442368289577153,s0.441107878720417,s156.872979052947386
129_89,s-1.965800933564490,s0.694517350285677,s336.889206316946115
129_90,s1.865908856732509,s0.457007697400912,s156.818692924000175
129_91,s-0.826685189420335,s-0.716974414531430,s156.857707904777385
129_92,s1.865956396595522,s1.618308872240002,s156.736122046820242
129_93,s2.878737962823567,s1.863069103433092,s336.135253080920052
129_94,s-1.365161801600287,s-0.718805328311264,s156.844367164719273
129_95,s-0.349872829544295,s-2.792247482575289,s336.707569563841218
129_96,s0.250237350665170,s-0.712669837519047,s156.894648495961576
129_97,s0.788675149922572,s-1.876069280486309,s156.926365714755519
129_98,s0.249968632001191,s2.779454941489427,s156.760043871657302
129_99,s-1.903859420163282,s0.443156415561739,s156.875794170486699
129_100,s-0.606871586902883,s-3.281469568477617,s64.049532382925207
129_101,s2.919477501017274,s-2.774694380516812,s335.119592318817240
129_102,s-2.441774752165768,s-0.721502107181680,s156.693414391949091
129_103,s-1.904070718321323,s1.607541254154620,s156.884520203656365
129_104,s2.943137589778588,s1.619582725733876,s156.724656074243484
129_105,s-0.287610738990062,s-1.879870971557520,s156.658564931918477
129_106,s0.188550064060276,s-1.625724103764736,s336.896445922065709
129_107,s0.788455604316472,s2.780446230493398,s156.803899824396183
129_108,s1.790166489307866,s-3.278095583312298,s69.077262131808965
129_109,s2.941072841937975,s2.786488553938261,s157.615139391966380
129_110,s-1.427148655470141,s-1.631602276813903,s336.839404620141750
129_111,s-3.043014855703367,s-1.634184369004355,s336.774552571817594
129_112,s-2.928798973470210,s-3.193781138610686,s238.129542053037369
129_113,s1.805804057790589,s-2.783861586372509,s336.921173214849375
129_114,s2.942529296926366,s-1.866417090033699,s156.995408892679308
129_115,s0.788801605487276,s-0.710522737820914,s156.875749116820174
129_116,s0.188225224371365,s-0.461476751903127,s336.854483925422926
129_117,s-2.977836655116033,s1.608528492942561,s155.715229782821410
129_118,s-2.504341644908942,s1.857197050331135,s336.882355472261224
129_119,s-1.965790817499160,s-0.469869698513367,s336.866625276116565
129_120,s2.404536887550716,s0.458333874774515,s156.778045840963472
129_121,s1.866218711177422,s2.781275539418288,s156.744304843783624
129_122,s2.404485023429368,s-0.704962700313874,s156.823615658898888
129_123,s-0.289370564117985,s2.778153884698265,s156.915519435521588
129_124,s0.187860992416706,s1.866718208225517,s336.749219195283160
129_125,s-2.978215911184942,s-0.718482826385209,s-204.050729290569535
129_126,s0.851446080880711,s-3.217461829864491,s-834.408715248254111
129_127,s-2.441564222319679,s-1.880804411878154,s156.619696216786650
129_128,s-2.504817800894299,s-1.633650068902642,s336.653809794810741
130_0,s-0.349954313067642,s-1.627992093914003,s336.990157098504028
130_1,s0.726402825479050,s1.867632374600593,s336.849190217484988
130_2,s1.803231695167501,s1.868608548660867,s336.773949727362606
130_3,s1.803980591155307,s-1.619505728308443,s336.947409783497278
130_4,s1.265218578183575,s-0.457752426152396,s336.932797696931289
130_5,s2.342422388400589,s-1.617741304062882,s336.921302966778228
130_6,s0.250181755956631,s1.615257136838543,s156.904851722504219
130_7,s-0.288273033648525,s-0.714906209479472,s156.984723575434941
130_8,s-0.350411466526639,s0.700678439280384,s336.924982653261793
130_9,s0.188124878263697,s0.702386555622712,s336.932978479697113
130_10,s0.727027637816691,s-1.623528959096568,s336.974188958443222
130_11,s-1.902734803937882,s-1.881704648628318,s156.596322603513812
130_12,s0.728732073647478,s-2.788706108485758,s337.026882000883745
130_13,s2.342143033914766,s-0.454358029633131,s336.894627847367076
130_14,s2.404444438169291,s1.619107391292814,s156.837513772678932
130_15,s2.345552796573362,s-2.782772485399728,s337.132476978026205
130_16,s-3.042460043470629,s0.689591160897460,s337.112198739080952
130_17,s-0.288327385789878,s0.449582042909934,s156.971787515229067
130_18,s-0.888790107169733,s-2.793323635990046,s-1103.086478773129102
130_19,s2.341926008584317,s0.706876174241488,s336.832227022842744
130_20,s-2.444983367889269,s2.770849625330646,s157.105170897760900
130_21,s-3.041207070483130,s-2.800969983917811,s337.677637421691884
130_22,s2.404329563995078,s-1.869091117768741,s156.973578009115386
130_23,s1.264898827422058,s0.705318269508059,s336.840278900241458
130_24,s1.327564736292021,s2.780804760797865,s156.812514323021645
130_25,s-1.903631713563992,s-0.720499073358314,s156.919034862257831
130_26,s-0.888810962141543,s0.698804853008968,s336.966427862589399
130_27,s1.327274159634060,s0.455293007626352,s156.952098996982699
130_28,s-0.826998576060815,s1.611763642835811,s156.958986162205690
130_29,s2.878332952560763,s0.704203749651595,s336.065503435937558
130_30,s-1.427256784635347,s-0.467859138630486,s336.964962189231471
130_31,s-1.365363412799172,s0.445253780647554,s156.973916945101195
130_32,s1.265505192346615,s-1.621455159053913,s336.961136595485527
130_33,s0.726755808219475,s-0.459587829076183,s336.951287588975333
130_34,s1.327221399337161,s-1.873594784487210,s157.004128692868363
130_35,s-1.427295366340410,s0.696692200875290,s336.977169735597158
130_36,s-3.025731497764115,s2.769980858280650,s-12801.802498566701615
130_37,s3.028176380168577,s-3.206627514387415,s75.280221663695897
130_38,s-1.965843332183769,s1.859295740420426,s336.967662517951567
130_39,s2.942559445600930,s-0.702623755513986,s157.072562173229102
130_40,s-1.905874012563756,s2.773549567015279,s157.020245123361263
130_41,s-0.888679670811877,s-0.465703803054979,s336.988543441069169
130_42,s1.803380372983662,s0.706134343808889,s336.827444652709119
130_43,s2.942851344089925,s0.459829617968535,s156.941711459828952
130_44,s-0.826572854596734,s-1.880626134513470,s156.911238606229773
130_45,s1.327348750340649,s-0.708522149026797,s156.953870087854341
130_46,s-2.504601855985521,s-2.795326645805737,s336.998892604382377
130_47,s-0.827756301339834,s2.776200628104001,s156.934347683522645
130_48,s0.788674730518580,s1.616779759654098,s156.913353678929724
130_49,s-2.442591694013148,s1.605392705951539,s156.977196680956183
130_50,s1.865785764567464,s-1.871271773770662,s156.984976131096573
130_51,s2.404915274604396,s2.781742429148315,s156.825707837083456
130_52,s1.865901767227421,s-0.706648421421596,s156.939422080974424
130_53,s-1.965724047851439,s-1.633213227306942,s336.908326774090028
130_54,s0.788767749254775,s0.453382249287373,s156.948813432245231
130_55,s-1.504059765837313,s-3.216129251207087,s243.029641534049546
130_56,s2.877927791381022,s-0.457396557918652,s335.916600981961210
130_57,s-1.427407613918443,s1.861240064799317,s336.939369122209030
130_58,s-2.504340053997483,s0.692376570779157,s336.970545446918038
130_59,s2.877957060172549,s-1.620932083473621,s335.854335429687012
130_60,s-0.356005213156135,s-3.214460628494255,s-116.040169390440298
130_61,s-1.366407066063648,s2.774454986188080,s156.916057146466045
130_62,s2.340701134663314,s1.867140675486913,s336.395167640975899
130_63,s-0.826873072437685,s0.447425816021926,s156.982227548999163
130_64,s-2.977803729186940,s0.444061269691174,s155.861289173243790
130_65,s0.726597271129270,s0.704065319192851,s336.917888133855229
130_66,s-2.978564649905880,s-1.877995578890053,s-1283.834112413098865
130_67,s-0.888663438597193,s-1.629932118016747,s336.919384696195607
130_68,s1.327528631799996,s1.617744988418447,s156.790911280544748
130_69,s0.250281499239653,s0.451534219351151,s156.938452669778172
130_70,s0.250180457700254,s-1.878579542065821,s157.011143472695949
130_71,s-0.888852022679232,s1.863116050589586,s336.954518308271361
130_72,s-1.966701084838006,s-2.794111807933355,s336.734394749068144
130_73,s1.803756710156674,s-0.455969797749750,s336.941205906514824
130_74,s-0.350272496639904,s1.865174374402183,s336.978411844343441
130_75,s0.189757237717337,s-2.791414836192273,s337.008527669278294
130_76,s-1.365561263076982,s1.609693536990054,s156.976765133422646
130_77,s1.267205646738280,s-2.786146301567027,s337.012657305354765
130_78,s-3.042427730937462,s1.854330850659240,s337.126506521199644
130_79,s-0.288419491277223,s1.613641130618798,s156.935494654634937
130_80,s-3.042769884230168,s-0.473945710719638,s336.973988613965332
130_81,s-1.364918261232922,s-1.881889671190769,s156.849702223749631
130_82,s0.549592017573862,s-3.308834693277539,s64.228938851122706
130_83,s-1.427634933212687,s-2.794323916732405,s336.841339451588738
130_84,s1.264745923559208,s1.868301870722903,s336.785320766457630
130_85,s-2.504290713598129,s-0.471867761658027,s336.961902152784944
130_86,s-0.350201377348694,s-0.463489616028546,s336.976335699005176
130_87,s-1.761800229277557,s-3.291572073110288,s63.102216271744140
130_88,s2.039965830243041,s-3.194613641631304,s247.771620975658010
130_89,s-2.442368289577153,s0.441107878720417,s156.963581572740992
130_90,s-1.965800933564490,s0.694517350285677,s336.979808836739721
130_91,s1.865908856732509,s0.457007697400912,s156.909295443793781
130_92,s-0.826685189420335,s-0.716974414531430,s156.948310424570991
130_93,s1.865956396595522,s1.618308872240002,s156.826724566613848
130_94,s2.878737962823567,s1.863069103433092,s336.225855600713658
130_95,s-1.365161801600287,s-0.718805328311264,s156.934969684512879
130_96,s-0.349872829544295,s-2.792247482575289,s336.798172083634825
130_97,s0.250237350665170,s-0.712669837519047,s156.985251015755182
130_98,s0.788675149922572,s-1.876069280486309,s157.016968234549125
130_99,s0.249968632001191,s2.779454941489427,s156.850646391450908
130_100,s-1.903859420163282,s0.443156415561739,s156.966396690280305
130_101,s-0.606871586902883,s-3.281469568477617,s64.140134902718813
130_102,s2.919477501017274,s-2.774694380516812,s335.210194838610846
130_103,s-2.441774752165768,s-0.721502107181680,s156.784016911742697
130_104,s-1.904070718321323,s1.607541254154620,s156.975122723449971
130_105,s2.943137589778588,s1.619582725733876,s156.815258594037090
130_106,s-0.287610738990062,s-1.879870971557520,s156.749167451712083
130_107,s0.188550064060276,s-1.625724103764736,s336.987048441859315
130_108,s0.788455604316472,s2.780446230493398,s156.894502344189789
130_109,s1.790166489307866,s-3.278095583312298,s69.167864651602571
130_110,s2.941072841937975,s2.786488553938261,s157.705741911759986
130_111,s-1.427148655470141,s-1.631602276813903,s336.930007139935356
130_112,s-3.043014855703367,s-1.634184369004355,s336.865155091611200
130_113,s-2.942941585816419,s-3.207922797495868,s238.220144572830975
130_114,s1.805804057790589,s-2.783861586372509,s337.011775734642981
130_115,s2.942529296926366,s-1.866417090033699,s157.086011412472914
130_116,s0.788801605487276,s-0.710522737820914,s156.966351636613780
130_117,s0.188225224371365,s-0.461476751903127,s336.945086445216532
130_118,s-2.977836655116033,s1.608528492942561,s155.805832302615016
130_119,s-2.504341644908942,s1.857197050331135,s336.972957992054830
130_120,s-1.965790817499160,s-0.469869698513367,s336.957227795910171
130_121,s2.404536887550716,s0.458333874774515,s156.868648360757078
130_122,s1.866218711177422,s2.781275539418288,s156.834907363577230
130_123,s2.404485023429368,s-0.704962700313874,s156.914218178692494
130_124,s-0.289370564117985,s2.778153884698265,s157.006121955315194
130_125,s0.187860992416706,s1.866718208225517,s336.839821715076766
130_126,s-2.978215911184942,s-0.718482826385209,s-563.960126770775901
130_127,s0.851446080880711,s-3.217461829864491,s-1194.318112728460619
130_128,s-2.441564222319679,s-1.880804411878154,s156.710298736580256
130_129,s-2.504817800894299,s-1.633650068902642,s336.744412314604347
131_0,s3.053150816129059,s-2.810716234138145,s67.750189623258521
131_1,s-3.035692325645103,s-2.675318650308260,s-5065.046979526476207
131_2,s-0.426512532934361,s-0.656795400404329,s67.684616344946534
131_3,s-2.499708054446505,s0.483723347986605,s247.749100697924149
131_4,s2.133260473063311,s2.637734085401982,s247.733776935134216
131_5,s-1.339625411800927,s-3.285036093253564,s-1912.734313325088124
131_6,s-0.426606655976052,s-0.118394255851473,s67.639746581954839
131_7,s-2.500831665571416,s1.022201866167889,s247.801613360057075
131_8,s-1.338001941543560,s-2.208912902692661,s247.676056740072994
131_9,s-3.019382941909784,s0.783764593934580,s329.743268153503493
131_10,s2.135871869987917,s-0.054962345825918,s247.755036134379935
131_11,s-1.337901985727154,s-2.747604508031741,s247.696392200010308
131_12,s0.731767160773689,s-2.272589044102756,s67.644107920947675
131_13,s-1.587476425514822,s2.574027024422216,s67.179854272707715
131_14,s-3.001318715846158,s2.742231617085590,s153.953589644599731
131_15,s-0.425380656040757,s-2.810942976445679,s67.678162109212693
131_16,s-1.340061775780202,s1.560812921080131,s247.683810510600978
131_17,s0.976133424172783,s2.637900413425974,s247.660144291593582
131_18,s1.889035878123334,s1.497124194578312,s67.681021482572902
131_19,s1.890255232521896,s-1.734081198240560,s-292.346830935154856
131_20,s-0.180639000748077,s-2.208711636232101,s247.679683615945123
131_21,s-0.180690933072347,s-1.131556200200977,s247.635334157744410
131_22,s-0.425918495549134,s-1.733873218321817,s67.682482789025300
131_23,s3.048748013275971,s1.498190743128194,s67.851160321922777
131_24,s3.050392810063396,s2.039698875538624,s68.149740150478024
131_25,s-1.585715452628595,s-0.656548303918479,s67.715568742655790
131_26,s0.733601285917589,s2.573324411478220,s67.352185998546560
131_27,s3.050157427014240,s0.959299899591548,s67.758529319457850
131_28,s-0.427511015618124,s1.497518520735314,s67.707738461311081
131_29,s-1.338577184021492,s-1.131897799889200,s247.697842955914524
131_30,s-1.589540191586535,s2.036718485294824,s67.688327173631606
131_31,s-3.018113475881909,s-0.337285014251676,s-2548.237997698284744
131_32,s0.976076430479707,s-3.284869131352943,s247.260467671248563
131_33,s-0.180852436496120,s-0.054794641043679,s247.733700034267258
131_34,s3.050862833587904,s-1.195279205539109,s67.687855231521851
131_35,s0.977609671704755,s-2.747578719344290,s247.710049865757156
131_36,s-0.426758954184937,s0.420368347125379,s67.709912636369239
131_37,s-0.180965046219345,s1.022437747820748,s247.661123708978948
131_38,s2.137790048568650,s-1.670905003095432,s-472.195502544595058
131_39,s-1.338968104572918,s-0.054756286824712,s247.670526017509246
131_40,s0.731748248271372,s-1.734019727795197,s67.663290473596803
131_41,s-2.503689190852413,s2.099252172738779,s-832.167271748617054
131_42,s-0.182473876473450,s-3.284887610258047,s247.344854656953743
131_43,s-2.497705256618720,s-2.749202344152920,s247.863808300138146
131_44,s-1.583688927968628,s-3.349339612811987,s67.735550561943143
131_45,s2.138182678575225,s-3.284692020574375,s247.028635658653315
131_46,s-0.425644630302083,s-2.272404015508562,s67.681828515372658
131_47,s0.976738213325173,s1.560789307304731,s247.686498209700915
131_48,s0.978131872308211,s-1.131744419107298,s247.660409814540884
131_49,s2.134469460167127,s1.022216996047417,s247.719464899933826
131_50,s2.134004484981606,s1.560833147594629,s247.683488508961773
131_51,s-0.181452753743334,s2.637506559823567,s247.834867390896704
131_52,s0.977994480484224,s-1.670176210907116,s247.614331309643148
131_53,s-2.976158977550476,s-0.626589051119440,s151.979371020988310
131_54,s0.731838452385648,s-0.657194025267020,s67.587793621758678
131_55,s2.136538373933156,s-0.593329351462645,s247.687520254033501
131_56,s-0.181066523767521,s0.484038692113874,s247.618522149180535
131_57,s-1.584215012773301,s-2.272438083772661,s67.679043248501245
131_58,s-1.587840548254166,s0.959588047184454,s67.741191390581847
131_59,s3.051711933296088,s-1.733511664240479,s67.793960280370939
131_60,s2.140398635504172,s-2.748084422077960,s247.785459251078038
131_61,s-0.427188332993254,s0.958861399650342,s67.681377253983101
131_62,s-2.498120695333666,s-2.209938370525976,s247.830207503131135
131_63,s-1.338828832567245,s-0.593277437536483,s247.664808857721226
131_64,s3.054128679191802,s-3.349198629413939,s67.778943753669111
131_65,s0.976371034299168,s2.099284565661204,s247.694615220017909
131_66,s-1.584096065349313,s-2.811038072172468,s67.653072020444270
131_67,s-2.958369899699102,s1.614698100129445,s149.987851001834429
131_68,s-1.585199321788996,s-1.195232574860153,s67.712486412554355
131_69,s0.732003111267950,s-0.118410327860245,s67.684128315764795
131_70,s0.977595139652799,s-2.208708744836507,s247.611342520637038
131_71,s2.135083940328571,s0.483698284074468,s247.715078283055931
131_72,s-1.339466286630436,s0.483599007961946,s247.738523599644424
131_73,s1.888716665244661,s2.035673126062328,s67.690994314451473
131_74,s-1.340436423508125,s2.099300050711400,s247.698993238934065
131_75,s1.893410442887835,s-3.349079716522371,s67.854762986858418
131_76,s0.976860193676598,s1.022391043949870,s247.641955868994842
131_77,s-0.427970958135685,s2.036165823321886,s67.728735708592794
131_78,s3.050655249264862,s-0.656777913363968,s67.667301652553334
131_79,s0.731597663001875,s-2.811162920630214,s67.623259320960003
131_80,s0.977012055600371,s0.483716581370116,s247.696331107861567
131_81,s0.731622413148943,s-1.195494966996941,s67.666301315704629
131_82,s-0.180569962078934,s2.099502488058123,s247.649506381979393
131_83,s-3.012263275334222,s1.882207470574436,s331.549590991353796
131_84,s2.136963737711946,s-1.131961417872406,s247.698943073555853
131_85,s-1.341281394369132,s2.637589747672970,s247.782597316924893
131_86,s-1.339880337651339,s1.022347335289654,s247.660038544798425
131_87,s-0.180827899141294,s-2.747072384814290,s247.604007276603198
131_88,s1.889446746081599,s0.420151524527594,s67.707541061609419
131_89,s-1.586903460892928,s0.420664577487401,s67.736216288444282
131_90,s-1.586225908667094,s-0.117964646492030,s67.709688656410847
131_91,s-3.054128679191802,s-1.518840468102611,s333.210756320220867
131_92,s3.048674158130328,s2.587024572631601,s67.924078219137996
131_93,s-2.507738817852177,s2.636406335874698,s-1191.674237140669447
131_94,s3.050589392848454,s0.420440205314463,s67.664813358019416
131_95,s3.050563520379509,s-0.118235479779863,s67.654552103776354
131_96,s1.889768560560576,s-0.118481989214933,s67.665928049911074
131_97,s1.891798575688928,s-2.810743135052524,s67.789495563456157
131_98,s2.133753697404951,s2.099378763467154,s247.673285506790563
131_99,s0.731908177427211,s0.419980361545937,s67.637768614722077
131_100,s-2.970508419951212,s0.512018614191981,s151.340511768261251
131_101,s-2.502199928377372,s1.560830182235968,s247.787885391771823
131_102,s1.890706242257451,s-2.272351215317292,s67.744418489209878
131_103,s1.890305836789692,s-0.656771356905323,s67.748605343255392
131_104,s1.890248786940084,s2.573060272449687,s67.275085666091186
131_105,s-0.425800807100756,s2.572923453091701,s67.088983763489608
131_106,s-0.425156647341677,s-3.349472304476524,s67.678146235872291
131_107,s-2.498641450397098,s-1.670784166464326,s-112.275891372321283
131_108,s-3.009368320349879,s-1.779140953349506,s-6325.791046558895687
131_109,s1.890492978944838,s-1.195703378783613,s67.599433692520137
131_110,s3.052548254737239,s-2.272326327193251,s67.692337177632027
131_111,s-1.588816216022347,s1.498256113521602,s67.773998741867445
131_112,s-2.571731541731405,s-3.347869082885405,s247.534730604580261
131_113,s-2.499050776048076,s-0.593421801443811,s247.713313894660558
131_114,s-2.498872886484977,s-1.131929984275081,s247.664734809167356
131_115,s0.732066467617983,s-3.349262957555199,s67.774102071061364
131_116,s-0.180767817374279,s-1.670117420110362,s247.651578876711937
131_117,s-1.584642678221317,s-1.733755535354325,s67.724648106810520
131_118,s-2.967713118159693,s-2.934386648436924,s156.144559677704990
131_119,s-0.180786687607632,s1.561107164798958,s247.605563736765760
131_120,s-0.426202427334392,s-1.195321720002726,s67.687739953374688
131_121,s0.731841016461352,s2.035383158876207,s67.577186956961583
131_122,s1.889170823023919,s0.958524051245247,s67.653085466901317
131_123,s0.731736168757800,s0.958683529671051,s67.704161911201183
131_124,s0.977633535062255,s-0.593460295609406,s247.746905187379355
131_125,s-0.180532415069287,s-0.593035249134290,s247.633703701873259
131_126,s-1.338237310569794,s-1.670384406884331,s247.679600609209274
131_127,s0.977216193363091,s-0.054672414094476,s247.649287570011580
131_128,s-2.499175270469093,s-0.054633390479963,s247.671414823278781
131_129,s0.731487169274518,s1.497056555848753,s67.650062431733105
131_130,s2.139198881365316,s-2.209503999046323,s-832.206845027568647
132_0,s-0.202775570685513,s-1.066583279505966,s248.138851520625622
132_1,s0.953404991576692,s0.548941955398240,s248.133949658459954
132_2,s-2.519111790602767,s1.625717924254215,s248.514861793686180
132_3,s3.021929664659088,s-0.053653862500922,s68.203173057064760
132_4,s-1.360471366364501,s2.701842962863561,s248.643829870725654
132_5,s-0.204252964105651,s-2.682120160434176,s248.134446487624786
132_6,s0.954020202822472,s2.702906040114552,s248.170928682943895
132_7,s3.021307101553241,s-2.746469481980061,s68.216922476011476
132_8,s-0.445927303601459,s-2.746856943346756,s68.159164601037276
132_9,s0.710136591245703,s-0.592969621042049,s68.097754692395085
132_10,s-3.001678785396583,s1.699365200781147,s-569.867134479481706
132_11,s-1.357386825785893,s-1.066545337738682,s248.205058740560787
132_12,s-2.505233478488686,s-3.237814865165273,s248.192723618897020
132_13,s-1.360241552524777,s1.087251031762202,s248.302207197618060
132_14,s3.021933541892795,s1.561925787507188,s68.198522363848937
132_15,s-1.600329329596979,s-1.669577294196831,s68.254358198619769
132_16,s-2.992162202077926,s-0.445784125170360,s1589.224568033071591
132_17,s-1.600986136193013,s-1.130980629472446,s68.283575909872852
132_18,s1.867052358099785,s2.638271279153257,s68.149827371616794
132_19,s1.866482393585488,s-3.285356647714682,s68.169118641905470
132_20,s-2.512754252042072,s-2.681647588985049,s248.203251926306280
132_21,s-0.444612700055246,s2.099514983889678,s68.059814555095514
132_22,s-2.978389882660327,s2.813208163939056,s1590.483020912361326
132_23,s0.711668073763628,s2.099772363945537,s68.155857105763630
132_24,s0.952294846896614,s-0.528036705834352,s248.114411317532017
132_25,s-1.358473458126818,s2.164661424604741,s248.163138513981977
132_26,s3.021723862080948,s-1.669414167865689,s68.181426253779151
132_27,s-3.027819812492997,s-3.401660101832239,s327.008897787642354
132_28,s-0.200858225671195,s2.702734315809255,s248.246666671491539
132_29,s-1.604030912832210,s1.561798224395993,s68.356391317246292
132_30,s2.109785600483961,s2.164324211718208,s248.201894085793185
132_31,s-0.446352983793867,s-3.285404473461222,s68.147832642588369
132_32,s-0.445156498105122,s-0.054094306313645,s68.224612296386624
132_33,s-0.444881101509221,s-0.592593269571939,s68.230960574142159
132_34,s-2.516064190482782,s0.010704810865615,s248.303407043098446
132_35,s0.953681623884964,s1.087270775920592,s248.202012705950040
132_36,s2.109808117845984,s1.087299172621781,s248.199016848736960
132_37,s-0.444826912203228,s-1.131251431633803,s68.179526969048624
132_38,s-2.514174863930001,s-1.066297238142005,s248.290444533368117
132_39,s-3.030538673106886,s-0.188865911481771,s329.756225146245868
132_40,s2.109792763794151,s0.010255088897401,s248.203042723785558
132_41,s-0.201060104970905,s1.626013797619547,s248.133365846583615
132_42,s1.866983575492368,s-0.054192831067526,s68.192747543235882
132_43,s-3.030802950571219,s-1.262941766506218,s-390.605281947810511
132_44,s-2.513424874746799,s-1.604761269124682,s248.267964581125568
132_45,s-3.003748355820820,s0.629202885724492,s150.164233450247167
132_46,s-0.201860065815424,s0.010240561543904,s248.214901767673268
132_47,s-1.357665625235597,s-0.528152375008636,s248.249914714450654
132_48,s2.109237444043767,s-2.143615351145413,s248.132108259516798
132_49,s0.953648624955218,s1.625786783285488,s248.202199569418696
132_50,s-2.516836830152217,s0.549342034678077,s248.259792929715474
132_51,s-0.203159748446945,s-1.605207766285020,s248.178040378068232
132_52,s0.707954571908530,s-3.285365079645724,s68.165251854913322
132_53,s2.109803845092451,s1.625815505519243,s248.199071964634840
132_54,s0.950332637510278,s-2.682160660318755,s248.135761624131447
132_55,s0.953763587244463,s2.164387536581257,s248.171677950103998
132_56,s-0.445244770182653,s0.484327273507759,s-651.809826755314361
132_57,s3.007763964589310,s2.693397847238681,s68.840775232942050
132_58,s-0.202129229940058,s-0.528019354009301,s248.121834318763746
132_59,s-0.204846460774131,s-3.220642201795816,s248.136541681858347
132_60,s3.021936892145854,s0.484863103860083,s68.198161640074076
132_61,s-2.512937420312604,s-2.143180895112558,s248.232048077435820
132_62,s-1.603687041066184,s0.484542978351601,s68.274790034547209
132_63,s3.021946704705575,s-0.592188842796938,s68.200221530886012
132_64,s-0.200691995981941,s2.164391356756108,s248.183731296031766
132_65,s-2.532449416094800,s2.699982785645347,s249.485647480743324
132_66,s-0.445700952176493,s1.023168086106833,s68.308100319163586
132_67,s3.021530387492738,s-2.207950915050274,s68.180218523243170
132_68,s-2.995104297946474,s-2.583260353166745,s149.381417289545226
132_69,s-2.523484139368531,s2.163424838266472,s248.804389153906016
132_70,s1.866971576555055,s1.022865779239302,s68.202059166565164
132_71,s-0.445614583981798,s-2.208305086812918,s68.171938281688725
132_72,s0.709220620210250,s-1.669854031171252,s68.151504269377185
132_73,s3.021791759266404,s-3.284800788248994,s68.292698688469457
132_74,s0.951338751276943,s-1.605225617067532,s248.171159116115689
132_75,s-1.359258222578327,s0.548729553091563,s248.304318480978566
132_76,s2.109706233931607,s2.702813301665020,s248.211833631777694
132_77,s0.712324945561065,s2.638133620016925,s68.099628716766489
132_78,s-1.602835019647452,s-0.053895815259827,s68.302796587039040
132_79,s-3.032681985165263,s1.958573976716250,s-1108.779559508283228
132_80,s0.711168615097585,s1.561200681208997,s68.135748464240322
132_81,s1.866974577856197,s-0.592683287863556,s68.202193128833017
132_82,s1.867016396538558,s-1.669735435289541,s68.195227501917614
132_83,s-0.201776618861714,s1.087560607020085,s248.110551715769049
132_84,s2.109621448131599,s-1.605235437653900,s248.181638074708445
132_85,s0.951681681170353,s-1.066661027387923,s248.153676636268671
132_86,s-0.203598637746275,s-2.143574850141431,s248.123881936044228
132_87,s3.021952913965699,s2.100493950432604,s68.201278603932792
132_88,s1.866982048556199,s-2.208253467179034,s68.194664028979460
132_89,s-1.606449998974318,s2.100875341281653,s68.562249682108742
132_90,s-0.445209055749859,s-1.669882723105698,s68.137795128913211
132_91,s-1.605311383554899,s2.636591916469569,s67.557447163336150
132_92,s2.108151817489431,s-3.220580616086604,s248.107724608436683
132_93,s-1.600162525130312,s-3.285331635282414,s68.180004547352453
132_94,s0.710835461683827,s0.484357160014422,s68.204545393065615
132_95,s-1.601863939438554,s-0.592416171503946,s68.301088719470826
132_96,s2.109792036358431,s0.548794888558040,s248.194589651663534
132_97,s2.109821875468878,s-0.528253667048395,s248.200237443472560
132_98,s-1.600023662622615,s-2.208217508275384,s68.209437819825297
132_99,s-1.358243994521596,s-2.681988969144742,s248.166581646712615
132_100,s0.709560490814487,s-1.131275182962220,s68.174169685386133
132_101,s-0.443075983623135,s2.637888067227033,s68.008501434612043
132_102,s1.867012556073685,s-1.131197433786775,s68.203040156006921
132_103,s-0.445754914279741,s1.561091441038423,s68.093163136619580
132_104,s2.108745168418622,s-2.682212187420028,s248.161351433831129
132_105,s1.867000073951037,s0.484346973589989,s68.201214940904094
132_106,s-1.357924543773448,s-2.143461827130495,s248.162754624813374
132_107,s-2.996291764418898,s-1.517077497004147,s149.555110393089677
132_108,s-1.603698872116975,s1.022631140562351,s68.119576043252565
132_109,s-1.357551605126166,s-1.604924964087876,s248.155333792887717
132_110,s-3.034408809526440,s0.877944512199562,s2130.084035693096666
132_111,s0.710843574337457,s1.022834812415144,s68.190438420023568
132_112,s0.952890822520135,s0.010368935391315,s248.154553390756405
132_113,s1.866928169449027,s1.561388818285298,s68.204440517343428
132_114,s0.708621691405744,s-2.208458704482910,s68.119361048452475
132_115,s-1.358335879114073,s0.010257142497029,s248.288606973058876
132_116,s-3.028428081070926,s-2.331121430877493,s329.383535353076127
132_117,s2.109766389282351,s-1.066727122230466,s248.184598301413075
132_118,s-0.202074216614924,s0.548722563683611,s248.227421224544628
132_119,s-1.358611045504909,s-3.220465181710504,s248.151999927727729
132_120,s0.949611764158345,s-3.220598437109656,s248.107225110217883
132_121,s0.950921709150312,s-2.143645317435904,s248.136062845420611
132_122,s1.866789092213452,s-2.746858291439445,s68.162571706732379
132_123,s3.021942367559253,s1.023395282082164,s68.200440860089529
132_124,s-1.600025031002815,s-2.746792549385229,s68.188211332030662
132_125,s-2.515086163382561,s-0.527808340786114,s248.301609794824770
132_126,s0.710740717596444,s-0.054244697475640,s68.173578457056152
132_127,s-1.359642020947845,s1.626654883144165,s247.978843176568006
132_128,s3.021898822367097,s-1.130836417281391,s68.183597297627543
132_129,s1.866866577562014,s2.099909307363385,s68.205896842502995
132_130,s0.708187217689389,s-2.746799182181837,s68.183141702077208
132_131,s-2.517345794402891,s1.087915124375761,s248.246922151504492
133_0,s1.468145936079716,s-3.279559700306908,s246.723721597520779
133_1,s2.386121276951224,s-2.800654112651529,s68.469126729426947
133_2,s-3.152142724641137,s1.580258620080094,s247.652608766815206
133_3,s0.066358444236630,s-0.644756589089016,s68.219779530305473
133_4,s0.066768104459279,s-1.723221622989810,s68.241767109349482
133_5,s2.376041891922809,s-1.184476888520826,s68.281315744400530
133_6,s-1.086602831068322,s-3.341841736907222,s68.154565518605779
133_7,s2.377714203868349,s-1.722481725415360,s68.466655490774841
133_8,s2.364947940587823,s-0.621547497346297,s68.234828924176028
133_9,s-1.998941866808953,s0.496321632859915,s248.429063417644414
133_10,s-1.089367245963670,s2.068672183511141,s67.368660282555652
133_11,s3.150729777525765,s-0.805903036480707,s64.310455799102087
133_12,s0.306060064262255,s1.591906076770033,s248.372009517157323
133_13,s2.375887324658789,s-3.346955396241937,s66.469790023678982
133_14,s-0.845385415519575,s-0.582058968093395,s248.219783767012132
133_15,s3.152227364913433,s1.648406445504798,s60.929190956836919
133_16,s-2.245393701119154,s2.089121620529381,s67.354059124237281
133_17,s0.307931229348649,s0.510853550715005,s248.490484827700840
133_18,s-0.846509910059132,s1.587792186031511,s248.120684101997909
133_19,s2.684210749020158,s-1.695623780369942,s1678.025280175420448
133_20,s1.222200864923473,s-2.800454547506721,s68.284927710030587
133_21,s-0.845499522612960,s-1.121332200408791,s248.223766418797311
133_22,s-0.845347621575086,s-1.660101601477940,s248.236016157034129
133_23,s0.308693105638438,s-2.196935367999917,s248.234262266341801
133_24,s1.198116396176889,s1.577580305060590,s68.372609654965544
133_25,s-0.844831435291914,s-2.737576449584621,s248.239345764543032
133_26,s-3.151922662155580,s-3.338438917646152,s-111.422488905332202
133_27,s1.461695642495617,s-1.655076360914023,s248.368135583868934
133_28,s-2.011007930726714,s1.606788766484733,s247.772637215439914
133_29,s-2.240045077605228,s-0.109825238106428,s68.254260266026890
133_30,s1.220797781289679,s-2.260145962069927,s68.232961191547147
133_31,s0.041151908184593,s2.122818454689088,s67.935894899394697
133_32,s0.066763021139970,s-0.096823596147627,s1148.257805410522678
133_33,s-1.998641132153747,s-2.200581616613635,s248.226892037535549
133_34,s-1.086324316725501,s-2.802703825163606,s68.209829339834243
133_35,s0.044600332115069,s2.664770771929124,s67.245718032828393
133_36,s0.063982783022288,s1.526523136345136,s68.133820811642664
133_37,s-1.087280720640153,s-0.104178966098347,s2588.266296491781759
133_38,s2.862622501182434,s2.158989367254423,s22.070371877039491
133_39,s0.308168594646040,s-1.658064524141199,s248.241528373501268
133_40,s-0.846073613572731,s1.044963772300973,s248.300741950690934
133_41,s2.403468884974647,s0.995663015319477,s66.949208311817927
133_42,s-1.091731520922402,s1.524617467516565,s67.932162696614640
133_43,s2.677851482495949,s-2.731258099932256,s238.805498189766013
133_44,s2.381798856376645,s-2.260113985564118,s68.794514422953981
133_45,s1.463767316565731,s1.063139785431475,s250.388389185519628
133_46,s-1.124299129919316,s2.686354386142901,s62.246035169906030
133_47,s2.370872949477369,s2.162840305263274,s71.309362401948562
133_48,s-1.086755402327235,s-1.725234157854745,s68.223332667311141
133_49,s-1.980013270449756,s2.729522829533855,s242.250705320347549
133_50,s1.194487587182247,s2.667269898254685,s67.686385078114753
133_51,s-1.087142743594209,s0.437365079325086,s-1371.570009251732017
133_52,s2.381529643983832,s-0.080143706378162,s67.310959722702222
133_53,s0.282889775150455,s2.186723743695251,s247.945123149123901
133_54,s0.066175094611193,s-3.341215480341195,s68.039644188991232
133_55,s-2.239973400056444,s-3.342933511770508,s68.222422200007458
133_56,s1.451831955300955,s2.186909451209568,s251.309140834998146
133_57,s1.466500191852316,s-0.020832230061096,s248.419517191969987
133_58,s-0.845600063270351,s2.131710435497359,s247.935787201840753
133_59,s-3.140264587703701,s2.746955396241937,s243.889030157835606
133_60,s0.308975618274157,s-2.735701969069248,s248.278695824453990
133_61,s0.306465265179443,s1.050793277479708,s248.329852714141026
133_62,s-2.255361650330273,s2.688071222287013,s62.681170268063291
133_63,s-1.086469737978073,s-2.263992479001632,s68.232916728512862
133_64,s-3.152178389406088,s-0.585525377111376,s248.204304122393154
133_65,s2.777374034650064,s1.168731550817170,s18.173261466968455
133_66,s-3.152176672130286,s-2.202323548692149,s248.228803779716003
133_67,s0.307762720769154,s-0.579647176162484,s248.229494095364288
133_68,s1.221206418918461,s0.450407229952666,s-4971.477005428876510
133_69,s1.471950895231626,s0.529566182201485,s248.245549034152077
133_70,s0.288044817492784,s2.726781814953460,s247.621243441638370
133_71,s-3.152173348269810,s-0.046937299977975,s248.245661931761134
133_72,s2.623481206323373,s-3.289969199996540,s-4433.363743794279799
133_73,s-3.152177625591278,s-1.663677689062601,s248.216817723530653
133_74,s0.067475006622292,s-2.801030987779125,s68.244888704019942
133_75,s-0.843257995485854,s-0.039960349302582,s248.101517107643701
133_76,s-3.152227364913433,s2.156096821409764,s247.340637834046419
133_77,s1.460881964523623,s-0.577011340281818,s248.234828789229738
133_78,s-3.152171487931257,s0.491765711908591,s248.257506632045590
133_79,s-1.998820955194580,s-1.661894415187400,s248.216898062392175
133_80,s-1.086848071453109,s-0.647108974145216,s68.199986394395296
133_81,s3.151744987778069,s2.683857309484299,s61.852849160922922
133_82,s-1.089283233949496,s0.980146163570616,s68.338915849025170
133_83,s2.346547329935264,s2.704782925281669,s69.345982860658026
133_84,s-1.998438373662786,s-2.739063617438224,s248.212977762540078
133_85,s-0.844720710086305,s-3.277202377091423,s248.038494737895689
133_86,s-0.845058041774213,s-2.198854502889728,s248.235612127601797
133_87,s-3.152180901105365,s-1.124487819645124,s248.176439129239668
133_88,s0.311093902894402,s-0.032367624844663,s1688.218964262283407
133_89,s-1.998367900990502,s-0.044029435684900,s248.242902548970591
133_90,s0.066314291826714,s-1.184119353364106,s68.223766681502255
133_91,s-2.241552530845558,s0.971516166054790,s68.129616630154018
133_92,s-1.998587158196530,s-0.584072429702743,s248.197900025856541
133_93,s-1.086915046480927,s-1.186415583265768,s68.212752397792556
133_94,s1.221472312768149,s-0.091192325205990,s-2091.761128071794246
133_95,s-2.253517258132229,s1.543363739102704,s67.818579623585080
133_96,s-0.845899161771437,s0.503434249429077,s248.443345675517918
133_97,s1.219844749039071,s-1.181259432297237,s68.273569972139072
133_98,s1.462937200548321,s-2.194123732565135,s248.424695958012194
133_99,s-2.240719284241398,s0.430604136811783,s68.262498508774115
133_100,s1.217507768057396,s0.991896768105884,s68.335341088881663
133_101,s1.440140048575714,s2.734138294017495,s249.163202513489011
133_102,s-1.998861151585229,s-1.123116495479443,s248.212752480375713
133_103,s-3.152170011624200,s1.033204679997436,s248.124857232004217
133_104,s-3.152167437601219,s-2.740992564670672,s248.236184075063505
133_105,s2.627810809184681,s-1.123666714997635,s246.362570799127639
133_106,s0.067041994616526,s-2.262045313236353,s68.233189808579596
133_107,s0.308736486330395,s-3.277269918139368,s247.774526958671260
133_108,s0.066056050023104,s0.444896231711218,s-1731.542996614269441
133_109,s3.013565661440448,s-2.231536839411963,s-7360.960151181255242
133_110,s-2.239977297188896,s-2.804328683825342,s68.221136756622286
133_111,s-2.240057950224212,s-2.265717992196753,s68.229207824529141
133_112,s-2.240204410987108,s-1.726964803149292,s68.216817894895996
133_113,s2.391605608029240,s0.457209255183562,s66.924538045150172
133_114,s3.150662967663316,s-0.111046605734679,s115.771562132925155
133_115,s1.461208579414305,s-1.115908593775809,s248.288310919785459
133_116,s-2.002710944836551,s2.150695027219527,s247.345290802866600
133_117,s1.219184895647348,s-3.343337800879634,s67.614648428303440
133_118,s1.466609398827564,s-2.734003531718596,s248.830018874872678
133_119,s-1.998347453935137,s-3.277939395198537,s248.154130587507353
133_120,s1.197685454663665,s2.115470640108860,s68.093700478781301
133_121,s1.220022569760279,s-1.720601298459317,s68.241695684137582
133_122,s-2.240174647425778,s-0.649024347051644,s68.205894342895448
133_123,s3.039311501881493,s0.787116514834195,s337.846318276875195
133_124,s-2.240381404544628,s-1.188116533111893,s68.176440289596897
133_125,s0.065034291592669,s0.985283357943586,s68.297364930633904
133_126,s-0.864188997438388,s2.738266992564490,s247.198164297735076
133_127,s3.053555069900662,s0.255968529282694,s43.104003816534700
133_128,s1.447420142244690,s1.643081622944550,s246.483863215970388
133_129,s-1.999508680989492,s1.036826359257581,s248.350798786251886
133_130,s0.307808037366071,s-1.118889879714107,s248.270949344328443
133_131,s1.219499721205886,s-0.642149608308543,s68.229493829091581
133_132,s2.340859028732080,s1.593416779122824,s66.484002061200044
134_0,s-1.281312663309652,s2.311036961078597,s79.456985838043295
134_1,s1.818357126217676,s-0.733637392424819,s79.177973716743139
134_2,s-0.054434842226714,s0.300284856714281,s259.876338184951862
134_3,s-2.113871589655668,s-3.425404575560625,s259.269766716291258
134_4,s-1.313968218129524,s-1.970386263936904,s79.269766726256080
134_5,s-0.236782954699964,s-0.729813480174057,s79.610075263052579
134_6,s0.966519825513686,s-0.311132660396618,s259.443604311152797
134_7,s0.680244677595329,s-3.233217313147237,s76.559778601631749
134_8,s-3.141426127567189,s1.497902369570503,s259.579034687657895
134_9,s0.849296238912515,s-2.778073243234026,s258.100909620700975
134_10,s2.961341228826287,s-2.370921462497466,s218.750581194572874
134_11,s-1.252082766639641,s1.683326708042280,s79.836900631117672
134_12,s-1.115961390816298,s2.106416135652144,s259.456985838119635
134_13,s-3.141296771383745,s-1.537624760248869,s259.379415851935050
134_14,s-1.259982778310420,s-3.234453067087005,s79.269766719258243
134_15,s-2.317834327077495,s-1.964707248812792,s79.329887578692521
134_16,s2.813142218355906,s-0.051216047355742,s82.386367867091366
134_17,s-2.111713836711842,s2.100040132808114,s259.465573266427157
134_18,s-2.153479397967159,s-2.172995650040708,s259.269766723089219
134_19,s-0.167258076398414,s-2.780505935618497,s258.840748848027545
134_20,s-3.141426325922287,s0.295540718638275,s259.578847622958051
134_21,s-0.127044487372115,s-2.152680776046762,s258.840748848338364
134_22,s-2.156200906572086,s-2.821783462648067,s259.269766722086899
134_23,s-1.081437463575610,s1.500345363619835,s259.901835309706996
134_24,s1.699622333993533,s-2.597346930357866,s78.100909620743550
134_25,s-1.253489443270253,s0.477484482055756,s79.688895240323063
134_26,s0.839120583046104,s-3.428870913030873,s256.559264686731296
134_27,s-0.334041707515173,s-2.592514487862651,s78.844152667654711
134_28,s-0.224942482760305,s0.483323941164397,s79.856211735082013
134_29,s-1.340841348192358,s-2.603279179511945,s79.269766722030781
134_30,s-2.281834635341894,s-0.120868724174703,s79.561631247964755
134_31,s-0.242019239628117,s2.723839997927492,s293.629377730685349
134_32,s2.790967499757260,s0.952098273704952,s66.581178437514254
134_33,s-0.282339796000878,s-3.236439570294831,s76.573614057059444
134_34,s2.268933481750474,s2.699850310333030,s295.518718218339529
134_35,s0.725613919754487,s-1.964106631645522,s78.822430328523055
134_36,s-0.074262690440643,s2.124926157259086,s267.791215448629941
134_37,s3.141431268230328,s-1.707382067697946,s203.629377730650560
134_38,s-0.088877061951912,s-1.529375687866699,s259.115798728894049
134_39,s-2.284272655944304,s-0.723576533007831,s79.550919459497806
134_40,s-1.263370326055492,s-0.733176958976982,s79.601356536045927
134_41,s3.122754151789845,s2.015342953400173,s194.182430972970025
134_42,s1.938765425742028,s2.090029690898302,s263.730327686436112
134_43,s-2.281343722339745,s1.682961685345504,s79.579034688161869
134_44,s-3.141425773477075,s2.099078656478755,s259.579033608663849
134_45,s1.796834951913407,s0.522168032658019,s80.595751372894867
134_46,s2.850119658566006,s1.482557259256242,s61.378909253323812
134_47,s-1.256456914459159,s-0.126386755822297,s79.613748236000191
134_48,s-1.172245619807458,s-2.790747604725475,s258.844152667541266
134_49,s0.681672963733019,s-2.589490263794908,s78.840748848381651
134_50,s1.962447235069378,s1.619002492973123,s241.378909253569276
134_51,s0.800766324720167,s1.113687288142366,s80.655440414155294
134_52,s-0.066944416546962,s-0.913454222916479,s259.654036881810498
134_53,s2.831843010266220,s-1.397028252324365,s1157.710149765973938
134_54,s0.893028752247018,s-2.151798810369114,s258.340824768571167
134_55,s-0.046929823099896,s1.516882889665180,s261.166518402599081
134_56,s-3.141426448639100,s0.896726094517660,s259.579034687676256
134_57,s3.073275803427422,s0.434021285134127,s85.165194486656574
134_58,s-0.228916295194133,s-0.122362376420245,s79.728618314095257
134_59,s2.669966156015234,s-2.662700867208816,s75.784497489668496
134_60,s1.722499252162942,s1.953012808312078,s83.728058335591598
134_61,s0.789929485393311,s-0.722979087805120,s79.654036882086913
134_62,s1.824629358203739,s-0.124595934072862,s79.443604311150622
134_63,s1.655981513402367,s-3.231490039950530,s77.369483754842847
134_64,s0.970819936496383,s0.293164865089651,s259.991614142954006
134_65,s3.115941659675875,s-0.875539923642765,s188.512037426132650
134_66,s-0.122638278328724,s-3.428870489612339,s256.559562895584463
134_67,s-3.141263052629901,s-2.820896283035282,s259.326857153084688
134_68,s-2.112368285137249,s0.892384507685718,s259.690098347796550
134_69,s-0.275998601647526,s2.311036961082193,s79.456985837975637
134_70,s1.774747583496290,s1.183441586171110,s81.122365817326454
134_71,s-2.319158571162004,s-2.606152323168490,s79.326857152881743
134_72,s-2.112073041797022,s1.494621205763894,s259.715143211867769
134_73,s1.791100231442999,s-1.348893502094410,s78.559978083288158
134_74,s-0.257220281821824,s-1.344258496810522,s79.184440506057911
134_75,s-3.141264991983832,s-2.178616423860584,s259.329887577546344
134_76,s-2.112614324587120,s0.289907895507381,s259.688895240134002
134_77,s0.805644888850607,s1.805156183987221,s85.953622680795633
134_78,s-2.219661358860303,s2.705757634494775,s-1514.831271180890099
134_79,s0.802763330106935,s0.492548338571204,s79.876338184955841
134_80,s2.895942679848442,s2.307923653294521,s89.934611216313755
134_81,s2.780375993634213,s-2.015798468864487,s4036.527829771252527
134_82,s-1.089896060354176,s-3.428850630019453,s256.573557045480300
134_83,s-2.118063811138474,s-0.926278259914416,s259.601325081700168
134_84,s-1.083209227974333,s0.292699603589639,s259.842166958834241
134_85,s1.855639692912483,s-2.840827954731994,s255.784497489622396
134_86,s-1.281539436026989,s-1.348024430945282,s79.520803875446703
134_87,s3.141431266019732,s-0.090808039191617,s203.629377903436392
134_88,s-3.141429920350876,s2.700262348054493,s259.584325416508534
134_89,s1.948197241641734,s0.917328979259834,s246.581178437515774
134_90,s0.765307805156874,s-1.340273850949096,s79.098654533542714
134_91,s-3.141408029840888,s-0.912625311832855,s259.550919459470379
134_92,s1.913423925492094,s-2.163602939453856,s256.713255780219242
134_93,s-1.094125734322069,s-0.919163086778760,s259.610075263051613
134_94,s1.819588235377491,s-3.431994893782797,s254.511743816677125
134_95,s-1.145127306117897,s-2.156560834109929,s258.844152679285003
134_96,s-1.247333301288277,s2.723839997925592,s293.629377730402780
134_97,s0.973756582909176,s0.933203575380958,s260.655440413879944
134_98,s-0.294245714195980,s-1.966806903611610,s78.844152679288698
134_99,s3.078162966898469,s-2.970182693271468,s177.284947638747894
134_100,s-0.058866494641997,s-0.305620946129453,s259.729024490364793
134_101,s-2.134718498921262,s-1.542518947856845,s259.520803875446802
134_102,s-0.224514528590692,s1.087861379067716,s79.901835200484683
134_103,s-1.111940758330825,s-1.533130999823914,s259.184441818512425
134_104,s0.958758516919772,s-0.915260893746304,s259.177973716734471
134_105,s0.933659621625160,s-1.527365492362083,s258.559978083391059
134_106,s1.959080445123976,s-1.552671093288694,s256.827770091097875
134_107,s-2.282661393002477,s-3.240718659699280,s79.326857157608686
134_108,s-3.141263052629375,s-3.425339815036125,s259.326857157807865
134_109,s3.141431268227608,s1.161206674148015,s203.629377730220483
134_110,s0.840165286466064,s2.300405470869929,s266.154080621801313
134_111,s-1.082579239591644,s0.896259193315978,s259.856314255417828
134_112,s3.089240487843342,s2.831978520731529,s194.782467788793355
134_113,s-1.086726985350307,s-0.312242548170922,s259.728618314095115
134_114,s1.993332482037981,s-0.311012755244098,s259.443604311116871
134_115,s-2.299896931525637,s-1.334902080465952,s79.379415852570730
134_116,s-0.053157904464199,s0.904985745557812,s260.097059128122510
134_117,s0.798427785478673,s-0.114991650998461,s79.729024490368516
134_118,s2.806139041895364,s-0.757873926993572,s77.896636460097952
134_119,s-2.281344047508316,s1.081785416226999,s79.579034687582819
134_120,s1.747766893611473,s-1.970477839506136,s78.141671128137148
134_121,s-2.281349400693466,s0.480606052835129,s79.578847622810258
134_122,s0.709294904599021,s2.711543765426642,s1187.956765187595011
134_123,s-3.141415041358476,s-0.306477058665998,s259.561631247863886
134_124,s-0.222077442537342,s1.698556360041423,s80.413389251588029
134_125,s-1.253134370773755,s1.079815921705550,s79.690098347747238
134_126,s-2.281357120995345,s2.284157912459875,s79.579033608589029
134_127,s0.997856883325583,s1.629277668181327,s262.510290288921908
134_128,s-2.114082141511146,s-0.315364512600031,s259.613748235989306
134_129,s2.738468592903212,s-3.404563264078219,s74.511745159339100
134_130,s1.976025186197738,s0.333619490467151,s262.386367867196839
134_131,s1.981541283297843,s-0.953840859922213,s257.896636460098989
134_132,s1.103627710761627,s2.704068432044606,s295.184423683463820
134_133,s1.976518579258699,s2.727765095492215,s115.184423697274966
135_0,s-2.129621854913692,s-0.293678689833764,s259.431457136687300
135_1,s-0.186060593084068,s-2.165240170700351,s258.285284170034970
135_2,s-2.298209879363492,s0.499500155305907,s79.430698172662090
135_3,s-2.130815522741792,s2.108987017253935,s259.429616429253429
135_4,s-2.351847940254622,s-2.595438875604546,s78.325076968675290
135_5,s0.685117594204734,s-3.240301592133392,s77.887495170597376
135_6,s-2.297641390970194,s2.305411021186276,s79.408567094920897
135_7,s0.765417551223308,s-0.733123191301236,s78.374566704915679
135_8,s-2.151177160712331,s-1.546073082171134,s258.671220268415482
135_9,s0.835756177878758,s2.120434532188961,s259.235927368956879
135_10,s0.961363369350255,s-0.308051431383365,s258.778044903122634
135_11,s-1.279647664127598,s-0.718951830611754,s78.955214697057102
135_12,s-2.132135935944653,s0.904815415431586,s259.430349138479244
135_13,s0.792698992086013,s-0.117018992596020,s79.431076313600315
135_14,s1.782448191661847,s0.493181750309418,s78.778044903274591
135_15,s-3.158297013787630,s-0.887682688294639,s259.310380291517617
135_16,s-1.112406968736374,s-0.907939284963411,s258.687291478019688
135_17,s1.992456359085854,s-0.347944559125212,s256.391107257096394
135_18,s-2.193818374189331,s-2.819076243369027,s258.313513400809654
135_19,s2.924205991340458,s-1.764604372614376,s223.915695190433610
135_20,s-2.340487892114691,s-1.945600265922586,s78.344024572203764
135_21,s1.792774283535106,s-0.754437241778432,s77.444059069682368
135_22,s-2.308370915302602,s-3.246192541641914,s78.161515777364514
135_23,s-3.157451529755131,s2.725094092142448,s-6220.301639203456944
135_24,s1.964571523699044,s0.903929578533146,s2057.674108705467006
135_25,s-2.299430649121343,s-0.703618597112415,s79.310380291730326
135_26,s-0.311545949484911,s2.336782407787301,s79.429616430068023
135_27,s-1.176292883086838,s-2.176625227973898,s258.290451727044228
135_28,s-2.130952917924084,s0.305519941339096,s259.430698172666609
135_29,s-0.304363514495418,s-3.245901897336028,s77.738321653113204
135_30,s3.093848553616529,s-1.119235932139092,s208.786421296992415
135_31,s-0.351141431409132,s-1.976295636408120,s78.286647457755592
135_32,s1.774089901988088,s1.716482276466538,s79.364753029965883
135_33,s-0.240531095612789,s1.083830856874369,s79.430503967784276
135_34,s3.158072438264531,s-0.292991547973077,s203.657354027816581
135_35,s0.788588838493064,s-2.796383378538595,s258.205095622168358
135_36,s-2.133721575198641,s-0.906475478448714,s258.955214697037775
135_37,s1.955763622692035,s-0.949531228942079,s256.263055766200068
135_38,s0.665778483864841,s-1.983211314702137,s78.284986580104956
135_39,s1.653449883315667,s2.337004018984358,s79.235927368938917
135_40,s2.963591549820498,s-3.126977242615235,s215.581182813216117
135_41,s2.648878004960960,s-3.399338621509984,s66.370649295223743
135_42,s-1.106068526020341,s1.500790100105674,s259.429621432420788
135_43,s-1.341548190360058,s-1.988033222732302,s78.313513415909981
135_44,s-3.158294523544976,s-0.283963123699566,s259.431441483012634
135_45,s2.816166937010558,s0.463365451613508,s78.778044903253033
135_46,s0.925761481358215,s1.518484387952885,s259.364753029967630
135_47,s-0.148298410802807,s2.118981641176306,s259.097516061453121
135_48,s-3.158360749440179,s2.123024019755313,s259.409659240484416
135_49,s2.959975937071573,s2.204574940211198,s220.457720287080292
135_50,s0.705028206222113,s2.749272109221020,s293.512581749728326
135_51,s-2.132801617362353,s1.504462249296194,s259.429599902332768
135_52,s0.847800891753247,s-3.435402687817051,s257.887495174338085
135_53,s-2.217026500175862,s2.722985029227481,s262.783438805601179
135_54,s-3.157698745310197,s-2.809337036670188,s258.325076969025929
135_55,s0.791320491075784,s0.482146607111133,s79.430699301005063
135_56,s-1.257518880092555,s2.745143884084021,s292.381376480369227
135_57,s-0.089703794713015,s-0.913210207305843,s258.374566705259099
135_58,s3.158430271964781,s2.856914885575304,s203.629377730792754
135_59,s1.830614027638085,s-2.242395970622508,s254.979275377804811
135_60,s-0.203755575509188,s-2.807784494666966,s258.294734239895547
135_61,s1.658084307351854,s-2.639967072051913,s78.203251896621509
135_62,s-1.274189722448986,s1.690122836301725,s79.429599902319907
135_63,s2.652641961428618,s-2.079801498165539,s74.979275377806772
135_64,s-2.309148498909962,s-1.316451517399751,s78.671220268188591
135_65,s-0.369164815906584,s-2.620328411284792,s78.294734237402537
135_66,s-2.297272876174803,s-0.101798860306949,s79.431441483039094
135_67,s-1.100534167219129,s0.303032134222894,s259.430698176841361
135_68,s2.664728787166423,s1.800308955717009,s80.722977420276237
135_69,s0.831280610390424,s-2.181243185603401,s256.479398419998233
135_70,s2.747688354811870,s-1.434677651666036,s74.981440685362898
135_71,s-1.268246991938109,s-0.112029515109924,s79.431457136687698
135_72,s-1.308592497329408,s2.324874720937066,s79.429616429497230
135_73,s1.947814270980278,s0.298969903257649,s258.778044903287878
135_74,s-0.068687969546780,s-0.298646899343513,s259.431096079248675
135_75,s-1.155350652239811,s-1.531524074726480,s258.286647457856134
135_76,s-3.155165529322675,s-3.451916488528821,s248.521522816066863
135_77,s3.158110312022390,s-2.481154372577985,s203.654392439746175
135_78,s-1.101918090865186,s0.902209302306315,s259.430503967784318
135_79,s0.756630074322694,s1.702865663929316,s79.429621433023200
135_80,s-0.237783692975599,s-0.114507812059289,s79.431457136702633
135_81,s0.623128402452518,s-2.608597239054161,s78.294734243259953
135_82,s0.931392777159604,s-0.922335436752201,s257.833701833527414
135_83,s-0.105343583888296,s1.522109146548213,s259.429621433058571
135_84,s-0.273723273138074,s1.710056524655270,s79.429621432453217
135_85,s-1.142178171419718,s2.126395484259538,s259.429616430467036
135_86,s-2.298916062573126,s1.704548216535609,s79.429599902625796
135_87,s3.132547432740274,s1.544137277114685,s188.534135131847819
135_88,s1.662886840425545,s-3.228376707653948,s78.200877131854341
135_89,s0.765129542860571,s1.106203546099198,s79.430530098977556
135_90,s-1.322214655822756,s-1.343746176531441,s78.671421754505445
135_91,s1.826913327698484,s-0.139465775892264,s78.778044903169473
135_92,s-2.143612336569825,s-3.435055365790332,s258.161515777228090
135_93,s-1.099151501952582,s-0.296167276764635,s259.431457136701454
135_94,s1.734980604502969,s-1.377394612625003,s77.335529523969669
135_95,s0.670260731018546,s2.333346856857224,s79.097516061806417
135_96,s-3.157709662152144,s-2.151966947098704,s258.344024571550392
135_97,s-2.298815418650119,s1.101885111281126,s79.430349145976706
135_98,s0.717220704497299,s-1.357214137660333,s78.241709511340346
135_99,s2.815748541213121,s2.577420072052448,s81.008734176120896
135_100,s-0.239155446473133,s0.484667781201544,s79.430698176840849
135_101,s-1.269618300830669,s0.487219926061434,s79.430698172715339
135_102,s2.829155811155454,s1.062266253248751,s2237.664885335016606
135_103,s1.841640840274490,s-2.831539666420028,s258.203251896925110
135_104,s0.959004151825433,s0.285866417941343,s258.778044903274406
135_105,s1.796143790396721,s1.100155586176240,s79.225684651131800
135_106,s-1.204493853272057,s-2.813749408488251,s258.294734236948784
135_107,s-0.071438889499136,s0.899688540790399,s259.430530098977897
135_108,s-0.302569620734997,s-1.350122113675338,s78.286647457765099
135_109,s1.898282363821929,s-1.576185243828298,s254.981440685366692
135_110,s2.967225608432159,s0.000635034499093,s104.491537911457101
135_111,s1.676974762061598,s-2.017782116399780,s76.479398419998375
135_112,s-0.070063969386789,s0.300519321447889,s259.430699301004836
135_113,s1.830822981422378,s-3.456955670025513,s246.370648011515783
135_114,s1.688756337560148,s2.749557413430840,s293.629377730773058
135_115,s-0.140916600035394,s-3.435601050790531,s257.733702164860688
135_116,s-3.157901818311318,s-1.505452137105287,s258.671220268154855
135_117,s0.934345935012695,s0.921272089844429,s259.225684651131473
135_118,s-1.270942174393601,s1.086717248535482,s79.430349138527347
135_119,s-3.158374337252166,s0.316093158844853,s259.430698172730956
135_120,s1.938329987799515,s1.505953554161654,s259.426946356710801
135_121,s2.055268048303748,s2.304025477385791,s260.722977420278767
135_122,s-1.368400017323984,s-2.618662538979652,s78.313513401073195
135_123,s-1.300994122859721,s-3.245946454627752,s78.313513395702444
135_124,s-3.158373627242027,s1.520121331328088,s259.429599903481346
135_125,s2.824899239628818,s-0.811750009758841,s76.391107254096056
135_126,s3.158370155484704,s0.712344023963270,s203.634077363584993
135_127,s2.769026637003853,s-2.736821001687777,s436.849423147303128
135_128,s0.882924242551437,s-1.547963526046962,s257.385839928711619
135_129,s-0.256578046684119,s-0.725742780629166,s78.687291478022090
135_130,s-0.137185887980863,s-1.537607659347510,s258.284986580205612
135_131,s-1.135229618612480,s-3.435595056648234,s257.738321652516049
135_132,s-3.158374111605210,s0.917598031910157,s259.430349147922698
135_133,s-2.183943015141897,s-2.176863608196958,s258.313513416050000
135_134,s-0.277401178575958,s2.749555272706760,s293.628503402180911
136_0,s-0.670822842079206,s-1.354225469686130,s255.699929064923396
136_1,s-1.795897768243338,s-2.496397145290778,s75.942988624225833
136_2,s2.367531553728478,s2.081653359591879,s73.851111580282122
136_3,s-1.755815361903462,s-3.137626574219612,s75.950767653107349
136_4,s-0.612046384143752,s-3.330166500392219,s257.215563804728447
136_5,s-1.485615808945524,s0.952761939672250,s74.728126408211878
136_6,s0.351298628889811,s-1.412358321833143,s255.435830590213556
136_7,s-3.080562992379783,s-2.609381811802275,s203.641848932766521
136_8,s1.541995405653463,s1.935649620332944,s253.851116042739761
136_9,s3.215115845455967,s-1.438896756544711,s75.046261731425759
136_10,s1.361333648513542,s-3.330911767176454,s256.715594310110703
136_11,s0.620258934533422,s0.569822864191763,s254.485098171972425
136_12,s-3.215720115334022,s2.839924185520678,s258.449721902683223
136_13,s1.309428034904747,s-2.093805434205336,s256.420314572693258
136_14,s1.308828470429815,s-2.684477245152673,s256.715591189168379
136_15,s-3.213994526410947,s2.198039511473387,s254.727500164760073
136_16,s-0.827819605084166,s-1.157161924206237,s75.074290518566158
136_17,s-1.393535047315516,s2.846293582257279,s74.060270629726944
136_18,s-1.291133460251032,s2.012581616195375,s254.784564033360198
136_19,s1.517836554836639,s2.587766220161521,s253.972473172142770
136_20,s1.384056269307302,s2.846441232059356,s73.972488515581020
136_21,s1.562046844553373,s0.537285626420926,s253.943830897525231
136_22,s-1.504908349110815,s-0.392654395445011,s74.728213744063112
136_23,s0.509762515019920,s-0.746721104449017,s255.002113728952935
136_24,s-3.213994527409000,s1.543943569837094,s254.727500809268633
136_25,s1.201125977830575,s-3.138962177615215,s76.722687121401634
136_26,s2.217444738277950,s2.846647002123615,s73.850930901705198
136_27,s-2.398476340897700,s2.362636376999151,s74.727500010537284
136_28,s-2.432197483497258,s0.366678993340059,s74.727518036258104
136_29,s-3.214351754432774,s-2.031413130280811,s232.650723053487468
136_30,s2.446494872965178,s0.444863142736030,s253.943625815910451
136_31,s3.214753937548603,s-0.059509618525457,s73.943628779602392
136_32,s-2.282727280350097,s2.771587571405959,s-465.906045698113758
136_33,s-2.264707691524615,s1.445634953013053,s254.727498743371854
136_34,s-1.239675241973656,s2.646383320555858,s254.784705466059336
136_35,s1.371567808889963,s-1.473886531483383,s255.002216705608248
136_36,s2.447798023692151,s1.142953312666360,s253.943517986995346
136_37,s3.214753954504396,s-0.757665082237944,s73.943697880707617
136_38,s-2.298129222288720,s0.098389408313584,s254.728210000134936
136_39,s-0.564407322447601,s-0.399823779779253,s75.072109256941488
136_40,s-2.655266308065707,s-1.079320083503302,s74.639003422165587
136_41,s-1.632946281481375,s-2.691986568836284,s257.361788242386808
136_42,s-1.615715612431939,s-1.347144786074535,s255.074290417140247
136_43,s-1.521408831101826,s0.293188973041939,s74.728209958977985
136_44,s-1.308000978697825,s1.389021094370146,s254.780109313224926
136_45,s0.629795386669244,s1.949422448945292,s254.489512888847855
136_46,s-0.293760944498245,s1.958706939008822,s254.784701882559460
136_47,s-0.368376467774679,s0.663861579805782,s254.780058527427883
136_48,s-0.796946867131326,s-2.510422374711438,s77.367654619927293
136_49,s3.214727229592757,s2.131151666244566,s73.851361423987058
136_50,s-2.298727041166661,s0.786284344938700,s254.728126766722767
136_51,s-2.301229491272166,s-0.572199824684207,s254.728214114902329
136_52,s-0.511661197483662,s0.899042842178123,s74.780060028135580
136_53,s-2.616066384829204,s-2.672101860523538,s255.945272759326116
136_54,s0.338152036067424,s-2.684565570929006,s256.722685080796225
136_55,s-2.433709869863349,s1.051222729436883,s74.727518373617229
136_56,s0.173226699906098,s-2.489192143895827,s78.080542527150428
136_57,s1.152158524808449,s-1.890156396146148,s76.587619662338057
136_58,s-0.661567079465878,s-2.032536654484838,s256.588677376778548
136_59,s0.552393249596726,s-0.068872734916873,s254.485425613564786
136_60,s-1.454115127361430,s1.614065237713695,s74.727498721203247
136_61,s-3.213994534682525,s0.859204652587526,s254.727518449187698
136_62,s2.367832420866431,s2.646938316059169,s253.850937857781645
136_63,s2.319520849126253,s0.026950184623375,s73.943830959516788
136_64,s0.195347413268357,s-1.215941321369899,s75.180846216084177
136_65,s-2.399932785471367,s1.709673945188593,s74.727500528938265
136_66,s2.341930434882686,s-2.742447787349271,s256.601095332711907
136_67,s2.447076224899267,s-0.252971455089952,s253.943697611835148
136_68,s2.171819863692297,s-3.138968577330846,s76.715594329816525
136_69,s-1.432632678232132,s2.258463504842093,s73.950489465173078
136_70,s1.393563763290100,s2.151782979501449,s74.489513464472225
136_71,s3.214753918227810,s0.637858844631209,s73.943561362268213
136_72,s2.322938781694441,s1.432242341583721,s73.943765435337738
136_73,s2.304760636986128,s-0.660986273339820,s73.943833859537122
136_74,s1.460325023641837,s-0.801573804471099,s254.485445938591539
136_75,s1.148621014102724,s-2.492526791223288,s76.722681782833149
136_76,s2.337379900895040,s-2.150184492219053,s255.968305358191770
136_77,s-1.369845353412871,s0.088178513228907,s254.780059802131404
136_78,s0.494758006082242,s1.467726282549870,s74.780150682293936
136_79,s0.225029079210552,s-3.137842232767376,s78.099768337007134
136_80,s-2.258659015633182,s2.111624126501761,s253.950489486020700
136_81,s3.214827534803708,s-3.200199386011380,s76.661227849014836
136_82,s1.538262039944685,s-0.155641715661274,s253.943833935173330
136_83,s2.345186380763508,s-1.559015294566967,s255.046262413360438
136_84,s0.613905925975234,s2.647562731262856,s254.489513116084140
136_85,s2.432689366206582,s-0.939610654945928,s253.943710750970467
136_86,s0.476850793676364,s0.806011112807358,s74.780057994956763
136_87,s-0.313586810158609,s2.647871731381737,s254.784702329219613
136_88,s0.372949024024609,s-0.483158325283901,s75.071968127211022
136_89,s-1.767788181277674,s-1.139401736120347,s74.728214896824497
136_90,s-2.522164981136156,s-1.351590136451065,s254.728214756181444
136_91,s0.287444690102853,s-2.036349406378540,s256.587753546602016
136_92,s2.181697057552106,s-2.550081614844291,s76.715368797616904
136_93,s-1.350404187514600,s-0.591241969869597,s255.072109530623209
136_94,s1.412703644647404,s0.749623706332020,s74.485045844560929
136_95,s0.642765156624465,s1.248440197607400,s254.485047072407951
136_96,s3.215478924470482,s-2.033104802631732,s75.968305854060503
136_97,s0.461301831452340,s2.845582931891808,s74.489514296005297
136_98,s-0.427673897582799,s-0.663334586306821,s255.072109691093289
136_99,s0.478705451695229,s2.157426697239643,s74.784702490578439
136_100,s-2.439181324127333,s-0.318133617355086,s74.727517605066453
136_101,s-3.105913114179453,s-3.458225263492351,s383.637762538984191
136_102,s-3.213993601379575,s-0.514418747292809,s254.724804907927222
136_103,s1.403805970748668,s1.452894934916289,s74.485047305429148
136_104,s-0.549212707221524,s0.249432985171596,s74.780059426465968
136_105,s3.131964987197567,s2.858225263492351,s427.833056213760813
136_106,s2.322354236056695,s0.736648545971872,s73.943768331328613
136_107,s1.316824277429529,s-0.570800158756564,s74.485442988460392
136_108,s-1.597848808419753,s-3.331890167252149,s256.032639798038815
136_109,s0.131230578405300,s-1.829212651118081,s76.587790168803238
136_110,s-0.457924388034577,s1.527404457396716,s74.780115461013537
136_111,s0.410142696699135,s0.171568707365128,s74.780059059968394
136_112,s-3.213994534754587,s0.175837961426640,s254.727518061301367
136_113,s-0.447383220396192,s2.155938278800565,s74.784703413391213
136_114,s-0.467209250714219,s2.845105513031103,s74.784316342875471
136_115,s3.215759910431093,s-2.610926480823306,s76.601095376096225
136_116,s-0.774199282626679,s-3.139509588065551,s77.256448017754565
136_117,s-3.215759910431093,s-1.433463762281154,s955.574166271978584
136_118,s-0.313399512653386,s1.296780150114253,s254.780150440268386
136_119,s-2.585291307492714,s-2.007699050150078,s254.728814966972834
136_120,s-1.335983157755713,s0.740654201934598,s254.780059628186649
136_121,s-2.550995286146655,s-3.332013864969183,s255.949144190039590
136_122,s2.517877644081168,s1.881788769019667,s253.851866286085453
136_123,s-0.818720940545010,s-1.829027270040583,s76.605701779503775
136_124,s-1.595764363814712,s-2.051457976813561,s257.151566698685826
136_125,s2.332000429512328,s-3.330911767138715,s256.715594451183733
136_126,s-1.758452412323911,s-1.851896476713600,s74.728815448315260
136_127,s2.202510326369011,s-1.317837214298991,s74.986884941134704
136_128,s1.217197871695338,s-1.277239662504922,s75.002177640101792
136_129,s3.214728154648899,s1.337278443605616,s73.854628663109239
136_130,s-0.407608261562190,s0.008075772314952,s254.780059071616080
136_131,s2.177991491987126,s-1.955749467852024,s76.420314592749875
136_132,s1.393392839451038,s0.072813604843033,s74.485098981771216
136_133,s0.390519989491082,s-3.330901812240533,s256.722687616042037
136_134,s1.553129629102835,s1.240486114052760,s253.943767816828796
136_135,s-0.631780423070708,s-2.701129048849674,s258.099766653240692
137_0,s-2.407285204214466,s0.181392382034162,s211.208548599128505
137_1,s2.869065678656966,s-2.876077398099831,s208.478371176858360
137_2,s2.842223135114877,s2.916325751248564,s197.978040943920973
137_3,s-1.438798560829608,s2.166285898084395,s30.124228207056643
137_4,s-0.507328527913910,s-1.753015519640301,s209.247007165985593
137_5,s-2.898755180792403,s0.322395955239657,s31.116606446757867
137_6,s3.084255668837268,s-1.744034608902282,s32.282283305487326
137_7,s1.530956818833459,s-1.891798857070301,s209.569550852646103
137_8,s-0.497528510681570,s-3.516327705585442,s29.247007165655685
137_9,s-0.324770694195377,s0.192045545313208,s210.760436124312463
137_10,s-0.816470151205463,s0.343379158792984,s30.760436124815595
137_11,s-2.208764757345446,s0.334970095271670,s30.907514130581870
137_12,s3.084300263718796,s-2.690878337544773,s32.252508821192166
137_13,s-0.823427306756878,s-0.583466918474583,s30.760436124881362
137_14,s1.676186852230591,s1.042399070517206,s211.291015432021538
137_15,s-3.096350984084683,s1.094577064762451,s211.103822619885221
137_16,s-1.720352429995306,s-0.730816411158626,s210.770721596508139
137_17,s-1.700885643202559,s2.033451954576169,s210.359709622640480
137_18,s1.027483888575972,s-1.734261386054413,s30.726128471739326
137_19,s1.814150800142783,s2.031421993494575,s205.678772884192909
137_20,s-2.416699486628525,s-0.740142544198735,s211.738841593064791
137_21,s0.689413200479182,s2.154728404373771,s30.124228206805508
137_22,s-2.384707015880986,s-3.516269497325815,s28.967571753615101
137_23,s1.486056681591389,s-2.817417417541201,s209.247007207003065
137_24,s1.893493776886405,s1.197309775251586,s25.678772884105097
137_25,s-2.898877657827374,s-0.605128782222708,s31.231195838050080
137_26,s-0.302816081094161,s2.026059156160127,s210.329405005211584
137_27,s2.558738030248666,s2.082425044575097,s202.219443172836037
137_28,s1.097334948213894,s2.035445487177664,s210.329405004808734
137_29,s2.268469234044040,s-3.013490437100524,s252.939944837774448
137_30,s-2.163505225261501,s2.168613455180513,s30.124228209926326
137_31,s-3.096330145358728,s0.169215358154318,s211.116709543875487
137_32,s0.878377087502664,s-0.906177317173475,s210.726128471738889
137_33,s-3.095343400084521,s-1.698071140254227,s211.739523967840881
137_34,s-3.096145765718951,s-0.758703824507983,s211.231195839261773
137_35,s-1.551102277360093,s-1.534102574257098,s30.770721596514857
137_36,s2.409111714120998,s0.139984041413589,s32.013554270159418
137_37,s-1.006832675878184,s2.030165939760326,s210.329405005538462
137_38,s2.281841562974622,s1.010921229431291,s211.636256450776386
137_39,s1.578941618028829,s0.027549169748966,s211.291015450519382
137_40,s-1.511954973056793,s0.341883131317502,s30.856988674247685
137_41,s-0.641081644520867,s-2.703697428069610,s209.247007165655191
137_42,s-2.371297196991665,s2.914864281919712,s210.124228219310822
137_43,s-2.412437869880675,s-1.670708343195212,s211.738842147580016
137_44,s2.887948356747912,s-1.900765290780023,s212.252508822647457
137_45,s-1.871407002624249,s-2.660682576916042,s209.247007165885776
137_46,s-0.921274418353864,s2.914864281919571,s210.124228206714264
137_47,s0.210111156617316,s-3.516327705594480,s29.247007206632400
137_48,s3.099207053341055,s-3.508063099513254,s22.538724197217828
137_49,s0.294390702185306,s-2.632521703053996,s29.247007205593416
137_50,s0.592912150574528,s1.263233620496595,s30.329405004539392
137_51,s-0.393614308095983,s-0.764354770591975,s210.726128525675506
137_52,s-0.260614507524912,s-1.612794406113280,s30.726128524523613
137_53,s3.083578823650966,s-0.781443270835008,s32.741958521131764
137_54,s-2.898696733679702,s1.247717074367932,s31.091805415185359
137_55,s2.503146715306316,s1.167188757343221,s24.592838385069552
137_56,s-1.797970639793626,s-1.672499980215016,s210.770721595731089
137_57,s0.736124720945093,s-2.770236894723387,s209.247007207046238
137_58,s2.058582352871821,s2.916325752858835,s197.978037822846773
137_59,s-1.711707424317022,s1.108593983903207,s210.907514129958997
137_60,s-1.511546212910733,s1.261222373252857,s30.359709623648580
137_61,s1.734726340445624,s-1.736143710937380,s31.644967535485176
137_62,s-2.215073437323538,s-1.515776387107850,s31.738841592997442
137_63,s-1.254574411912418,s-2.650661005914215,s209.247007165957257
137_64,s3.087615034428095,s1.117424910002270,s30.188058575818541
137_65,s0.376968552001790,s1.115600923423100,s210.760436197107992
137_66,s-2.401371917857067,s2.026876707606990,s210.759225552887841
137_67,s-3.097860814174419,s2.020851571802098,s210.196621501224740
137_68,s2.419062461069622,s-0.799899838839736,s32.520707516278023
137_69,s0.335320445095609,s0.152647647697140,s210.760436141245094
137_70,s-1.012060834650176,s1.113183990337084,s210.760445699031806
137_71,s-1.513992217587679,s-0.581040357566941,s30.770473239318999
137_72,s3.038530145518611,s2.326476713095499,s17.978040972619265
137_73,s0.963779002656529,s0.109931045536146,s210.760436275803869
137_74,s-1.056112150157174,s-0.725857572603893,s210.728171921714818
137_75,s-0.163534698212299,s-0.621229055231300,s30.760436124258415
137_76,s0.492847416238282,s2.914864281919770,s210.124228206833038
137_77,s2.213463788795999,s-0.018199328913706,s212.520707516411818
137_78,s2.890383809009122,s-0.940348462078695,s212.789817964047785
137_79,s-3.015670153289254,s-3.503170255359695,s29.309428376233182
137_80,s3.095284316757355,s2.058295635921235,s206.183414143148383
137_81,s1.798600042048136,s0.175216196214780,s31.291015432555451
137_82,s-3.097984930339183,s2.914864281351496,s210.124228205737694
137_83,s0.148265872003888,s-1.822974450775386,s209.247007205587067
137_84,s-1.763734572386443,s-3.516327705584895,s29.247007165920177
137_85,s-1.149088174559976,s-1.674035859632695,s209.247007165985110
137_86,s-2.206474454457642,s-0.587880775327484,s31.208539246715912
137_87,s1.007785051844360,s-2.645020416279493,s29.247008405230911
137_88,s1.180195531877978,s0.256850610640148,s30.760436275317300
137_89,s0.399579174091134,s2.030078570736442,s210.329405004549500
137_90,s-1.026594044483574,s-2.511912295151171,s29.247007165984865
137_91,s-1.710222033859344,s0.189599218933580,s210.857127056428112
137_92,s-0.210957481738988,s2.914864281919984,s210.124228206761842
137_93,s-0.373442609562218,s-2.577235141668858,s29.247007165991914
137_94,s2.885757814256209,s0.960531219696903,s212.014610608366752
137_95,s-2.403703255249423,s1.107612551184465,s210.907514130464705
137_96,s1.529911925989814,s-0.964621717118008,s211.284127341568279
137_97,s-2.203681182560747,s1.259745627733030,s30.759225552832373
137_98,s2.413793630437117,s-2.717044066817470,s32.251744922829445
137_99,s-1.155261443793506,s-3.516327705585513,s29.247007165684220
137_100,s0.238663224231313,s-0.838879477484742,s210.726128472112464
137_101,s-0.316481357228438,s1.114036659974347,s210.760436124813339
137_102,s-0.893112331870826,s-1.536417822623152,s30.727364490780058
137_103,s1.727045151814603,s-0.810838389275202,s31.291016030883707
137_104,s-1.014993449328152,s0.191430109487005,s210.760436124907528
137_105,s3.084659866676087,s0.177331279059173,s32.014610608247025
137_106,s1.264329386947016,s1.235784186597435,s30.329405004680421
137_107,s1.703631746131517,s-2.673989813409081,s29.578334005141340
137_108,s1.082684270996985,s-0.755807407892559,s30.760436275805073
137_109,s0.378867692854499,s-1.678214059062174,s30.726128471738473
137_110,s0.538880065178398,s0.303181072349915,s30.760436197089501
137_111,s-2.283048949664509,s-2.536790250541378,s31.738842147483393
137_112,s0.021736850227945,s-2.757430377919439,s209.247007205604405
137_113,s2.422203059808845,s-1.755002031430186,s32.715525475921638
137_114,s-1.644708681743938,s2.914864281913121,s210.124228207249303
137_115,s1.200625193202451,s2.914864138470341,s210.123705271103887
137_116,s2.888824163629579,s0.018300732930273,s212.741958521204651
137_117,s2.225263073431233,s-0.957866717549929,s212.520253127431573
137_118,s0.935181543274183,s-3.516327705593547,s29.247007207015525
137_119,s-2.511017916886738,s-2.687188464447817,s208.967571753145393
137_120,s-0.122017854418093,s0.342805741987401,s30.760436124792744
137_121,s-2.890133763989298,s2.168686668705060,s30.124228247638978
137_122,s-2.899445555694877,s-1.542752002441068,s31.739523967804001
137_123,s1.724468989463511,s-3.516327705593931,s29.247007206889844
137_124,s-2.894715988222926,s-2.476702755297136,s31.738909597051798
137_125,s-0.016758390187431,s2.151801172952503,s30.124228206923515
137_126,s-3.099326379902995,s-2.632770627548110,s209.360817355916510
137_127,s-0.106228718731452,s1.263268989366115,s30.329405005253687
137_128,s-0.811940033088696,s1.265264246802466,s30.329405005610834
137_129,s-1.656732907345757,s-2.511244115418122,s30.770721595728997
137_130,s0.819920221235763,s-1.885512298820141,s209.247008405123438
137_131,s-0.723190194802886,s2.156606478045247,s30.124228206659250
137_132,s1.035965042338809,s1.091642750804996,s210.760436275323542
137_133,s2.227192403723360,s-1.913843135708221,s212.231643077470068
137_134,s0.468785847666734,s-0.695765852353969,s30.760436141243968
137_135,s2.182712979232450,s2.280127798127055,s17.978037821154356
137_136,s1.414949595990778,s2.176699291673436,s30.123705271131296
138_0,s1.811936877370471,s2.052096980433131,s163.580886008540460
138_1,s-0.159893521591139,s-0.597475858011151,s344.178558015813678
138_2,s-1.019037017230258,s1.115893902712578,s164.448805539934312
138_3,s-1.798039502193565,s-1.685009251180062,s164.490778745540524
138_4,s2.366506264726490,s-3.517166182656887,s343.686415355913198
138_5,s0.143019488347980,s-1.824624288052794,s163.685618076290098
138_6,s-0.819827349328654,s0.348664036857556,s344.448787924784256
138_7,s0.351945196965619,s-1.675437278780499,s344.143961118669495
138_8,s2.894311437559790,s0.027208796137453,s165.313535268354201
138_9,s-2.508636167695966,s-2.695575322583678,s163.223037855856518
138_10,s0.950473941892007,s0.112934856268633,s164.153654087319097
138_11,s2.753120913963845,s2.917108276157919,s163.802841824298014
138_12,s-1.516671223338997,s1.261892417231088,s344.049974834486591
138_13,s1.020825804828125,s-1.707200138441344,s344.143961154746876
138_14,s-0.713651187284091,s2.154201780946393,s344.002566148587562
138_15,s-0.478844251110661,s-3.517120505659646,s343.517416524501414
138_16,s-2.281501127377617,s-2.545774978283997,s345.287964130436478
138_17,s0.224955063053009,s-0.821427467281474,s164.143961129376180
138_18,s-1.243660638910360,s-2.644280601668337,s163.516797783472299
138_19,s1.175556191434298,s0.256950313558137,s344.151273129501988
138_20,s1.700759041315676,s-2.633901677914442,s343.821526175570853
138_21,s0.309483594905306,s-2.622303026896313,s343.685755742445565
138_22,s0.728316049764364,s-2.751802686911966,s163.685771230174851
138_23,s-0.367610257263344,s-2.588932612331188,s343.517624082868906
138_24,s2.890746096460817,s1.001706788729367,s164.813824011555624
138_25,s-0.817034198541268,s1.267879126507808,s344.002569590119379
138_26,s-3.093085808753464,s-1.705859413649008,s165.256705322002631
138_27,s3.090794213886548,s-1.687579837826686,s344.882294224244333
138_28,s-0.274146623723880,s-1.609566517803702,s344.147274674071809
138_29,s0.363953485729499,s1.122960995835109,s164.151273200543386
138_30,s0.451807341322479,s-0.677904462649919,s344.153657004613876
138_31,s-0.386536935302040,s-0.741168112020914,s164.147403894024933
138_32,s0.546895073191053,s0.339250038028380,s344.151273118842823
138_33,s-1.716340672753741,s1.109073026480323,s164.509638632828427
138_34,s1.293486179306300,s1.248696323693639,s344.000543917879781
138_35,s-2.207884185948868,s-0.593945497585925,s345.065545496495986
138_36,s-0.100701725449395,s1.269064166283804,s344.002569527286028
138_37,s2.400233189748183,s-2.628741478247681,s344.507384918133596
138_38,s-2.885851547422569,s2.170416676487156,s343.525433351962022
138_39,s-3.098910661049354,s2.022725394147825,s-1278.100558610165990
138_40,s0.685895529548981,s2.153448218028799,s344.002570429369030
138_41,s-1.863352072724941,s-2.666752630530548,s163.516796641362959
138_42,s1.516001941276889,s-1.857022887172660,s163.821525368092665
138_43,s-1.514757518787869,s-0.577959452133395,s344.491058340768802
138_44,s1.815410262267581,s0.182295035605873,s344.473529198447238
138_45,s2.301746657407809,s1.035349953263683,s164.661496972856014
138_46,s2.393074324552053,s2.059622397867058,s-555.836095455806003
138_47,s2.209726186521551,s-0.925735104498911,s164.852309124073145
138_48,s2.501150482241808,s1.188709919799771,s-15.836095298725439
138_49,s-1.152070949430487,s-1.663258463160879,s163.517637104497993
138_50,s-2.896936713227684,s-0.613064150771039,s345.065565487275705
138_51,s0.818346548541367,s-1.858217859339697,s163.685814829976152
138_52,s-2.891808723427033,s-2.482302120765154,s345.288198941323230
138_53,s1.558216574019787,s0.045148971508521,s164.671331735909774
138_54,s-1.741669066788020,s-3.517120340084408,s343.516796667420124
138_55,s0.410335877809086,s2.024393085535960,s164.002569680497487
138_56,s2.203497047946362,s-1.857562742869845,s164.507384566829870
138_57,s1.192282524696935,s2.917166166053105,s164.002570440075516
138_58,s-2.414138504193473,s-0.746778159662900,s165.266718462267676
138_59,s-3.093412626292620,s-0.767651395910288,s165.065565810141578
138_60,s-0.339475714202203,s0.190862068366172,s164.179213883700413
138_61,s-2.404667782301864,s1.111455668763567,s164.682730155568294
138_62,s-2.366008753417097,s2.917043234821308,s163.566916574611156
138_63,s-2.367077273963578,s-3.517045364073012,s343.223038048495255
138_64,s0.029946321546886,s-2.748875919265482,s163.685754462527370
138_65,s1.062172656367095,s-0.755889291930248,s344.153654060564691
138_66,s-2.409317324811078,s-1.678713173413284,s165.287964203588274
138_67,s-0.501623359204895,s-1.753722498223553,s163.517625013406047
138_68,s-1.714175351333565,s0.189579510325116,s164.491100102031908
138_69,s1.404114419123104,s2.171698071411112,s344.002570415315859
138_70,s-3.094012113388383,s1.092947292044449,s164.689394313991443
138_71,s-1.516133835393028,s0.342191353455283,s344.484216289535084
138_72,s-1.013807945101143,s2.032198559032963,s164.002568903460883
138_73,s3.095171100845176,s2.082977923513593,s162.342489887316390
138_74,s-1.559858479681110,s-1.543544913066182,s344.491058772481836
138_75,s1.899012328271116,s1.173519879688714,s343.580885779785092
138_76,s1.111430314113300,s2.031448732658204,s164.002569087312594
138_77,s3.093685431677892,s-2.620260316240235,s5743.162091572860845
138_78,s2.893835484886686,s-0.911303502679439,s164.892033384332251
138_79,s2.210186602502228,s0.004116606458955,s164.852496244471524
138_80,s3.093415514751530,s1.155892560426953,s343.315989547929007
138_81,s1.920618691075173,s2.917166182656887,s164.002620249401048
138_82,s-0.641048015783334,s-2.716599211439166,s163.517416561568297
138_83,s-1.702320640240592,s2.040791958873786,s164.049973914830645
138_84,s3.107701803548881,s-3.516857835730507,s336.502277785759588
138_85,s-1.427201131704817,s2.170234851779520,s344.002491820359410
138_86,s1.009254865267441,s-2.625639703911074,s343.685814608504927
138_87,s-1.017963145066356,s0.196175008132137,s164.455590087811800
138_88,s-3.023404873116872,s-3.516893708332444,s342.546601128357281
138_89,s0.339065078313350,s0.190337596416449,s164.153657321140628
138_90,s2.883465182015667,s-2.767861118628969,s163.691040294657995
138_91,s1.436661986615191,s-2.765713106985469,s163.685932591719222
138_92,s1.519771941719028,s-0.929799915513206,s164.671413283063998
138_93,s1.640475970533526,s-3.517166131556086,s343.686201321609076
138_94,s-2.202276939934352,s1.263442712776708,s344.642613684810271
138_95,s0.220152583793841,s-3.517166009208986,s343.685756907978259
138_96,s-0.014405335868885,s2.147422666595509,s344.002568278791500
138_97,s2.158849452051547,s-2.770468210391889,s163.686411789652396
138_98,s-0.135710089037012,s0.341018747574234,s344.184466963554996
138_99,s-2.213362818855871,s-1.523356753307547,s345.266717809673423
138_100,s-1.649423923442313,s-2.517266888565676,s344.490678876489540
138_101,s2.407381586506263,s0.157985128315365,s344.813825762513773
138_102,s2.893824699643743,s-1.841538308857425,s164.882416226126281
138_103,s-2.896525477715642,s1.246241387595669,s344.689426097789578
138_104,s0.488641309522626,s2.917166164116318,s164.002571191819811
138_105,s-0.206846411103967,s2.917166166308790,s164.002566797544915
138_106,s-2.896876875802893,s-1.550560665855397,s345.266718938508063
138_107,s3.012845235466417,s2.319100025018518,s342.362345944093590
138_108,s-2.153721962215502,s2.170525894502856,s344.002181632329382
138_109,s1.717306659165794,s-0.776567921589400,s344.671413855804303
138_110,s-2.403419043022540,s2.030841854202543,s164.642614657749618
138_111,s-2.211847917027179,s0.332832244559766,s344.682728961962312
138_112,s-3.097702265913169,s-2.638492173813775,s162.547375627851522
138_113,s2.184238708610501,s2.327770677925002,s344.002619828365823
138_114,s-0.305835565126297,s2.022917579042988,s164.002569568337918
138_115,s-1.637864458521716,s2.917166050383678,s164.002185394755372
138_116,s-1.020672688275256,s-2.501686115628686,s343.517625539357709
138_117,s-2.896525768792972,s0.320212751731535,s344.689674413584385
138_118,s-0.911507525849716,s2.917166142963640,s164.002493547213987
138_119,s1.047942427074110,s1.110296196010933,s164.151273234300731
138_120,s2.406880980772267,s-0.771907839547651,s344.852496962960174
138_121,s0.853091810453346,s-0.904456618344108,s164.143961006814493
138_122,s-1.146830199741177,s-3.517120343636622,s343.516797435025069
138_123,s-0.885479167692118,s-1.530164104461860,s344.155879098304695
138_124,s3.090778698850046,s-0.757312021851306,s344.892035599118060
138_125,s3.090116755939763,s0.182645963771975,s345.313533979226463
138_126,s-3.094011682739191,s0.166917772736593,s164.689661152342609
138_127,s-0.837637855183672,s-0.595175377533558,s344.455588309605218
138_128,s0.920886963358289,s-3.517166011908361,s343.685772891515114
138_129,s-3.107701803548881,s2.916586226017831,s157.728006943327756
138_130,s0.608387494442594,s1.261673426052026,s344.002569697315494
138_131,s1.716702543842602,s-1.703427936021263,s344.695991328108107
138_132,s-1.721673238133135,s-0.728099305868768,s164.491059446658369
138_133,s-2.409913205995077,s0.178154974793569,s165.065545522468597
138_134,s2.404449912204780,s-1.704300427465264,s344.852309185554986
138_135,s-0.320277717930525,s1.123146720324613,s164.184466931064264
138_136,s1.676607496132187,s1.027989394887065,s164.151274362742441
138_137,s-1.064125957870185,s-0.740107997775151,s164.204395522361210
139_0,s-2.234024984607733,s-0.645655505225181,s34.545102820507687
139_1,s2.903953235613403,s-0.868642794577868,s214.542870145595430
139_2,s-2.911069264124392,s-1.598215056658361,s34.500931594163895
139_3,s-0.184713199298477,s1.244122610796531,s34.545452513367827
139_4,s2.367036273980538,s2.929879952485412,s214.951285032572656
139_5,s2.903794400326367,s-1.810977519912756,s214.408072187052340
139_6,s2.904041743855874,s0.076121297510553,s214.655490292458495
139_7,s-2.220888666409811,s-1.570783352067227,s34.545102505853443
139_8,s1.700185435621667,s2.929879837607887,s214.951010585499404
139_9,s-2.911692862763688,s1.221802445368220,s34.221448447004839
139_10,s1.891308329451622,s2.131501669479254,s34.951010572193930
139_11,s-1.806802372343457,s-1.768436135134512,s214.529826752204286
139_12,s2.425645696701745,s-1.685292937311201,s34.548479748386804
139_13,s-1.697421849710496,s2.929710123539211,s214.531001451433752
139_14,s3.099550633668931,s-2.595110547065690,s34.405038075060141
139_15,s-0.555992382491840,s-2.729652348810873,s214.423504703434986
139_16,s1.550555048340965,s-0.896315759197572,s214.548479901955517
139_17,s-1.556619821615375,s1.233637515428949,s34.538479649898029
139_18,s0.378616322696810,s-2.611283194671247,s34.421850724405665
139_19,s-2.517751453144022,s-2.738742302435066,s214.333411096578914
139_20,s-2.428492138497735,s2.027194806421674,s214.538476355400178
139_21,s-0.311504572171204,s2.929714281758844,s214.541628974503141
139_22,s1.652514712017199,s1.984925370310939,s214.631333314375553
139_23,s1.549043655901649,s-1.834516557315848,s214.421829578242210
139_24,s-2.429366336692147,s1.083611659367283,s214.545102131028699
139_25,s1.848062934538754,s1.197254032443335,s34.631333275025959
139_26,s1.490750334007384,s-2.762920675814746,s214.421692430705605
139_27,s1.592431403683599,s0.102331051296596,s214.601887363940989
139_28,s0.270014321127272,s0.111267276898249,s214.552344051075067
139_29,s1.748613731450120,s-1.679451377489756,s34.548479610070395
139_30,s3.099153824530605,s0.232507331733370,s34.663091319834514
139_31,s-1.750874924787948,s0.136828800900475,s214.545119451415275
139_32,s3.099545940721516,s-1.655474025161693,s34.408071355034856
139_33,s1.063429998431924,s-2.614542925573584,s34.421830131838142
139_34,s-0.219774989379148,s0.256008102025214,s34.545588851432576
139_35,s2.324276376640142,s2.020542662400374,s214.631333222694508
139_36,s0.310448190092001,s-3.529877337248535,s34.421848969904268
139_37,s-3.108062508863279,s2.929585672992021,s214.203379649665408
139_38,s1.169911558951825,s1.200618029972169,s34.550590828527511
139_39,s2.198726990243551,s-2.772576818062829,s214.414226092992493
139_40,s0.952446384943403,s1.050339412672264,s214.553808395123156
139_41,s-0.863741109337635,s0.305895870778740,s34.545120401862171
139_42,s-2.912097533884885,s-0.657924049181753,s34.504760201748873
139_43,s2.294574988108502,s1.068120583052984,s214.658974197196670
139_44,s1.817562467167941,s0.250912089044677,s34.631285931820806
139_45,s1.746184082196911,s-0.740183314597751,s34.601887410434422
139_46,s2.423318559336026,s-2.624567200099986,s34.421689893196636
139_47,s-2.233938969814572,s1.239579310089158,s34.538479491491394
139_48,s-1.073266175470492,s2.015791605441639,s214.538480223375302
139_49,s-2.328152142120225,s-3.529843682632103,s34.333411312608924
139_50,s-0.380577331683394,s1.088276160198446,s214.545452507251667
139_51,s-3.076699624359614,s-3.528818780522645,s27.008542093432883
139_52,s2.414985661134175,s-3.529872700082011,s34.409748523508263
139_53,s-1.682450915598962,s-3.529879952485413,s34.428664792248703
139_54,s0.308948804268648,s2.008653087041143,s214.545454077223610
139_55,s-1.203686108197929,s-2.705726417916210,s214.428664302533434
139_56,s0.997483771834138,s-3.529877278836485,s34.421696362161761
139_57,s2.423415993104766,s0.199688675122100,s34.658974271263396
139_58,s0.421890435687462,s-1.663499267701516,s34.548313946934748
139_59,s-1.072255798646636,s1.075182003210215,s214.545120202222279
139_60,s0.935834674708576,s0.109344668703569,s214.553807061748387
139_61,s-2.196137774027695,s2.173570758327114,s34.530980450147588
139_62,s0.865384440926646,s-1.833229043466785,s214.421850619690360
139_63,s-2.416321543528381,s-1.726760242341852,s214.530588262664963
139_64,s-1.555417360997907,s0.292779723322980,s34.545118730270424
139_65,s1.146209931350893,s0.261455286640321,s34.553808336928292
139_66,s2.227247061613032,s-1.840661835185518,s214.421691447103285
139_67,s-0.372320538415113,s-3.529877969127875,s34.423504554800907
139_68,s0.469631588936129,s0.266160232763159,s34.552343059452149
139_69,s-0.229295467227875,s-1.638294039878081,s34.545764116285461
139_70,s-0.876471345382718,s1.231051127625567,s34.542957303179328
139_71,s-2.911930515046102,s0.283548351235321,s34.355024238299286
139_72,s-1.752099382532537,s1.077683326088105,s214.545118165720709
139_73,s2.231689712928378,s-0.896741662261910,s214.548479731511122
139_74,s0.370248281831088,s2.929715775220030,s214.545450661032874
139_75,s-0.898739231667420,s-0.682799313273182,s34.545119809277374
139_76,s1.052652354112745,s2.929716762062970,s214.547968928449535
139_77,s1.742397506687191,s-2.621995397015519,s34.421691455181652
139_78,s0.112506187650595,s-2.748427468344849,s214.421850229359620
139_79,s-0.997781904838742,s2.929713050454416,s214.538480192713791
139_80,s3.121976478415448,s2.419473233837726,s74.475844012471370
139_81,s0.194679430699295,s-1.811399438156568,s214.423505038036836
139_82,s2.228334382812310,s0.043328074609628,s214.655490981883389
139_83,s-3.107600574759136,s-0.813759150068886,s214.500930801386971
139_84,s1.067447547972025,s-1.678810246414826,s34.548386142060856
139_85,s-1.133258760668594,s-1.760985293326306,s214.431771589775110
139_86,s0.455051709542687,s-0.689115526412967,s34.552344018609467
139_87,s2.509633738152159,s1.219378662502446,s34.631333223552026
139_88,s-1.750683035351760,s2.021899523244642,s214.538479799182170
139_89,s2.900222362081075,s1.016223638910358,s214.665112125767337
139_90,s-3.108033954236483,s1.066959039731964,s214.221602373745810
139_91,s0.901127507246791,s-0.853780398016636,s214.548386126943882
139_92,s-3.107858398795954,s-1.753924966474379,s214.334131322039497
139_93,s-3.108034528125073,s2.002461231357008,s214.221237729198748
139_94,s3.099338388565553,s-0.712679193792336,s34.542870151822349
139_95,s-2.430643321310101,s0.139331916828036,s214.545102758531641
139_96,s-1.059178518208760,s0.149939726145016,s214.545119948520977
139_97,s0.479446882461849,s1.189125934632454,s34.548435837685368
139_98,s-0.112935567566266,s2.147327515074253,s34.542958283379342
139_99,s1.112622269410107,s-0.701952415122406,s34.553807006671214
139_100,s2.991897240043176,s2.052770079413726,s213.927430444047729
139_101,s-0.212416974503951,s-0.676088468553530,s34.545785645729048
139_102,s0.962566048385636,s1.971532351656208,s214.548617391117546
139_103,s-0.892274291784396,s-1.616680742863072,s34.545119730742790
139_104,s3.099558774481809,s-3.529868874188625,s34.399777542068769
139_105,s-2.899936384176972,s-2.521037663286724,s34.334131694406388
139_106,s3.102206003378763,s1.173262299004808,s32.776737724580478
139_107,s0.797103798461622,s-2.751630619530465,s214.421830129826446
139_108,s-1.038160557539090,s-3.529879952418410,s34.428664315310478
139_109,s1.223410240779953,s2.110551575275776,s34.547969358703774
139_110,s-0.393259923121617,s2.013380843832534,s214.542958246249270
139_111,s-2.906338266369356,s2.155883185419616,s34.221240007758702
139_112,s-0.290363647533009,s-2.592375575488309,s34.423504869447704
139_113,s-3.121976478415448,s-2.677625021637661,s207.008546699908692
139_114,s-0.409492088687473,s-0.831622015993456,s214.545764263837611
139_115,s-1.848319372552354,s-2.706177093285711,s214.428664750281655
139_116,s-1.488813352680560,s2.160612188543681,s34.538479380463862
139_117,s-2.429485326167973,s-0.801605658359760,s214.545102463613432
139_118,s1.628568604168993,s1.047260659673513,s214.631285949655421
139_119,s2.427164361096222,s-0.740351970010130,s34.655490903549499
139_120,s-0.952168215070715,s-2.564741216916095,s34.428664417433943
139_121,s-1.542344071112407,s-0.632435993455919,s34.545119952157457
139_122,s-0.415659480915604,s0.100165758127959,s214.545785218762489
139_123,s-2.414572834398934,s2.929697450202969,s214.498460524561807
139_124,s0.263350163927856,s1.038496475932645,s214.552342262351971
139_125,s-2.284250887700957,s-2.592435204083912,s34.530588000447274
139_126,s-0.467413708348056,s-1.783348732775244,s214.428664409839229
139_127,s1.699744938634034,s-3.529874413327623,s34.414225802489746
139_128,s2.581324455582685,s2.162527114849405,s34.951284551172769
139_129,s-2.235264249124127,s0.295303137940865,s34.545102458001345
139_130,s2.900732393096205,s-2.749803027581551,s214.405038248162214
139_131,s0.569206161135731,s2.147811109311926,s34.545453822405655
139_132,s-1.577376470731989,s-1.621268221689858,s34.545102436700013
139_133,s0.252037536260111,s-0.843134008999852,s214.548313830160282
139_134,s-1.094232510741752,s-0.838740981376171,s214.545119569193901
139_135,s-0.796712001618472,s2.150696671730152,s34.538480266263441
139_136,s-1.737723172105385,s-0.788407271947305,s214.545102340708667
139_137,s-3.107825946897445,s0.128226161642275,s214.355024340864247
139_138,s-1.615254519716426,s-2.559888495982118,s34.529825082564237
140_0,s2.485492505903244,s1.896756494726377,s305.052010484637663
140_1,s0.623959909507082,s1.935818983574018,s305.524903752037574
140_2,s2.477485851041314,s1.181906450124674,s305.052013630436420
140_3,s0.463796155317811,s-2.043064417733746,s305.561023344269358
140_4,s1.559434590360253,s-0.131374869169266,s305.052014512584719
140_5,s-1.540549619264760,s-3.215213517734770,s125.283238485411871
140_6,s3.237468465160747,s0.679533490667561,s125.052014267929692
140_7,s2.334025891488626,s0.756584659392251,s125.052014333728636
140_8,s-0.308052061275926,s1.248420615467007,s305.530293221893032
140_9,s2.287664673623980,s-1.291543650871466,s125.053180173847792
140_10,s-0.466173903847428,s-2.732403654531721,s305.591975389584434
140_11,s2.417333858303196,s-2.827846077194656,s302.783514272780280
140_12,s-2.325670425665055,s0.027846500796420,s305.179291013640125
140_13,s-2.415420150250478,s2.227428576112242,s123.452398784438557
140_14,s-1.556667398379962,s-1.850672322292813,s125.179290679604264
140_15,s1.433265114851104,s-2.114828482974452,s305.095769990418717
140_16,s-2.338941533565908,s-2.042640180577308,s305.179290750050200
140_17,s2.459126676099026,s-0.897792684876478,s305.052014278364481
140_18,s0.622380037444669,s1.252890020942886,s305.524913948727203
140_19,s-3.237468865548291,s0.788080721108380,s305.179291928106522
140_20,s-0.352503153255977,s0.598341702304290,s305.530294100039157
140_21,s1.287964853030867,s-1.878881267732152,s125.561021153724852
140_22,s-1.514003248580390,s0.197050163202545,s125.179291426200606
140_23,s-3.237468865259304,s-1.989719651750532,s305.179289902241919
140_24,s1.512366435664720,s-0.797929261579936,s305.053180076121748
140_25,s-2.333582330338386,s-1.359071108974668,s305.179290599539229
140_26,s3.237468465422128,s-0.015261509567922,s125.052014188785904
140_27,s-1.365363388723193,s-0.025117914716986,s305.521521608499711
140_28,s1.404120748184582,s1.449084670556095,s125.524904044994784
140_29,s-0.390758395373470,s-0.055185529116258,s305.530294895920235
140_30,s2.340979834829930,s1.441370369544678,s125.052015710027703
140_31,s-2.265824695188678,s1.999963673058480,s305.554464832056283
140_32,s-0.463147607740139,s1.444495540153879,s125.530293292314141
140_33,s-1.560617924456496,s-0.470565702913383,s125.179291002002017
140_34,s2.247905784303088,s-1.948898692960062,s125.086222380049051
140_35,s3.237468466089939,s-0.704173252871104,s125.052014226689394
140_36,s3.237468865727778,s-1.390658993639870,s125.053179884076826
140_37,s0.472172733734951,s0.761762190484370,s125.530293488803025
140_38,s-0.619654493006726,s-1.853830160255445,s125.549249000008359
140_39,s0.333744682127179,s-3.215563276125935,s125.591975227013620
140_40,s1.385250413293652,s2.812151845689034,s125.360444668944695
140_41,s0.604033105940275,s2.615456085507871,s305.497376146758313
140_42,s2.319252002583915,s2.812646094538517,s125.050081118119550
140_43,s-0.604426380157255,s-3.214999925931676,s125.535811611703338
140_44,s-0.621496584274946,s-2.536337410102133,s125.549252165214327
140_45,s-1.325719612843258,s0.628724148583079,s305.521521489883639
140_46,s0.349938206698662,s-1.195570313301424,s125.538210387389867
140_47,s1.407371111100467,s0.078613129461803,s125.530294686606439
140_48,s-1.405227308608739,s-2.731279590439751,s305.549248409556355
140_49,s0.627159023007695,s0.565273288781043,s305.530294242709317
140_50,s-2.392518056335299,s1.585459264918540,s125.179291258026950
140_51,s0.468917575579279,s2.132123163177690,s125.530293430102489
140_52,s-1.398869799779140,s2.127399115545544,s125.554464748218081
140_53,s-2.318310581737753,s-3.412120622113444,s305.179295171534989
140_54,s2.330424772103202,s0.067964381572617,s125.052014518247432
140_55,s-1.425551798189888,s2.811813446765397,s125.555555468267954
140_56,s0.429151064746252,s0.111879955146508,s125.530294676690502
140_57,s0.544246853009157,s-0.739168523970864,s305.531328107630145
140_58,s1.556468178701075,s0.562355174971438,s305.052014611483798
140_59,s3.237468461862413,s1.389809984955030,s125.052012817220401
140_60,s-3.237468829655834,s-3.412120650059867,s305.179278103771480
140_61,s1.559160674120980,s1.250456438546352,s305.052015647961980
140_62,s-3.237468863900607,s-2.711140515819950,s305.179288948373653
140_63,s-2.340748535866992,s-2.728136242091672,s305.283239304196286
140_64,s0.467411740340848,s1.449474637696026,s125.530293610776880
140_65,s0.583851567778432,s-0.085691647623507,s305.530294890657899
140_66,s3.237468462189054,s2.110889461049584,s125.052008442841995
140_67,s1.271611046798306,s-3.215162269977763,s125.591974015438780
140_68,s-2.358092976955715,s2.816430022539226,s122.851525786017632
140_69,s2.340255329459107,s2.129570585448626,s125.360444764027406
140_70,s0.489051228080333,s-3.411471109113694,s305.591974371626350
140_71,s1.400695804105612,s-2.725878868239640,s305.512623292104024
140_72,s-2.475607634975046,s-1.781942497968965,s125.179290010108318
140_73,s3.198093101155849,s-3.310358281056277,s122.678571914605087
140_74,s2.201365970113291,s-3.209950746226715,s125.512623389015275
140_75,s3.237468866968765,s-2.044197232543031,s125.053180104122646
140_76,s-1.401864206716853,s-2.049934661066955,s305.549250273294945
140_77,s3.237467779321180,s2.812646098516620,s125.050077521451058
140_78,s2.461651340591092,s-0.210845221964118,s305.052014273204634
140_79,s0.504751937279554,s-1.392794786496845,s305.538210163423003
140_80,s1.539764042184273,s2.615618026593848,s305.360444903916800
140_81,s-2.201956222954617,s2.610505409475194,s305.589873466377014
140_82,s-1.290270232011500,s1.282946126486358,s305.530289790389475
140_83,s-0.332900788152137,s2.615810650635995,s305.530293889132849
140_84,s-1.400097366485020,s-1.367244158527325,s305.529371794950123
140_85,s-1.560309856362911,s-2.533602978314446,s125.283239753466532
140_86,s-2.423420366081252,s0.955440112166461,s125.179291784253337
140_87,s-2.460683891402103,s-0.390808625689581,s125.179290550460877
140_88,s-0.430379095820114,s-0.708956163682699,s305.531329000023959
140_89,s2.390997702629176,s-2.184824567906774,s305.053180244787200
140_90,s1.426912635224674,s-3.411596883406323,s305.510773943963784
140_91,s-0.487996337555915,s2.811885574562596,s125.530292500600041
140_92,s-0.627836501853763,s-1.163750704025240,s125.529371973037371
140_93,s-0.507029856488855,s0.796616715059103,s125.521524063940234
140_94,s0.308662387150188,s-1.846818605909196,s125.561024395055000
140_95,s-0.449443490598927,s-3.411558473672426,s305.535809666346381
140_96,s-2.287939319490603,s0.690361726724326,s305.179291519514322
140_97,s2.471169887853509,s2.609676595236456,s305.050081179202550
140_98,s2.267553833363650,s-2.598750590128803,s125.512622839703965
140_99,s2.357246496860784,s-3.416430022539226,s302.678626368733831
140_100,s-1.472782553131384,s0.856862793932541,s125.179291992419181
140_101,s2.324693260557966,s-0.630734054915471,s125.052014680766874
140_102,s-2.485542945458715,s-2.495668703989352,s125.179289364413492
140_103,s-0.464479446887754,s-2.049979743040974,s305.561024540118296
140_104,s-2.249392788169845,s1.348638947371850,s305.179292061737556
140_105,s-3.237468863826773,s-1.281697964475185,s305.179289966660292
140_106,s-1.407779984023908,s-0.676838887337026,s305.521523110718931
140_107,s0.316373080507631,s-2.536085008643021,s125.591975037093448
140_108,s0.471676469356360,s-2.732004850184398,s305.591974002320001
140_109,s-3.237468866968765,s-0.587027702468171,s305.179290395831799
140_110,s-1.386300967799973,s-3.411955364469301,s305.283238578668374
140_111,s-3.201562358607378,s2.709365449690549,s302.866020739404235
140_112,s2.422804181098280,s-1.556031868553681,s305.053180031542581
140_113,s1.364428615836767,s-0.572298785897971,s125.531328087710875
140_114,s1.245524442103934,s-2.529048730826341,s125.591973935313121
140_115,s-0.468257767254590,s2.132260007310737,s125.548235063512209
140_116,s1.406380776608308,s2.131493260985077,s125.524903686553031
140_117,s-3.237468865671703,s1.442032975262641,s305.179291362234096
140_118,s-0.545587516670660,s0.141943778221939,s125.521521602078550
140_119,s-2.329753467382625,s-0.672709087265518,s305.179290545106824
140_120,s1.402784232858336,s0.766203878056344,s125.530294107686601
140_121,s-2.460139752287011,s0.296664862421346,s125.179290945345983
140_122,s3.236855390287894,s-2.693977325373971,s122.783514351423918
140_123,s-1.554030643580848,s-1.164994768927212,s125.179290387134259
140_124,s1.561098294863324,s1.933201963070863,s305.360445508088560
140_125,s-0.313113985209344,s1.936091656889245,s305.530293297572996
140_126,s-3.236957552285842,s2.086996198660850,s303.452398819151199
140_127,s1.471479358197430,s-1.456167994540337,s305.082171047962390
140_128,s-1.435925391544699,s1.516540929807170,s125.185502705512476
140_129,s-0.585231286130299,s-0.511898285907738,s125.521523162864966
140_130,s-1.243772541331157,s1.931050266661281,s305.548235163006268
140_131,s-2.470386350758979,s-3.208387182771176,s125.179290024721013
140_132,s-1.270161833950262,s2.615705454407659,s305.548234996033273
140_133,s1.324811735428333,s-1.225748617716908,s125.538209559877160
140_134,s0.449134062558479,s2.811936942243663,s125.497376125008273
140_135,s-0.472886224607775,s-1.360502927461499,s305.538211278725100
140_136,s2.466011717563295,s0.480557240944104,s305.052013922953051
140_137,s-3.237468866555279,s0.100867203105022,s305.179290629351499
140_138,s0.389479547013073,s-0.541839322891007,s125.531328199303175
140_139,s-2.465707724887102,s-1.081588043353890,s125.179290346397536
141_0,s3.267968551174714,s-1.756302073155307,s63.668509697168318
141_1,s2.355368872736301,s-0.426212975236758,s246.443948446073222
141_2,s-2.374429006491235,s2.805735379602266,s63.224116013789001
141_3,s-3.267692598210818,s2.858941841086768,s243.840660863784933
141_4,s1.222943494199465,s2.283735502023879,s245.058331131211446
141_5,s2.113765689898181,s-3.458717475347058,s66.064054721490152
141_6,s-0.952647592829354,s-0.117169954539257,s246.566792927158076
141_7,s-2.116505969981267,s-1.200569808546517,s245.369255697352855
141_8,s0.048234655027651,s-3.394210491267541,s246.031812832387573
141_9,s-2.456353514238151,s-1.855534447433616,s62.911424768184133
141_10,s2.495076500945172,s-1.152478418855817,s246.135165840172903
141_11,s1.352184221794836,s-0.633199986798384,s246.474990813122190
141_12,s-0.952568703921895,s-0.657041746182194,s246.469443852521607
141_13,s2.113701092504413,s0.586208761198608,s66.417942499585180
141_14,s-2.259500507723716,s-2.857356079368395,s246.229587887821424
141_15,s-2.228460715803735,s1.692425020780650,s245.845583332333234
141_16,s3.267584703370859,s1.673546638027587,s66.032580496071617
141_17,s1.201246057309101,s0.645046002353653,s246.408893264393612
141_18,s-3.267735611485234,s2.196547511760392,s243.806507872423708
141_19,s-1.194789205974353,s-0.724290549451589,s66.255149633574945
141_20,s1.204226658154849,s-2.315916217862791,s245.972746032405581
141_21,s-1.289988952392861,s-1.836765061625701,s62.398671251571386
141_22,s-1.104601909032362,s-2.855026173341544,s246.057626730823159
141_23,s-3.245058061650130,s-3.451108945288180,s249.602096861537632
141_24,s-1.066715261311783,s2.294222457843406,s244.370155644571071
141_25,s-3.267365242059103,s-0.139572619003129,s246.236440784742570
141_26,s-2.183391241676897,s-1.749534888239223,s242.398900392186192
141_27,s-1.346411740615409,s-2.920119815061809,s66.016629370318384
141_28,s-2.368437524988331,s-1.285702057222065,s65.387264547709435
141_29,s2.114429834328670,s-2.920046995681425,s66.055862383485930
141_30,s-2.110865860344244,s0.952434962767388,s246.986359334647517
141_31,s-1.333119637718618,s1.665182081537812,s65.598891534744652
141_32,s0.051552414651491,s-2.315543755107589,s245.918260654540234
141_33,s-0.040922921310991,s-0.171856603361371,s66.557457981002642
141_34,s0.079492729383676,s2.282013908847310,s244.845382537031838
141_35,s3.267583097268603,s-2.377475350747949,s66.027025669965951
141_36,s0.132659232379982,s2.861494573045489,s242.822123189226232
141_37,s-0.193805526978937,s1.115210298264768,s66.473522787264102
141_38,s3.267349120947063,s-3.458732698801570,s66.056944315880983
141_39,s3.267580489846026,s-2.919386825786263,s66.054041106273132
141_40,s0.959915283402080,s0.578532253748626,s66.484912594889607
141_41,s1.207151056478949,s1.726921375759747,s246.051120853653430
141_42,s-2.351976598972827,s0.881930868514160,s66.984176935810979
141_43,s2.356587270211572,s1.736461480740207,s246.032584249597164
141_44,s1.269499991194052,s-1.751686983232199,s242.917966957568325
141_45,s2.357112061401619,s-2.315710271539567,s246.027009242439334
141_46,s0.962429181420716,s-2.380258132941361,s65.916463283128849
141_47,s-2.107581572388747,s-0.661858465821507,s246.276232418755967
141_48,s3.267509642145906,s1.135570869601945,s66.458425684943109
141_49,s-0.190427797680339,s-2.379603109880311,s65.834822704481681
141_50,s-0.954125633615897,s0.422431770637535,s246.730664804806253
141_51,s2.124850478381137,s2.224730032197516,s65.058331196851213
141_52,s3.262717097075519,s2.833245546619304,s64.293743149191982
141_53,s2.114075886399429,s0.046584806008327,s66.347361129049503
141_54,s0.200209152263899,s-0.104465220342431,s246.553301510590131
141_55,s-2.484548053863261,s1.593170750042344,s65.859096588625420
141_56,s-0.132159507042730,s-1.827791153465061,s62.734809554514584
141_57,s2.355265539717993,s-3.393917066465248,s246.062479391937046
141_58,s-0.165025799675244,s2.223062760763820,s64.373474293412400
141_59,s-3.267968551174714,s-1.901779217709764,s242.911509267087325
141_60,s-3.267369824076765,s-2.692938859201290,s246.178857279471174
141_61,s2.367505538459398,s2.285345578947553,s245.093804727507006
141_62,s2.396140558231720,s2.856173051583082,s244.293744534404112
141_63,s-1.347210832684631,s-3.458465168429171,s66.175765597451246
141_64,s1.260834671525175,s2.861456704452982,s242.850289471161148
141_65,s-2.353655571339378,s-0.739593614612337,s66.318896068829062
141_66,s-2.303309256367431,s-3.446044883467903,s252.571797033735010
141_67,s2.401963028558088,s-1.754480792119726,s243.668757192274398
141_68,s1.201082445279133,s1.184817536252837,s246.310169896402982
141_69,s1.016006683157152,s2.810378335515264,s62.819518166423208
141_70,s-1.197269645903640,s0.355835039434774,s66.059337850787941
141_71,s-2.450942341099417,s2.249089940797057,s63.806507460713561
141_72,s1.202496396652565,s-2.855372018071094,s246.055870361012268
141_73,s-2.355188817484223,s-0.201276995805610,s66.244061788102513
141_74,s-1.025488701870786,s-1.747829449727210,s242.688856112789438
141_75,s0.958153553708091,s1.119718350577101,s65.830975688634865
141_76,s0.049012727609992,s-2.855383801122765,s246.060823547185151
141_77,s2.155332483376482,s-1.807862889763695,s62.920977718781373
141_78,s-3.265416233077470,s0.400343563155229,s246.107051554458792
141_79,s0.960235702445533,s-3.458732235931322,s66.058050167255232
141_80,s-0.999612665113228,s2.860380631050527,s243.269716641331797
141_81,s-2.204681290463865,s2.303177885604680,s243.124762840121008
141_82,s-0.961222504309539,s-1.198389521864084,s245.954932539601629
141_83,s-0.187760473799971,s1.669566835317156,s65.077450574242846
141_84,s-2.256578172398433,s-2.317083643944999,s246.154881624377197
141_85,s1.201726107593462,s-3.393997456252869,s246.056305833556024
141_86,s-2.129803987395302,s2.858363300004548,s243.177737498404269
141_87,s3.267573729962915,s-1.026083333866733,s66.140347016553662
141_88,s-0.112449747039544,s2.810125384858951,s62.960366886940491
141_89,s0.963125055016255,s1.663260623385298,s65.349372062200715
141_90,s2.147648765405188,s2.801274296906177,s62.851015012525309
141_91,s-1.105318179689805,s-3.393449463612462,s246.023979178184277
141_92,s-1.314435751185905,s2.238655386745577,s63.124762877188715
141_93,s0.979609741706066,s2.223543275052270,s64.845382525170081
141_94,s-2.549877557695532,s-2.512293012188515,s66.165821154138840
141_95,s-3.266449131378448,s-0.678743887325287,s246.357620627323683
141_96,s0.961012914046670,s-2.920115597968866,s66.059644356405400
141_97,s-2.354231212490085,s0.338398641803157,s66.102523636019669
141_98,s0.960515520215201,s0.038518230209364,s66.512547947596730
141_99,s-2.107428256069891,s0.416289188365603,s246.059444383709462
141_100,s-1.244275563945954,s2.807612498964332,s63.177855493008494
141_101,s1.017401375197321,s-1.818718357539370,s62.885246600245495
141_102,s-1.100809683252528,s-2.315006266695042,s245.855769171050468
141_103,s2.247419088452625,s-1.233177331814274,s66.130387653942307
141_104,s-0.040939952788222,s-0.713349868992920,s66.470593821746760
141_105,s3.267558520924506,s0.595389437367693,s66.380150602415199
141_106,s-0.193891897967270,s0.567610363345081,s66.757073781924674
141_107,s1.110704950673808,s-0.700749542876182,s66.474312745602319
141_108,s-1.102048994724805,s1.161795512811378,s246.552521492399450
141_109,s2.114091338789033,s1.126461071522721,s66.475848631693182
141_110,s2.115387158055404,s-2.380287734698673,s65.973630251961893
141_111,s1.341144183322121,s-1.184294891203347,s245.963402361341707
141_112,s0.049530501402669,s1.180757347373324,s245.830908980501761
141_113,s3.267554088023046,s-0.484305122811687,s66.444940901692036
141_114,s-0.192467621030139,s-2.920135740937486,s66.057757871431747
141_115,s-3.267451219766400,s-1.239654502882295,s245.387262563030333
141_116,s-0.052018297098256,s-1.258401713135290,s65.958913857449289
141_117,s2.114236720369494,s-0.492744425516071,s66.456696775138170
141_118,s-1.089248898492888,s1.727195322235736,s245.077450772693311
141_119,s2.355611980321137,s0.653885666453752,s246.366824537028407
141_120,s1.099434603371794,s-1.248643123376754,s65.934634500768880
141_121,s3.267694641928323,s2.231202563382698,s65.093804826452413
141_122,s-1.344339576867018,s-2.380543553242115,s66.140619522240470
141_123,s0.047739608457563,s0.635028548165277,s-833.490726837241709
141_124,s0.200112456480946,s-0.646850955242927,s246.473936424213321
141_125,s-3.267397825762854,s1.480220175060358,s245.859096917295858
141_126,s1.202079953219156,s0.105120206109302,s246.370294567552946
141_127,s2.355326966112385,s1.193260201287063,s246.463360014567201
141_128,s-2.108624625023976,s-0.123089196608147,s246.184011564313550
141_129,s-1.195516959759415,s-0.185342388204210,s66.295439612581220
141_130,s-2.459392089952993,s-3.247694949550196,s73.339150651234405
141_131,s0.055460609405681,s1.730885834932723,s245.342691416307986
141_132,s0.191161946294060,s-1.190390401895264,s245.935846748047624
141_133,s2.114962813121595,s1.671806519339665,s66.051145446049958
141_134,s0.126477240453122,s-1.748143876768586,s242.856078880301851
141_135,s-1.344038018884927,s1.093740502296540,s66.986367227963768
141_136,s2.355915487638570,s-2.855312211243390,s246.054293690396577
141_137,s-1.208030074643896,s-1.269427308082712,s65.385029974693893
141_138,s3.267552511353427,s0.055128626045124,s66.348911008930273
141_139,s-0.193327866589307,s-3.458818613857223,s66.019488103751030
141_140,s2.355812196406036,s0.113888011198767,s246.341118831695269
142_0,s3.267968551174714,s-1.756302073155307,s63.668509697168318
142_1,s2.355368872736301,s-0.426212975236758,s246.443948446073222
142_2,s-2.374429006491235,s2.805735379602266,s63.224116013789001
142_3,s-3.267692598210818,s2.858941841086768,s243.840660863784933
142_4,s1.222943494199465,s2.283735502023879,s245.058331131211446
142_5,s2.113765689898181,s-3.458717475347058,s66.064054721490152
142_6,s-0.952647592829354,s-0.117169954539257,s246.566792927158076
142_7,s-2.116505969981267,s-1.200569808546517,s245.369255697352855
142_8,s0.048234655027651,s-3.394210491267541,s246.031812832387573
142_9,s-2.456353514238151,s-1.855534447433616,s62.911424768184133
142_10,s2.495076500945172,s-1.152478418855817,s246.135165840172903
142_11,s1.352184221794836,s-0.633199986798384,s246.474990813122190
142_12,s-0.952568703921895,s-0.657041746182194,s246.469443852521607
142_13,s2.113701092504413,s0.586208761198608,s66.417942499585180
142_14,s-2.259500507723716,s-2.857356079368395,s246.229587887821424
142_15,s-2.228460715803735,s1.692425020780650,s245.845583332333234
142_16,s3.267584703370859,s1.673546638027587,s66.032580496071617
142_17,s1.201246057309101,s0.645046002353653,s246.408893264393612
142_18,s-3.267735611485234,s2.196547511760392,s243.806507872423708
142_19,s-1.194789205974353,s-0.724290549451589,s66.255149633574945
142_20,s1.204226658154849,s-2.315916217862791,s245.972746032405581
142_21,s-1.289988952392861,s-1.836765061625701,s62.398671251571386
142_22,s-1.104601909032362,s-2.855026173341544,s246.057626730823159
142_23,s-3.245058061650130,s-3.451108945288180,s249.602096861537632
142_24,s-1.066715261311783,s2.294222457843406,s244.370155644571071
142_25,s-3.267365242059103,s-0.139572619003129,s246.236440784742570
142_26,s-2.183391241676897,s-1.749534888239223,s242.398900392186192
142_27,s-1.346411740615409,s-2.920119815061809,s66.016629370318384
142_28,s-2.368437524988331,s-1.285702057222065,s65.387264547709435
142_29,s2.114429834328670,s-2.920046995681425,s66.055862383485930
142_30,s-2.110865860344244,s0.952434962767388,s246.986359334647517
142_31,s-1.333119637718618,s1.665182081537812,s65.598891534744652
142_32,s0.051552414651491,s-2.315543755107589,s245.918260654540234
142_33,s-0.040922921310991,s-0.171856603361371,s66.557457981002642
142_34,s0.079492729383676,s2.282013908847310,s244.845382537031838
142_35,s3.267583097268603,s-2.377475350747949,s66.027025669965951
142_36,s0.132659232379982,s2.861494573045489,s242.822123189226232
142_37,s-0.193805526978937,s1.115210298264768,s66.473522787264102
142_38,s3.267349120947063,s-3.458732698801570,s66.056944315880983
142_39,s3.267580489846026,s-2.919386825786263,s66.054041106273132
142_40,s0.959915283402080,s0.578532253748626,s66.484912594889607
142_41,s1.207151056478949,s1.726921375759747,s246.051120853653430
142_42,s-2.351976598972827,s0.881930868514160,s66.984176935810979
142_43,s2.356587270211572,s1.736461480740207,s246.032584249597164
142_44,s1.269499991194052,s-1.751686983232199,s242.917966957568325
142_45,s2.357112061401619,s-2.315710271539567,s246.027009242439334
142_46,s0.962429181420716,s-2.380258132941361,s65.916463283128849
142_47,s-2.107581572388747,s-0.661858465821507,s246.276232418755967
142_48,s3.267509642145906,s1.135570869601945,s66.458425684943109
142_49,s-0.190427797680339,s-2.379603109880311,s65.834822704481681
142_50,s-0.954125633615897,s0.422431770637535,s246.730664804806253
142_51,s2.124850478381137,s2.224730032197516,s65.058331196851213
142_52,s3.262717097075519,s2.833245546619304,s64.293743149191982
142_53,s2.114075886399429,s0.046584806008327,s66.347361129049503
142_54,s-3.267328918648316,s0.937400576678244,s246.984175997567689
142_55,s0.200209152263899,s-0.104465220342431,s246.553301510590131
142_56,s-2.484548053863261,s1.593170750042344,s65.859096588625420
142_57,s-0.132159507042730,s-1.827791153465061,s62.734809554514584
142_58,s2.355265539717993,s-3.393917066465248,s246.062479391937046
142_59,s-0.165025799675244,s2.223062760763820,s64.373474293412400
142_60,s-3.267968551174714,s-1.901779217709764,s242.911509267087325
142_61,s-3.267369824076765,s-2.692938859201290,s246.178857279471174
142_62,s2.367505538459398,s2.285345578947553,s245.093804727507006
142_63,s2.396140558231720,s2.856173051583082,s244.293744534404112
142_64,s-1.347210832684631,s-3.458465168429171,s66.175765597451246
142_65,s1.260834671525175,s2.861456704452982,s242.850289471161148
142_66,s-2.353655571339378,s-0.739593614612337,s66.318896068829062
142_67,s-2.303309256367431,s-3.446044883467903,s252.571797033735010
142_68,s2.401963028558088,s-1.754480792119726,s243.668757192274398
142_69,s1.201082445279133,s1.184817536252837,s246.310169896402982
142_70,s1.016006683157152,s2.810378335515264,s62.819518166423208
142_71,s-1.197269645903640,s0.355835039434774,s66.059337850787941
142_72,s-2.450942341099417,s2.249089940797057,s63.806507460713561
142_73,s1.202496396652565,s-2.855372018071094,s246.055870361012268
142_74,s-2.355188817484223,s-0.201276995805610,s66.244061788102513
142_75,s-1.025488701870786,s-1.747829449727210,s242.688856112789438
142_76,s0.958153553708091,s1.119718350577101,s65.830975688634865
142_77,s0.049012727609992,s-2.855383801122765,s246.060823547185151
142_78,s2.155332483376482,s-1.807862889763695,s62.920977718781373
142_79,s-3.265416233077470,s0.400343563155229,s246.107051554458792
142_80,s0.960235702445533,s-3.458732235931322,s66.058050167255232
142_81,s-0.999612665113228,s2.860380631050527,s243.269716641331797
142_82,s-2.204681290463865,s2.303177885604680,s243.124762840121008
142_83,s-0.961222504309539,s-1.198389521864084,s245.954932539601629
142_84,s-0.187760473799971,s1.669566835317156,s65.077450574242846
142_85,s-2.256578172398433,s-2.317083643944999,s246.154881624377197
142_86,s1.201726107593462,s-3.393997456252869,s246.056305833556024
142_87,s-2.129803987395302,s2.858363300004548,s243.177737498404269
142_88,s3.267573729962915,s-1.026083333866733,s66.140347016553662
142_89,s-0.112449747039544,s2.810125384858951,s62.960366886940491
142_90,s0.963125055016255,s1.663260623385298,s65.349372062200715
142_91,s2.147648765405188,s2.801274296906177,s62.851015012525309
142_92,s-1.105318179689805,s-3.393449463612462,s246.023979178184277
142_93,s-1.314435751185905,s2.238655386745577,s63.124762877188715
142_94,s0.979609741706066,s2.223543275052270,s64.845382525170081
142_95,s-2.549877557695532,s-2.512293012188515,s66.165821154138840
142_96,s-3.266449131378448,s-0.678743887325287,s246.357620627323683
142_97,s0.961012914046670,s-2.920115597968866,s66.059644356405400
142_98,s-2.354231212490085,s0.338398641803157,s66.102523636019669
142_99,s0.960515520215201,s0.038518230209364,s66.512547947596730
142_100,s-2.107428256069891,s0.416289188365603,s246.059444383709462
142_101,s-1.244275563945954,s2.807612498964332,s63.177855493008494
142_102,s1.017401375197321,s-1.818718357539370,s62.885246600245495
142_103,s-1.100809683252528,s-2.315006266695042,s245.855769171050468
142_104,s2.247419088452625,s-1.233177331814274,s66.130387653942307
142_105,s-0.040939952788222,s-0.713349868992920,s66.470593821746760
142_106,s3.267558520924506,s0.595389437367693,s66.380150602415199
142_107,s-0.193891897967270,s0.567610363345081,s66.757073781924674
142_108,s1.110704950673808,s-0.700749542876182,s66.474312745602319
142_109,s-1.102048994724805,s1.161795512811378,s246.552521492399450
142_110,s2.114091338789033,s1.126461071522721,s66.475848631693182
142_111,s2.115387158055404,s-2.380287734698673,s65.973630251961893
142_112,s1.341144183322121,s-1.184294891203347,s245.963402361341707
142_113,s0.049530501402669,s1.180757347373324,s245.830908980501761
142_114,s3.267554088023046,s-0.484305122811687,s66.444940901692036
142_115,s-0.192467621030139,s-2.920135740937486,s66.057757871431747
142_116,s-3.267451219766400,s-1.239654502882295,s245.387262563030333
142_117,s-0.052018297098256,s-1.258401713135290,s65.958913857449289
142_118,s2.114236720369494,s-0.492744425516071,s66.456696775138170
142_119,s-1.089248898492888,s1.727195322235736,s245.077450772693311
142_120,s2.355611980321137,s0.653885666453752,s246.366824537028407
142_121,s1.099434603371794,s-1.248643123376754,s65.934634500768880
142_122,s3.267694641928323,s2.231202563382698,s65.093804826452413
142_123,s-1.344339576867018,s-2.380543553242115,s66.140619522240470
142_124,s0.047739608457563,s0.635028548165277,s-833.490726837241709
142_125,s0.200112456480946,s-0.646850955242927,s246.473936424213321
142_126,s-3.267397825762854,s1.480220175060358,s245.859096917295858
142_127,s1.202079953219156,s0.105120206109302,s246.370294567552946
142_128,s2.355326966112385,s1.193260201287063,s246.463360014567201
142_129,s-2.108624625023976,s-0.123089196608147,s246.184011564313550
142_130,s-1.195516959759415,s-0.185342388204210,s66.295439612581220
142_131,s-2.459392089952993,s-3.247694949550196,s73.339150651234405
142_132,s0.055460609405681,s1.730885834932723,s245.342691416307986
142_133,s0.191161946294060,s-1.190390401895264,s245.935846748047624
142_134,s2.114962813121595,s1.671806519339665,s66.051145446049958
142_135,s0.126477240453122,s-1.748143876768586,s242.856078880301851
142_136,s-1.344038018884927,s1.093740502296540,s66.986367227963768
142_137,s2.355915487638570,s-2.855312211243390,s246.054293690396577
142_138,s-1.208030074643896,s-1.269427308082712,s65.385029974693893
142_139,s3.267552511353427,s0.055128626045124,s66.348911008930273
142_140,s-0.193327866589307,s-3.458818613857223,s66.019488103751030
142_141,s2.355812196406036,s0.113888011198767,s246.341118831695269
143_0,s0.181880901054352,s-1.729535993369619,s246.399585603069681
143_1,s2.126135185166929,s0.637168055040527,s66.584178052740967
143_2,s-0.179759008873688,s2.247148831824784,s65.796013237618723
143_3,s-1.097096782725784,s-3.423147167291236,s243.809825897943909
143_4,s0.155979047759495,s0.006819097719709,s246.670249983043931
143_5,s0.927181381378022,s-3.473241006844384,s63.860556228896996
143_6,s-0.206689512618125,s-3.475062405102497,s63.831272672541459
143_7,s2.125869692567410,s1.176198572889428,s66.575926267196749
143_8,s0.037878905755029,s-3.420782608757572,s243.885925606010346
143_9,s-2.126551385431223,s-1.202165920457314,s246.625448965208733
143_10,s-2.148623257946237,s-2.853381143413155,s243.796550350925230
143_11,s0.119949875208994,s2.873878887443849,s243.945244743982641
143_12,s-2.489528267721555,s-3.474352563780809,s64.114221757811549
143_13,s-2.229148878942772,s2.315630390290973,s243.911555181397745
143_14,s1.334029561219549,s-1.725526920955009,s246.418712602114653
143_15,s-2.484619670614552,s1.596630174385346,s66.724445487962910
143_16,s-0.974106308219570,s-0.115533469684435,s246.648837212857558
143_17,s2.240777123626982,s-1.775391783413712,s66.481593715596574
143_18,s-2.366555359169486,s0.892312339678430,s66.843068758096152
143_19,s2.126723108134630,s2.254635204602793,s66.412234553454510
143_20,s1.006729130760268,s-2.903225188468937,s64.011480120496188
143_21,s2.146722644556665,s-2.915661961722474,s64.021983684254081
143_22,s1.092705113607445,s-1.245949886156863,s66.866853476690039
143_23,s0.971663829110430,s1.710010477162131,s66.603841225956685
143_24,s-3.279802111793182,s-1.207532970268112,s246.588714887280787
143_25,s-0.061278497471692,s-1.256247229010466,s66.624877919041651
143_26,s-2.126381847862439,s-2.287011262117218,s245.874237547816506
143_27,s-1.094047479210314,s1.761272911787015,s246.772871889252514
143_28,s2.367450929844157,s1.780862494934995,s246.452555017419456
143_29,s0.998709411957286,s-0.565978482479936,s66.682960776230075
143_30,s-1.219805993794551,s-2.347923257281526,s65.874201323791127
143_31,s2.397905482726615,s2.871242091575567,s245.017495191745041
143_32,s0.120639369782219,s-2.860376730529747,s244.009455561313246
143_33,s2.390633872596500,s-2.860822774803255,s244.021969149626898
143_34,s-2.367873545948196,s0.350472956306644,s66.612350236839660
143_35,s0.180163723492146,s-1.190085656456450,s246.734174136724562
143_36,s1.074292064699649,s-2.337032331450795,s65.853956988256201
143_37,s-0.124396749784365,s2.819530402566813,s63.844323191381534
143_38,s3.280227345670191,s-2.912732329160714,s64.021969904601534
143_39,s-0.062602330470537,s-0.715031248308578,s66.599395327211582
143_40,s3.279842026208546,s1.179122145706726,s66.472936820108828
143_41,s-3.280227350844120,s2.874013425579833,s243.891732908948541
143_42,s1.215600118274616,s2.316384860064771,s246.409332278627801
143_43,s2.102436107847539,s-1.040465353785939,s67.102666839990604
143_44,s-3.279797522140326,s0.949716374716678,s246.633438398628186
143_45,s-2.473166749261714,s2.261261985735948,s63.911166248587804
143_46,s-3.279800375227473,s0.410429193647976,s246.612419034634058
143_47,s0.972604928757778,s0.631658790939376,s66.592359728964851
143_48,s-0.973684603942034,s-0.656788676458327,s246.599381057196240
143_49,s2.368045169668334,s0.703104931666274,s246.443730348043658
143_50,s3.279835902237316,s0.640366288625366,s66.442715113785752
143_51,s0.168571776892290,s-2.277809613800709,s245.854357660517934
143_52,s-0.973414447534452,s-1.196038377528609,s246.625008652792047
143_53,s-1.335115975549353,s1.694734115227033,s66.792327947899949
143_54,s3.279676745065743,s1.717786159713764,s66.473322155346992
143_55,s-2.367933903459872,s-0.728325937674261,s66.602210263612676
143_56,s-1.012826650697585,s-2.861009193098985,s243.796549971378084
143_57,s1.011216055311353,s2.816174028225550,s63.945337902110140
143_58,s-1.215366521099210,s-0.181447174533731,s66.616388361208422
143_59,s-2.234080987528977,s-3.421653139983896,s243.069845931920270
143_60,s-0.181393021102508,s1.164236912786020,s66.777422808579388
143_61,s1.256824273535537,s2.872333868455488,s244.567977634775843
143_62,s1.251013981835944,s-2.847655457214389,s244.021983508748065
143_63,s-0.124045263311039,s-2.914817372768964,s63.796549906104616
143_64,s-0.970013556328782,s0.503230718709027,s247.260046097845986
143_65,s-2.126734262883208,s-0.662563580328317,s246.601038302892306
143_66,s-2.125275323382601,s-1.742559611191686,s246.660994568622698
143_67,s2.367449768355110,s0.163642966617512,s246.569548282700566
143_68,s-2.143893243367323,s2.876726072856704,s242.711258878307888
143_69,s-2.367810271770049,s-0.188918785863469,s66.616452649823430
143_70,s-3.279366340144346,s-1.746618728373257,s246.603844962447198
143_71,s1.214014897138554,s0.697892563223678,s246.592166243511627
143_72,s-1.013801097356885,s2.874133124058770,s243.844221941822923
143_73,s3.279862845991829,s-3.463132556477487,s69.099886079919344
143_74,s2.364245836069162,s-0.918320197578018,s247.058684333341262
143_75,s-3.279842463870364,s-2.283785613871612,s246.116294594010299
143_76,s3.279829410473989,s-0.975906934481469,s66.648572039969082
143_77,s2.337037936381729,s-3.408624978946679,s243.580729877407208
143_78,s0.060062797772005,s1.230771935830719,s246.671172027319670
143_79,s2.368173557174098,s-0.375151947435137,s246.457905002230319
143_80,s1.213836628268260,s1.237044030107587,s246.577038379970759
143_81,s-0.972420578283112,s-1.735070137590965,s246.648750208152137
143_82,s2.125330595321199,s1.715366019384399,s66.629030287092576
143_83,s-0.073557720478746,s-2.340608641684504,s65.867722631166586
143_84,s-1.213592703013249,s-1.801063792638988,s66.660939500580412
143_85,s-1.086207371214917,s2.309172110040805,s245.792990475238156
143_86,s2.153323481101762,s2.812897994168436,s64.573353554104401
143_87,s-1.344472408128716,s1.130364917284919,s69.838744467877106
143_88,s3.279834843102032,s0.101838480036799,s66.569339367173498
143_89,s-0.181983153670339,s1.703932178139148,s66.772893772572417
143_90,s-1.095098795738647,s1.213382207174328,s247.259817478802120
143_91,s-2.118478197539755,s0.967407810681683,s249.828912069180632
143_92,s0.063950191462153,s2.311414813666928,s246.388680689123419
143_93,s-0.977771218502733,s-2.285238753362429,s245.867722548920369
143_94,s-2.393497259910970,s-2.908012536694854,s64.081762762774645
143_95,s2.466746784852215,s-2.301626147689475,s244.021969587027428
143_96,s2.085448915173811,s-3.468931761268971,s66.388358804408625
143_97,s-1.225819749455663,s0.395751387843019,s67.168165927626575
143_98,s-1.256951708705985,s-2.914888296826934,s63.796550237023254
143_99,s0.972374722799302,s1.171086616084578,s66.658271806378735
143_100,s-2.126631286330577,s-0.123094414734188,s246.616448459961305
143_101,s-2.389612509259603,s2.826883814384682,s62.941895809801395
143_102,s1.214388097159822,s0.158519182555511,s246.569561965543471
143_103,s1.173303990614839,s-3.417109644124917,s244.622231763283736
143_104,s2.126143910659437,s-0.441047085618740,s66.725435457988979
143_105,s-3.279801183058514,s-0.668319944615862,s246.602164818307983
143_106,s3.280227350844120,s-2.246698689658931,s64.021970490790508
143_107,s-2.369005534074456,s-2.350366635573798,s66.116296074803728
143_108,s-3.280222634500862,s2.200923129233606,s243.911169185198304
143_109,s-1.345152592397711,s-3.476726072856704,s63.036804450060217
143_110,s-3.280181959846168,s-2.864805108141508,s244.081763021254773
143_111,s1.322902269424062,s-2.277337202837226,s244.021916843957882
143_112,s2.508638254191098,s-1.643634874291192,s246.489921022026266
143_113,s0.178805033375665,s-0.649048112935063,s246.682960218141687
143_114,s2.367461086285283,s1.241983311749025,s246.501690376109735
143_115,s1.334196871892026,s-1.178373446202247,s247.102700601623184
143_116,s3.279846851682596,s2.257002828224317,s66.412243922300959
143_117,s-3.279800212297990,s-0.128889929648256,s246.616468864824441
143_118,s-2.367853930627970,s-1.267974648917226,s66.588714855765772
143_119,s1.251816314071456,s-0.469608838545087,s246.725436490124537
143_120,s3.279843196591381,s-0.437353762998597,s66.457902248535930
143_121,s1.092555294317492,s-1.790490256461005,s66.399584854207731
143_122,s1.213028230596365,s1.775822300566380,s246.619151351712446
143_123,s-1.214886566360999,s-0.722544779317287,s66.600778984266540
143_124,s-1.335055939372455,s2.249825097133765,s63.911584907588434
143_125,s-3.279793228769567,s1.489045967413580,s246.724457996510978
143_126,s-0.097969765668672,s-0.091714107869268,s66.669525300381252
143_127,s0.060726565029507,s0.691759829235456,s246.596846467294256
143_128,s-0.060141883448012,s-1.795102617660448,s66.637746925823578
143_129,s2.126214118842816,s0.098008722810503,s66.569550883405867
143_130,s0.974109678888152,s2.251463278460123,s66.388678795332140
143_131,s2.368248145169613,s2.319881994662557,s246.412243842910584
143_132,s0.059703877283710,s1.770197842229868,s246.603238867313507
143_133,s-0.182121658253707,s0.624184558880629,s67.260146470859240
143_134,s3.279840720064477,s-1.515448877330791,s66.489921093632347
143_135,s3.265982469094506,s2.856795547060484,s64.906471921429457
143_136,s2.222835405600256,s-2.356465212629635,s64.021916687560633
143_137,s-1.261903866500105,s2.821954134567505,s62.711193560303656
143_138,s0.972910067323762,s0.092621634044626,s66.667669654939999
143_139,s-2.366680323608671,s-1.808467433500433,s66.604706734749783
143_140,s-1.214600460415575,s-1.261939886054069,s66.625459579416713
143_141,s-2.226847116853189,s1.705116401114699,s246.792399875447586
143_142,s-2.126119429580974,s0.416911404981801,s246.840945094412291
144_0,s1.010813533709529,s1.691352553539910,s66.569301581082058
144_1,s1.255265311913029,s0.037201428991436,s247.103026036273889
144_2,s-0.116542548318608,s-1.189941484978213,s67.098918457069502
144_3,s-2.393667714223298,s-1.785220441503052,s67.125171582246878
144_4,s-1.021370037267372,s-3.447305760587160,s243.684999730816742
144_5,s2.397923661391419,s0.051019678739700,s247.120595368699867
144_6,s1.023079062096288,s-3.484034771504451,s66.213815737440541
144_7,s-3.291738121053987,s-1.735392858219868,s247.125171262152890
144_8,s1.258352555113562,s-0.533817588057859,s247.195305917931478
144_9,s-1.250535368713589,s-2.919454346434931,s66.849398453568710
144_10,s3.296837433809896,s-1.715061394499209,s66.840546067388829
144_11,s-1.259556878326419,s-0.630734823787816,s67.121310840683009
144_12,s-3.294329063076667,s-1.165783769192076,s247.125102563058761
144_13,s3.296799645962416,s-1.139556401006916,s67.074174655533625
144_14,s0.118109822324348,s-0.546041736990621,s247.121309584582491
144_15,s1.256732406731728,s2.320543360161555,s246.499928664768987
144_16,s1.026758304709315,s-2.904918837113960,s66.419819744304149
144_17,s-1.018910989050350,s2.893074291755287,s246.407462671862390
144_18,s0.116969028600396,s2.320266719978812,s246.473596262346348
144_19,s1.015579858602978,s-0.594461164481724,s67.121309692638818
144_20,s1.259728316936257,s2.892910227245136,s246.423307352555923
144_21,s-2.401142123132138,s-0.069518416810394,s66.948282641048749
144_22,s3.296826725719292,s2.267069317755408,s66.904569365913360
144_23,s-1.256306577003423,s-1.202299080247297,s67.105084215017229
144_24,s-0.127465879086527,s-0.034666440593369,s67.007080141883961
144_25,s-2.401144110216904,s2.835524139652238,s66.346309997698214
144_26,s2.398067713708309,s1.753777621190428,s246.954494510872138
144_27,s3.297024125896402,s-2.891917138540771,s65.905721135752898
144_28,s2.397902706568359,s1.186723672593608,s246.947455444619493
144_29,s0.126149496044062,s-1.129629081332726,s247.075355395568891
144_30,s-1.253600739256900,s-1.773618242259908,s67.058149779499473
144_31,s-2.153887480760071,s-1.153470032976044,s247.110852709650430
144_32,s2.403256685007999,s-3.425963121045056,s246.101895885124321
144_33,s2.152948141621640,s1.691012330665973,s66.707140379112403
144_34,s2.153668809022378,s-0.013380053760497,s67.120596959356192
144_35,s-2.391072736673702,s-2.356607918211667,s67.005182275205783
144_36,s1.254071401584560,s1.749563279742859,s246.609332574156667
144_37,s-1.268397848113048,s0.528820435644297,s66.830670553857757
144_38,s1.012534266115459,s-0.023110032611263,s67.067481101885804
144_39,s2.398134616790495,s2.322161053205782,s246.876789135572608
144_40,s2.408065472908111,s-2.258272899846412,s246.571287468141861
144_41,s-1.268054069043183,s1.107320183693327,s66.518741986519615
144_42,s2.408678599299165,s-2.845138992253043,s245.905721180673112
144_43,s-0.124473392102310,s-0.606484986629440,s67.121310606958474
144_44,s2.164228314905274,s-2.901071714412698,s66.150511633100280
144_45,s2.159634807133848,s-3.482083118464333,s66.101982930981350
144_46,s-2.399516699257239,s-0.643107563799953,s67.127412636412657
144_47,s2.402152474502961,s-1.668574785973923,s246.840545814593980
144_48,s-1.022026160939022,s2.318707906494578,s246.433061407155634
144_49,s2.164687541275881,s-2.316618753401622,s66.658548256905476
144_50,s1.010407032366857,s0.547973005584663,s66.945516644776077
144_51,s-2.396739020692451,s-1.214430441897758,s67.125121404839490
144_52,s1.252846154787462,s1.178824684073995,s246.827018923958263
144_53,s1.268547535744774,s-1.691213680401416,s246.840545567092818
144_54,s-1.016973668412161,s-0.570291571357359,s247.121310656086962
144_55,s-2.160920409155266,s2.317787558915696,s246.358319255857538
144_56,s1.253373474874893,s0.608139079908618,s246.945517132052430
144_57,s-3.297014640996102,s1.727620057423803,s246.379126555243658
144_58,s1.025363391999306,s-1.750789766838533,s66.960142129518118
144_59,s-2.157702220297589,s-2.841994762247392,s246.849398528239959
144_60,s1.266990466976157,s-3.427618572946202,s246.102145633526305
144_61,s2.400382219627973,s-1.092895332921688,s247.074174962248804
144_62,s-0.111914602792773,s-2.910798200402564,s66.690491932219373
144_63,s3.296792556675061,s-0.000853836233214,s67.120595432754769
144_64,s0.131256741648032,s-2.276773647940982,s246.791633467614417
144_65,s2.152517502965273,s0.553937115003216,s67.002499667786125
144_66,s-0.111911165841404,s-2.336071955358431,s66.885175430124164
144_67,s1.027829291967178,s-2.328706523800844,s66.775635767405021
144_68,s-2.156904586581770,s-0.582616359751257,s247.121310672747285
144_69,s-1.268088288160991,s1.686627399468140,s66.433357910025308
144_70,s-1.024683991655219,s1.744270078582000,s246.476859752689847
144_71,s0.128295587067734,s-3.426064985833901,s246.213874432774389
144_72,s-2.416596020570663,s-3.483325896469058,s67.509864734408822
144_73,s-1.008497872638258,s-2.286113572169810,s246.903154188826420
144_74,s-1.024821528136579,s1.165236954567313,s246.529195424594974
144_75,s-2.158377486245894,s-0.009808019088962,s246.948282643296579
144_76,s-1.013683942366021,s-1.141933955693336,s247.098918575220637
144_77,s0.120386058902721,s2.892991382257903,s246.405778328302347
144_78,s-3.296895666965435,s-2.286613620022245,s247.049228811606014
144_79,s0.130004361105787,s-1.704734874109635,s246.960142544453362
144_80,s0.113458149729318,s0.598231536693190,s246.945516493273800
144_81,s3.296810875286929,s0.564929776458146,s67.002403379153193
144_82,s2.156637159876659,s2.834644463086796,s66.472381519861472
144_83,s-1.010845129347560,s-1.713487327423473,s247.028856355231937
144_84,s2.152474435125238,s1.121373295620420,s66.887915657017373
144_85,s0.115392377480368,s0.025456264542379,s247.067481301505211
144_86,s0.114489925343768,s1.746781092760471,s246.566976207496879
144_87,s0.112602064389031,s1.173181505978324,s246.624037245344539
144_88,s1.016363688926001,s2.835454194667103,s66.405777015220991
144_89,s-2.404382043782049,s2.260621630392405,s66.331893555969330
144_90,s-0.112854231923950,s-1.764607248248458,s67.001522615790336
144_91,s-3.296435538947432,s2.892384891627914,s246.346461826437547
144_92,s1.013413139381887,s2.262775730591459,s66.473596373613844
144_93,s-2.406673911568056,s0.518027740583011,s66.830670495473143
144_94,s2.154103492827234,s2.263041059537632,s66.569131731401257
144_95,s2.399077297151472,s-0.520290153395070,s247.201701188919429
144_96,s-1.262448150027639,s2.835754184232194,s66.346383919868387
144_97,s-1.007094838155910,s-2.860409672085790,s246.690492215867465
144_98,s3.296819274921375,s1.131648931234637,s66.948675850227602
144_99,s-3.296883684214602,s-0.595049846199424,s247.127412127098097
144_100,s3.296585235636068,s-3.482208161420744,s66.101863323810463
144_101,s-1.267108161507851,s-0.045923208522110,s66.948283066850678
144_102,s-2.404332729920373,s1.097552522087163,s66.518741583414155
144_103,s3.296780515940489,s-0.567857344497556,s67.201701375261649
144_104,s-0.117128600811597,s-3.484636740076368,s66.955357557050291
144_105,s-1.025499244389774,s0.588044828902741,s246.835291527397487
144_106,s-2.161127270288556,s1.155441276783102,s246.518741909592052
144_107,s2.397662616431068,s0.619618327961783,s247.002403412671384
144_108,s-2.148286678900255,s-2.296690797717850,s246.982818370010193
144_109,s3.296735228957822,s1.699415633961985,s66.954494546540289
144_110,s-0.130838264272178,s1.114994141488785,s66.529195467016365
144_111,s1.260994290096112,s-1.105645327894443,s247.074175107096266
144_112,s-3.296931263243381,s0.553635942031552,s246.830670587734659
144_113,s-2.153745525033077,s-3.431816060205743,s242.086962308656240
144_114,s-2.404911686794151,s1.679495046269720,s66.379126472231590
144_115,s-1.268277656510496,s-3.493074291755287,s63.649142856555869
144_116,s-0.129707378808358,s0.538703004287145,s66.835291425850869
144_117,s-3.296987447173235,s1.144612261947885,s246.518741576584659
144_118,s1.270696328975934,s-2.847728282671636,s246.243748158492622
144_119,s-3.297024125896402,s2.310964921065955,s246.331894019952301
144_120,s-1.251514265805014,s-2.345847632353785,s66.982818388067201
144_121,s-2.150886854838457,s-1.724840579459880,s247.069951494589844
144_122,s1.018358405803601,s-1.165892183575216,s67.075355232308539
144_123,s-1.265537342944091,s2.261278851453988,s66.372076516190106
144_124,s3.296885384202367,s-2.294705936840488,s66.571287513833113
144_125,s-1.024192451147054,s0.013945918558565,s247.007080169190061
144_126,s1.271194984658525,s-2.269909943145736,s246.658548437135522
144_127,s2.159275989415483,s-1.727828593392124,s66.840545576287539
144_128,s2.157749366719577,s-1.153138998597690,s67.074175163396646
144_129,s-0.122935247436462,s2.835579990115155,s66.406618179660413
144_130,s-3.296821233709435,s-2.870493565196705,s247.587544759751097
144_131,s3.284602316723324,s2.889184488637930,s-5693.014012042884133
144_132,s0.131789261841849,s-2.852472829210446,s246.503654540075956
144_133,s-0.128976252906106,s1.688822236566020,s66.481019402420245
144_134,s-2.161425099243249,s1.736936006595142,s246.433357007790363
144_135,s-2.163787213411410,s0.577239690194663,s246.830670620251055
144_136,s-0.126427869482574,s2.262633236749739,s66.433063999484432
144_137,s2.156212242727312,s-0.581881512249512,s67.195305988687878
144_138,s2.400182956680770,s2.892639994555194,s246.585734564481612
144_139,s-3.296830799912987,s-3.483325948928446,s247.509839404129991
144_140,s1.009593663247125,s1.119783804850576,s66.726676999151934
144_141,s-2.402453206021185,s-2.903276104012460,s67.587544712614417
144_142,s-2.157764495351646,s2.892680350608311,s246.346289443170662
144_143,s-3.296911721452565,s-0.022235638800774,s246.948282493978468
145_0,s3.312288111410240,s0.665345647047489,s68.199607375221134
145_1,s1.942857494001526,s-3.503341673943392,s246.401748955580331
145_2,s-1.331314745492685,s-0.980314681226151,s67.945546334427405
145_3,s3.312216669528241,s-0.411972611230470,s68.197886450661031
145_4,s1.244406290905961,s0.190643215108802,s248.037954409419712
145_5,s-2.162613135667928,s2.902657306170337,s247.785060734136010
145_6,s-0.155339611156764,s0.125074593218123,s67.827068538219450
145_7,s2.158479201736703,s1.202869379310538,s68.188903858625864
145_8,s2.541583773696784,s-3.112098750006899,s81.792398457268135
145_9,s0.995943480815712,s-1.492620512819361,s68.166462512545863
145_10,s-2.216788059603853,s1.247706414645474,s249.098586924078290
145_11,s-1.057666495219071,s1.810759870809775,s247.735196061163265
145_12,s-2.215324550049759,s-2.222248107063773,s255.606362162237048
145_13,s-1.386565844799351,s-2.697141921948594,s75.594370531917065
145_14,s2.399057066339580,s-0.888056304526803,s248.319583562722556
145_15,s-1.106254860923509,s-2.520741738595584,s250.595154115469114
145_16,s-3.310236749680191,s-1.540085727066180,s257.242760389313275
145_17,s-2.273724048185813,s-0.424237176136719,s254.771887091098279
145_18,s1.239548764156705,s-1.964791662147958,s248.501627370132098
145_19,s-0.161249467371693,s-0.952204779822196,s67.813267186878662
145_20,s-0.106494078675537,s2.842109058534626,s67.403144653779336
145_21,s0.135974988401330,s2.903667210916456,s247.351797726383097
145_22,s-3.312675189174358,s-0.956993299525490,s255.682382182608848
145_23,s-1.067601365213844,s0.194767549188161,s247.733628448771299
145_24,s-2.420625205521521,s-1.419470411490342,s76.514873814990665
145_25,s-2.429796889750069,s-0.226311526036886,s75.411023505487307
145_26,s3.311997229407393,s-0.950630747588321,s68.306960345458492
145_27,s2.399895073903950,s0.190363278147553,s248.235840025082950
145_28,s2.157350459285083,s0.125600176056515,s68.185675427151352
145_29,s-2.405937190508117,s2.840013063096032,s67.383235648901632
145_30,s1.293775610108909,s-3.288072652330059,s277.787286058685766
145_31,s2.407333183623741,s2.351015829908473,s247.529795929314389
145_32,s1.246129286815260,s1.267376713748513,s248.162056120571236
145_33,s2.158241972307588,s-2.032957087535710,s68.668899268599489
145_34,s1.003935648337517,s-3.097417072644562,s72.531250495930394
145_35,s-1.282166798451644,s2.291477508017734,s67.537452929076537
145_36,s-3.311463622774641,s-3.157683978652874,s295.103470537821181
145_37,s-2.449417179415137,s-0.817925129462308,s75.641135308482959
145_38,s1.003221876436730,s0.663234916851252,s68.063106720318885
145_39,s2.399872141570877,s0.729363847190845,s248.200841356379414
145_40,s-1.064182247535612,s0.732734981867782,s247.928574566210898
145_41,s-3.311991042275426,s-0.334986177270686,s254.889020167831404
145_42,s0.997298523353483,s-2.030892729900665,s68.562818528085629
145_43,s0.088390208201946,s0.190587678498046,s248.046546761128639
145_44,s-1.306320361848691,s1.203896513684042,s69.078594558146492
145_45,s3.312596124586948,s2.290987108106421,s67.529795870817367
145_46,s-1.301548915920592,s1.745583173571038,s68.516829562371342
145_47,s1.004380813641007,s1.202358599401714,s68.109014752765674
145_48,s1.282860832411544,s2.903758107169552,s247.312697214904347
145_49,s-3.312083036540503,s-2.484848946899467,s295.094428033263114
145_50,s2.156329821650711,s-0.413863136403137,s68.146758725035980
145_51,s1.258888610377135,s2.351369585967716,s247.529796029289514
145_52,s2.425086103682694,s-2.565504062765830,s247.826942628665336
145_53,s-3.312117792432471,s0.944906018270113,s254.097833619153164
145_54,s-3.311551064494047,s1.623359607194228,s251.499964056292271
145_55,s-0.167360631671718,s-2.029177625489941,s67.838754657051453
145_56,s-1.074841383224157,s-0.882331480543803,s247.766810719596691
145_57,s-1.081512798306411,s-1.960608062932321,s248.112480203221679
145_58,s-0.164379425041232,s-1.490425337721956,s67.927415259571916
145_59,s3.312235541722933,s0.126758120569930,s68.240095438620600
145_60,s-1.071322310669117,s-0.344131287804133,s247.877311908795491
145_61,s1.242347512345326,s-0.347592227766646,s247.928759112374962
145_62,s-2.792148845310319,s-3.503572018629279,s113.640288885962917
145_63,s3.312267569253304,s1.203890092557538,s68.206480718773690
145_64,s-0.354009972417189,s-3.503758107169552,s246.370622537651087
145_65,s0.083305543668721,s-0.886824975436249,s248.107424713064376
145_66,s0.052775950788433,s-3.049559678067019,s247.587324397012964
145_67,s-2.261016540383332,s-1.612913478759059,s256.271335395162055
145_68,s0.080993870290936,s-1.424518561539181,s247.797291588565599
145_69,s-2.137606211880335,s-2.920752315970063,s255.593234247782959
145_70,s-2.372585179409433,s-2.022986930038329,s74.500971385594028
145_71,s-1.346497608828963,s-1.523304224294463,s71.453906427016378
145_72,s3.312675189174358,s-3.182325683992228,s-1013.079477973935468
145_73,s-1.325116639185663,s-0.429182628210691,s70.342058343741954
145_74,s-1.078601214865755,s-1.421016652223504,s247.832855688944591
145_75,s-2.288121067667624,s-1.013962987034344,s256.876037497603079
145_76,s3.312460870075088,s-1.489638637637258,s68.287791642102519
145_77,s-2.222817901515236,s0.701910634269361,s249.281703275905812
145_78,s1.040471502813813,s2.842494967060079,s67.316354187868114
145_79,s0.110332557502330,s2.351812392647903,s247.536376675525247
145_80,s-1.039416476817758,s2.355158606032559,s247.537076070935541
145_81,s2.165187057293360,s2.288844648616331,s67.529796915013492
145_82,s-0.147813292447517,s1.743625467990065,s67.739242691591926
145_83,s2.137782287589187,s-2.642054473891229,s59.519020577976896
145_84,s1.001579180008941,s0.123582435055703,s68.042924421267159
145_85,s-0.149625468761998,s1.202915192471715,s68.001436671802054
145_86,s-2.187515446643221,s2.351572468757185,s247.537453043858790
145_87,s0.867343622735077,s-3.503751309404688,s246.370139902069013
145_88,s2.187782364044338,s2.840561546573837,s67.312697199435831
145_89,s-1.113158885791027,s-3.073284217579006,s-109.932874325436373
145_90,s0.085831841859617,s-0.347331847912575,s247.794941690610585
145_91,s2.431140300180747,s2.902859929310647,s247.697492567778113
145_92,s-2.493630409673646,s1.099567897060368,s74.097829520155202
145_93,s2.399973476670840,s1.267950707791306,s248.196019433052214
145_94,s-0.131808205985548,s2.289611496763854,s67.537076125440024
145_95,s-2.504617859405672,s-3.028438053502616,s185.750068371883827
145_96,s2.399480142180463,s-1.427880308139105,s248.385259072439851
145_97,s1.270740818591290,s-2.537780098893410,s239.517897687060156
145_98,s1.240699186297295,s-0.886662146487332,s248.127959281387746
145_99,s3.312199161371206,s-2.571612898641718,s-2092.046703510124189
145_100,s-1.270835893851633,s-3.486133148084109,s69.076903924401932
145_101,s2.715632712724173,s-3.399487418794386,s-112.900375364309923
145_102,s3.312508717463440,s-2.029041028695449,s2228.229836344318755
145_103,s-0.189778184124881,s-3.111784322626405,s67.459031755674388
145_104,s-3.311531799209186,s2.292904366491081,s247.537545891157833
145_105,s0.998530098818784,s-0.415820216468031,s67.951299218350783
145_106,s-3.312318162476871,s0.251453086976099,s254.719116115786790
145_107,s0.080807941982958,s-1.965355355510585,s248.617484455701458
145_108,s3.312533719716668,s1.742286818921647,s68.122474444560737
145_109,s3.312576161265349,s2.902860095453311,s67.697415040328366
145_110,s2.157787016861960,s0.663978140534611,s68.117462878696685
145_111,s-1.061975138976599,s1.271059807926356,s247.996451623065354
145_112,s-0.158292373405475,s-0.413120459679155,s67.996570575773859
145_113,s-3.311551709969349,s2.903590951467699,s247.383235382145472
145_114,s1.005644939113602,s1.742068631893454,s67.978784636761773
145_115,s0.092389508369483,s1.267668005725192,s248.106260965779626
145_116,s-2.235380361434204,s0.159555907782127,s247.961970634787235
145_117,s2.155891629930450,s-1.493673403849558,s67.982983053746111
145_118,s-2.460909735667938,s1.718079842825817,s71.499963745846244
145_119,s1.239362072933862,s-1.424795357466199,s247.985217515479434
145_120,s-1.354214630895618,s-2.081359881059093,s75.555323375992643
145_121,s0.076763979131172,s-2.502847763597085,s246.655047741105363
145_122,s1.245601587828118,s0.728967497366846,s248.122313804449277
145_123,s-2.534593681140621,s0.445437675402244,s74.699144919736383
145_124,s2.399582739720802,s-0.348333173933237,s248.126692824853450
145_125,s0.996739312557486,s-0.954249589695345,s68.077786761809747
145_126,s0.094708775693754,s1.807336242505969,s247.978686288540274
145_127,s-1.327787376060114,s0.106647453600403,s68.141947157256311
145_128,s-2.166519589703875,s-3.501307299535271,s246.980141335295968
145_129,s-2.429653495210229,s2.289368679134838,s67.537545687967025
145_130,s2.158904039415850,s1.742431360567619,s68.095549928903139
145_131,s1.247545811816463,s1.806407179221445,s248.077777346559515
145_132,s2.400697278579275,s1.806974320244805,s248.119392422142198
145_133,s-1.311513756829066,s0.659492768966670,s69.255726776056903
145_134,s-2.211685886790431,s1.796469390392689,s248.624932643712583
145_135,s-1.011594856650334,s2.903494165955533,s247.425476645762387
145_136,s-2.503841650828487,s-2.533661704837415,s115.093793563424455
145_137,s2.400798403913986,s-1.966630077134472,s248.230521299119317
145_138,s0.090674466835303,s0.729593668718693,s247.932741288513938
145_139,s1.016725749084794,s2.289180475786223,s67.536376305875848
145_140,s-0.173965892543126,s-2.569217216244964,s67.551612468058707
145_141,s2.156548661209397,s-0.953453852923589,s68.316044225881214
145_142,s-0.152060975149013,s0.664087530408119,s67.925450528557832
145_143,s-1.254239777386389,s2.841351105386415,s67.577216638546744
145_144,s0.989003051922392,s-2.575368547215127,s66.970657740083894
146_0,s3.330575673394188,s-0.405144795857180,s68.229278074393250
146_1,s-1.040341001240564,s1.272065069668702,s247.910386607700786
146_2,s3.330580331252347,s-1.483501014090478,s68.210141290204305
146_3,s-0.129407916561485,s-3.113269959862276,s68.161377510323305
146_4,s3.330583868550164,s0.672079304826877,s68.193804736075052
146_5,s2.418156266757387,s1.275034557749261,s248.216125729170187
146_6,s1.023353103731652,s1.207645399922296,s68.098529115543244
146_7,s-2.507123448971951,s-3.517004232315469,s3713.331390402827765
146_8,s-3.320367581752312,s2.917184059226482,s2408.219946645497203
146_9,s-0.098995571208344,s2.854586286053305,s67.988127591113567
146_10,s1.265294992133633,s-0.344293107498467,s248.229362652215713
146_11,s0.145122595643605,s2.917912512314989,s247.522842833230072
146_12,s-0.130334568112216,s0.666957120101507,s68.201530501505616
146_13,s1.264798843635781,s0.733034405745779,s248.254424534314666
146_14,s2.725159128843075,s-3.424490775581026,s252.254286970129499
146_15,s1.954941084522857,s-3.514606724793133,s2406.189585811137022
146_16,s3.330654430831344,s2.310195745268781,s67.514971687419674
146_17,s1.026552460862902,s1.752401772018107,s67.575633480188216
146_18,s3.330402485345219,s-2.562914544612925,s68.149670510645279
146_19,s-2.177216332457871,s1.824817631602157,s247.188865758117856
146_20,s-2.194678904403695,s-0.362675790272240,s248.542173515990442
146_21,s-0.123810413457773,s1.754259012230877,s67.271241564047983
146_22,s-2.196258647332119,s0.176422378613717,s248.743780376561574
146_23,s-2.439715229080376,s0.646853210497566,s70.847980599970313
146_24,s2.186225962179929,s2.299738725316368,s67.318630083669518
146_25,s0.866823345694936,s-3.510248964758380,s7446.333120052336199
146_26,s-1.436149994703158,s-3.517912512314989,s246.370624070373623
146_27,s3.330574462223054,s-0.944348018705741,s68.213730092330195
146_28,s-2.168614398325791,s2.371487552808749,s247.936960279958811
146_29,s3.330569779329942,s2.917174215212460,s68.386170738996285
146_30,s1.024359334667478,s-3.109914623686421,s68.278305001414310
146_31,s0.112137471438535,s-3.048336554760827,s248.166953117536679
146_32,s-2.528517797394817,s-1.784279257177207,s78.976570417699278
146_33,s-1.282100938303675,s-1.498982594599046,s68.606959550207947
146_34,s3.319638619500388,s-3.116774974679632,s-650.879687376931884
146_35,s2.177073306186200,s-2.565752976738149,s68.265414809123101
146_36,s-1.042685947023574,s0.731409268050420,s248.201530279906393
146_37,s-0.129060085729887,s-2.574122874314708,s68.290585808588943
146_38,s-2.190878347675236,s1.273652430732051,s247.569536822244260
146_39,s-1.283306558391791,s1.208796302282298,s67.569536877946518
146_40,s2.177317648220637,s-0.946352876539080,s68.216756901603858
146_41,s-0.290593852373551,s-3.511413289678014,s-2993.597873163054373
146_42,s-2.192099593334882,s0.719240524917778,s248.257622396664601
146_43,s3.330609722449104,s1.751158866487202,s67.912116348687860
146_44,s1.023682503107059,s-2.029597169446391,s68.284166921524601
146_45,s-1.015057111446685,s2.371067812457919,s247.308757272177587
146_46,s-2.717750948370505,s-3.111748221680194,s84.464627388015771
146_47,s-1.252142009955480,s2.853309128008045,s1508.040840894562052
146_48,s2.429099734831943,s2.361550342815065,s247.514971602387050
146_49,s-2.163263245670512,s2.917579613317084,s248.029576380555483
146_50,s0.112119367378005,s-1.968654111696269,s248.287417124941499
146_51,s-2.476452803805232,s-0.509113441814371,s76.769273220403832
146_52,s-1.029248285226028,s1.819483288828185,s247.271240414597315
146_53,s-0.109433432944035,s2.306087164749417,s67.308757183670082
146_54,s-1.271970714993543,s1.758530801425736,s67.188865961943904
146_55,s-1.041848020231224,s-1.971741222579785,s248.140233238805052
146_56,s-3.325142048170957,s-0.674081614089267,s256.769249606990002
146_57,s2.418429988334647,s0.196641264329235,s248.250350037020098
146_58,s1.265115282690337,s1.272485448177904,s248.195997648707873
146_59,s-1.288285746292176,s-3.119621445866465,s70.331381854175206
146_60,s0.119388824436688,s1.816163039937137,s247.575633529305861
146_61,s-0.129050301782562,s-0.952811990563331,s68.353759792061467
146_62,s2.418675627682489,s-0.342268215164970,s248.229063230104174
146_63,s-1.284227324410551,s0.666248988523790,s68.257617302275420
146_64,s-3.326347503154936,s-2.011024707567926,s258.977000808185210
146_65,s2.177059640687210,s0.131423697212588,s68.246304072910661
146_66,s-1.041481865611524,s-3.048829984911001,s248.145978774042135
146_67,s-3.330654430831344,s-2.639690537517398,s264.466695154435740
146_68,s1.052145102223204,s2.854691182036966,s67.361596032756040
146_69,s2.177195947213604,s-1.485559238154259,s68.228834055397087
146_70,s-1.039991888147474,s-1.432736719353779,s248.285514086221582
146_71,s2.418621467190079,s-1.960080319358491,s248.252574051195012
146_72,s1.024089765589331,s-2.570024370365389,s68.267320164568460
146_73,s1.265620128283061,s-1.964366487985611,s248.269534274172202
146_74,s-1.258301262059612,s2.308912901070641,s67.646899548561606
146_75,s0.112541419936666,s-0.887297378437802,s248.255813323661869
146_76,s2.199550347570415,s2.852995603368944,s67.318098693923531
146_77,s0.111068153505889,s0.731963908633103,s248.201912197919313
146_78,s-2.194073154795243,s-1.442873383137714,s248.608041058946441
146_79,s-2.459800164673887,s-2.417626747870711,s84.454447539334126
146_80,s-1.282988608903746,s-0.959122784690850,s68.621287612327336
146_81,s2.177295283235943,s-0.407406054997400,s68.229434095865074
146_82,s2.419037542811965,s-2.500593281327113,s248.135391301067472
146_83,s0.132950762396168,s2.367323705546529,s247.308749693363012
146_84,s-1.312568564519626,s-2.052521582431226,s66.984495082935524
146_85,s1.269351795964072,s1.815523842240523,s247.853231110052633
146_86,s-2.195020386336962,s-0.903110815619682,s248.621285418974395
146_87,s0.112197511832035,s-0.346976798775736,s248.230770348957350
146_88,s-3.326347804754889,s-1.341345758574536,s258.976058995828566
146_89,s-2.406522279308356,s2.853613416051490,s-2812.188175252827477
146_90,s-1.041193868390615,s-0.892590293527373,s248.391316477072422
146_91,s3.330576937238413,s0.133615074340062,s68.251288360155272
146_92,s-0.130036972060066,s1.207019610603274,s67.910401926708786
146_93,s-2.506883281371159,s-1.129016275827864,s78.976000157017211
146_94,s2.420613239457078,s1.815444947297137,s247.912116189094661
146_95,s1.038320884630819,s2.302960886712876,s67.308749348341507
146_96,s3.330551780776386,s-2.022513982314647,s68.249310916066889
146_97,s-2.432981520281113,s1.211313066581595,s67.569626901542279
146_98,s-2.455002749695414,s0.086419264619866,s76.768602309913945
146_99,s-3.322931189607353,s2.377445316904092,s-1552.103507917915977
146_100,s1.265574639909634,s-1.423372213257558,s248.230798052132457
146_101,s-2.289962038543641,s-3.292191411070551,s3510.674556469576601
146_102,s2.418715360026336,s-0.881285190999570,s248.214225277755759
146_103,s1.024070785721009,s-1.488644847008996,s68.281179289738361
146_104,s-3.323513181268393,s1.235170001033866,s247.569626666960886
146_105,s2.178673160970398,s1.751746523306643,s67.853231434287267
146_106,s0.112511622208126,s-1.427524474844810,s248.280527387513587
146_107,s1.280730296736914,s2.364224238481057,s247.318630168451222
146_108,s2.176557061643041,s1.210053381043305,s68.195998070851417
146_109,s2.418738588731474,s-1.420492055311701,s248.213039267576505
146_110,s-1.041045831868816,s0.187797831658309,s248.254958279819846
146_111,s-1.308080986481095,s-2.581615272041583,s70.278319014272313
146_112,s-0.129315613869229,s-2.034033320878423,s68.269046050469697
146_113,s0.112461779289459,s-2.508613542577602,s248.267350921494540
146_114,s-0.129625512550575,s-0.412606987857609,s68.412543530645422
146_115,s1.024029159997431,s-0.948723486829205,s68.254910886602190
146_116,s1.264978864604435,s0.194405204001148,s248.246036285030897
146_117,s2.418561336693290,s0.735803963937404,s248.197040601149808
146_118,s2.533042087787844,s-3.102643592608642,s-276.987584947422363
146_119,s3.330581664866764,s1.210680585865519,s68.216131008623776
146_120,s-1.009185708269662,s2.917762669649284,s247.975855465335655
146_121,s1.266320675489187,s-3.044188787706687,s248.319988681409285
146_122,s1.023268148721092,s0.667881797712171,s68.202285095175426
146_123,s-0.130222135071239,s0.127891738563375,s68.254951557016128
146_124,s0.111183882337354,s0.193097745612743,s248.237946707226882
146_125,s-1.282902018860371,s-0.419354008473223,s68.513519897806603
146_126,s-1.041489124558209,s-0.353178642345762,s248.412617437160691
146_127,s1.023576919101146,s0.129224727532300,s68.237968323973561
146_128,s-1.283606710946432,s0.121218136646697,s68.743785020695128
146_129,s-2.249914364879358,s-2.018736749585514,s251.051521825829809
146_130,s-3.325141941950255,s-0.052988331919166,s256.768602358511544
146_131,s1.265657067501144,s-2.504695848741957,s248.262698824526581
146_132,s-1.041702477400272,s-2.510709057347277,s248.293040858983090
146_133,s1.023923275554139,s-0.409419080780249,s68.230050556571911
146_134,s2.177034314083328,s-2.025292956287820,s68.266294290582977
146_135,s-2.270046181035094,s-2.609737029644170,s257.739258116349959
146_136,s2.176935346643707,s0.670600393000704,s68.275946332990628
146_137,s2.444615232170930,s2.917173987268588,s248.386276928616041
146_138,s0.112129056358874,s1.271274845232184,s248.084308325936121
146_139,s1.265499777531938,s-0.883537510762978,s248.221133151761592
146_140,s-3.323463027057209,s0.605933335496277,s250.847980591182818
146_141,s-0.128823099890191,s-1.492880901406616,s68.285647976730175
146_142,s-2.410588677247594,s2.307557363748538,s67.877157369183521
146_143,s-2.419728113836149,s1.764088403970408,s67.188864811984658
146_144,s1.294630852982775,s2.916086172915860,s247.318144877552953
146_145,s-3.323564322545144,s1.826919681369609,s247.188864897785351
147_0,s-2.740683931360758,s-1.573451946960782,s158.524581362288188
147_1,s-1.670360223195038,s-0.416647705609106,s158.416573147704298
147_2,s2.128513486739101,s-0.420652940333715,s157.859375681189277
147_3,s0.977629752070148,s-0.172721861296861,s338.325094997395126
147_4,s0.425300515852397,s0.978760975125503,s338.931403471023032
147_5,s2.129711749324169,s-1.571421032564910,s157.916365602583852
147_6,s-0.093556146529862,s-2.479708167687277,s338.290050797189906
147_7,s1.511394547821442,s2.127363173398503,s338.069179116491512
147_8,s-2.777564480357706,s-2.792073802996967,s5031.965088097486841
147_9,s3.220966710918527,s-0.434790459658742,s157.736886485022694
147_10,s1.590139692969293,s-2.720507534102288,s158.228072157478550
147_11,s0.492716938841644,s0.736165183289162,s158.385944209284958
147_12,s-3.193420969471650,s2.175443467570896,s354.137965815997120
147_13,s3.220654750453670,s-1.584969130578695,s157.729614167623453
147_14,s-1.115568823711362,s-1.568610254998879,s158.371873526531232
147_15,s-2.561777960191142,s2.215488787261351,s349.844607624505215
147_16,s-2.810362175936494,s3.032608514621148,s171.549274355287338
147_17,s2.066747098208275,s-3.632944363502341,s337.960045722589257
147_18,s0.474879550944084,s1.890418756195878,s158.931403468229831
147_19,s-1.484388174766217,s3.030246894291277,s168.019526195678907
147_20,s3.157119101599122,s-0.191784137819961,s338.061100769270354
147_21,s0.953755757846743,s2.130055374220378,s339.138421712286060
147_22,s3.152643474126059,s0.960492774372749,s338.222742260302084
147_23,s1.050730630470471,s-2.721070522343486,s158.217667861558084
147_24,s1.580936044503371,s0.735547622805730,s157.992536745221486
147_25,s-3.209014772792134,s-1.189193590627432,s876.692951383876220
147_26,s0.985394765366890,s-2.479449702762770,s338.312786123164699
147_27,s2.665770162908887,s3.027904411797017,s158.175671914524116
147_28,s3.146912021575225,s2.115540641592734,s1058.492390593112532
147_29,s-0.595937716536475,s0.734295881818521,s158.473481517292413
147_30,s-0.728345727162552,s2.153820301061681,s343.744732972595386
147_31,s-2.287106694563996,s1.938824377340861,s165.929020247925649
147_32,s2.117779734236826,s3.027940882317732,s157.856033185809792
147_33,s0.511179124575333,s-2.720987947402304,s158.271100485376280
147_34,s-2.201941747930123,s-1.570797109654676,s158.440199257128512
147_35,s1.021508204577567,s1.886732179290032,s158.312168230684591
147_36,s0.448996080721155,s-3.632917480260636,s338.271100487047704
147_37,s-1.192893709831635,s-0.175891411461994,s338.635405854198837
147_38,s0.507587072361956,s-1.567941945979303,s158.271060671575583
147_39,s2.066676410966566,s-2.480922052132533,s337.916365602740257
147_40,s2.126740721565167,s0.729647709410467,s157.856036073496625
147_41,s3.213486994843433,s1.874227889259388,s158.468075578029357
147_42,s-2.815310675246836,s-3.581331082331848,s5017.262252000154149
147_43,s0.503168694365851,s-0.415251469187868,s158.271060656111274
147_44,s-0.105603015740088,s-0.174225477771935,s338.548744752921834
147_45,s-0.032362584131049,s-1.568054216398807,s158.290050796670386
147_46,s-0.639276153893630,s-1.327190449962662,s338.426847458901932
147_47,s3.219067732005481,s-3.632874097725705,s339.238912144558810
147_48,s1.037727334525148,s0.738773971867301,s158.312168231738951
147_49,s2.668813236745831,s1.875341170058635,s158.170996948951768
147_50,s-3.019844050339087,s-2.973200586643101,s12397.402412637713496
147_51,s-2.277053057803038,s-0.176000248038314,s338.566412534185758
147_52,s2.065992572218843,s-1.329492571202466,s337.859375682802408
147_53,s0.445880360399035,s-2.479666307352635,s338.271060675262788
147_54,s-0.633296632026589,s-2.479907600010540,s338.296395583042226
147_55,s-1.151527356682878,s1.887640562583029,s158.636868076563331
147_56,s-2.759380865297040,s0.732696741448059,s158.558246140724265
147_57,s-1.309163135208348,s2.174312197723183,s348.019526171100495
147_58,s2.674413152303624,s-2.728302486325628,s157.794052523526602
147_59,s-2.248118224060282,s-3.632909486372973,s338.381010197308115
147_60,s0.968744793900139,s3.027861892354324,s159.138421712247634
147_61,s1.043158479692736,s-0.413983997880762,s158.326007042000242
147_62,s-0.117542800974887,s0.978337703433194,s338.751947969850107
147_63,s2.620633780659946,s-3.632961284852687,s337.794052530820977
147_64,s-3.220935652899145,s1.131335970077608,s156.370622270594936
147_65,s2.063191788615910,s0.971435908303634,s337.856036071757785
147_66,s0.987743835928288,s-3.632921650644095,s338.217667847519522
147_67,s1.516811259588436,s0.977183737589614,s337.992536744678091
147_68,s-1.173861817958147,s-2.479659823751311,s338.371873559029495
147_69,s-3.216819018275744,s-0.019013473769312,s876.578281355948775
147_70,s2.674763697642925,s-1.577696739024571,s157.782968886586531
147_71,s-0.573510854537347,s-1.568809590487164,s158.296395579055655
147_72,s-2.816157314669141,s-0.179168648880828,s338.558246143009228
147_73,s-2.287233358241299,s0.977917537003966,s338.724396858130206
147_74,s-0.648183484588776,s-0.174932571214842,s338.473019706108062
147_75,s-0.070594261029340,s1.888389329472856,s158.841717844367622
147_76,s-1.746541232222764,s0.977746982094324,s338.714119116384040
147_77,s-0.629110700319998,s-3.632915570993298,s338.296395579877867
147_78,s-1.707312717069491,s-3.632905315149805,s338.443140294051659
147_79,s0.442288418059984,s-1.326620405713371,s338.271060653012512
147_80,s0.437553180353618,s-0.173642197855652,s338.385944191074032
147_81,s2.611520413941728,s-1.335825154883425,s337.783972294817204
147_82,s1.586896224721828,s-1.567637127980729,s158.210141679855042
147_83,s-2.268301544503704,s-1.329354352625186,s338.566412479858798
147_84,s2.130598652836085,s-2.722756005854204,s157.960045722407131
147_85,s-0.097807110386271,s-1.326694465453595,s338.313934449091278
147_86,s2.603883000094412,s2.116803076724464,s338.173549438528312
147_87,s-2.826198255625976,s0.973966623742269,s338.670126669553611
147_88,s2.673413652332981,s0.722681607459881,s157.791853553628158
147_89,s-0.567891277072073,s-2.721200242980139,s158.296395582244713
147_90,s2.674489625746233,s-0.427382655310165,s157.783972294844148
147_91,s-0.824650630202505,s3.028460328664491,s163.744732972379808
147_92,s-1.649014601033115,s-2.721290311395929,s158.443140292410533
147_93,s2.611223356061477,s-0.185494834937137,s337.791827310892472
147_94,s-2.191192879523723,s-2.722379119028473,s158.381010194142931
147_95,s-0.233051002781852,s3.028442600336715,s163.680847218048399
147_96,s2.611142283405766,s-2.486405386148042,s337.782968886587355
147_97,s-1.679115079928806,s0.735566536924377,s158.416950794352573
147_98,s3.204332127333948,s3.027802902217960,s-1641.478303717514564
147_99,s1.519795700448517,s-0.173745389003699,s337.992536745539041
147_100,s-2.138948902543910,s3.031368429139637,s169.844607585112357
147_101,s-1.659431968161591,s-1.568375939116410,s158.567049254004417
147_102,s-1.692982381348537,s1.889439868428728,s158.714119037464741
147_103,s-2.210511297376609,s-0.416981978303566,s158.566412486409462
147_104,s-0.663057734508818,s0.976256378932070,s338.823749305203819
147_105,s1.046853231984405,s-1.567501493166358,s158.312786146391687
147_106,s-1.138816156230661,s0.735405933809204,s158.635405851373491
147_107,s1.526331250120084,s-3.632793785742026,s338.228072157889926
147_108,s3.219067720784019,s-2.741082282977294,s159.238912144579160
147_109,s3.151923988687681,s-2.495404051406489,s337.729614167625755
147_110,s-0.028177512099097,s-2.721008052064160,s158.290050783295783
147_111,s-2.257118036207958,s-2.481035294461893,s338.440199256563858
147_112,s-1.181320384927864,s-1.327378249432702,s338.382153930875916
147_113,s3.217654397842681,s0.718870242211581,s158.159589726060034
147_114,s1.550616923703634,s3.027920340358024,s158.069179115976510
147_115,s-1.922491506696473,s2.202374692468221,s349.844607620441366
147_116,s2.123737016236387,s1.879416787485251,s157.856036071647736
147_117,s0.399118362967364,s2.137551861514690,s341.689609892555211
147_118,s1.584089055199655,s-0.415536188222511,s158.053927622192731
147_119,s-2.749649901844351,s-0.420159860571862,s158.558246182332539
147_120,s3.157633021951948,s-1.343035322665769,s337.731973279369640
147_121,s-0.611469194038938,s1.887950386358335,s158.823749303777277
147_122,s-1.108138655542436,s-2.720866096370827,s158.371873567749589
147_123,s2.060188087563695,s2.121204996869996,s337.856033185898639
147_124,s-2.219534943622622,s0.736264897205159,s158.567477642897842
147_125,s-1.725756509097686,s-1.326830387107272,s338.419216980335364
147_126,s0.972255557902361,s0.980048600602026,s338.312168230322470
147_127,s-1.168231953624991,s-3.632693677079867,s338.371873567930265
147_128,s-0.089961237401611,s-3.632916046065999,s338.290050780159618
147_129,s0.981338605095636,s-1.326192945528820,s338.326007041184880
147_130,s-2.950960283960309,s1.949498582495730,s174.137963716271230
147_131,s2.609967501828825,s0.964694593689903,s337.850596151039554
147_132,s-2.807142957193308,s-1.332337707154991,s338.558246196698008
147_133,s1.575729781730814,s1.885533983487170,s157.992536744476524
147_134,s-0.582101261292045,s-0.416191070215238,s158.426847454609486
147_135,s-1.126427528991151,s-0.417717672003587,s158.382153926519777
147_136,s-3.191275882330388,s-2.254681038072140,s157.398503721850176
147_137,s2.064955324159187,s-0.178856494766967,s337.856090000662448
147_138,s1.522083197789816,s-1.325677194762532,s338.053927622283936
147_139,s-1.205652105232499,s0.976311003804722,s338.636868043426659
147_140,s1.525031565167269,s-2.479113419238168,s338.225595371561099
147_141,s-0.050512430788490,s0.736829841073489,s158.548744753605092
147_142,s0.359980800591284,s3.028022897996003,s161.689609892372545
147_143,s-0.039475715783689,s-0.416084779431356,s158.313934447776603
147_144,s-1.715072719452317,s-2.480134353779901,s338.455790628155285
147_145,s-1.736274651276983,s-0.175397963783219,s338.415199342208666
147_146,s-0.157900143153261,s2.142656960003987,s343.680847217343228
148_0,s0.955049172710526,s2.127540552312616,s338.511846483736235
148_1,s1.569111246977438,s1.883735968788967,s158.197181680224901
148_2,s-1.334783537983402,s3.032101392890954,s162.850025860784285
148_3,s-2.213890503954032,s-0.418292073294218,s158.533525658347486
148_4,s2.604206312741826,s0.969791483166683,s338.390743266518257
148_5,s-1.739093289186207,s-0.177891592899514,s338.421942956651208
148_6,s3.156659672836611,s-1.337343492910154,s338.344470716484636
148_7,s2.659856880756486,s1.879868699046317,s158.392759246215121
148_8,s0.992762691700312,s-3.632941679752744,s338.269135509751095
148_9,s-1.728639944011516,s-1.329361767944756,s338.430744437716044
148_10,s-0.098826942091170,s-1.327328875384647,s338.392067693157571
148_11,s-0.624383230948164,s-3.632931571586589,s338.409796726484842
148_12,s-0.632110184541823,s-2.480479204564574,s338.409796824312707
148_13,s2.135402569989252,s-2.723237247313241,s158.006424747686395
148_14,s0.984424311846040,s-1.326765159804319,s338.353113898785580
148_15,s3.150746144384583,s-0.184662558171600,s338.345047588226635
148_16,s1.578160899657225,s0.733662326564100,s158.197157111879733
148_17,s1.049998131154504,s-1.568169870266843,s158.304626348791118
148_18,s-3.221996385212152,s1.131095302561505,s156.370622274409698
148_19,s-0.599040142467043,s0.735268365755645,s158.625349534460469
148_20,s2.124246428694208,s0.729906774560022,s158.088571150871161
148_21,s-0.032981178167246,s-1.568546005298393,s158.405671426028590
148_22,s-2.760946537553652,s0.732083725083197,s158.540253410958655
148_23,s-2.752790926295765,s-0.421304455108561,s158.540253399347534
148_24,s-3.203558835448518,s3.032979234825734,s165.658362796432016
148_25,s-2.586328066558021,s3.032979237736949,s165.658364045375748
148_26,s-3.218479193994106,s-0.025419933151668,s-7762.396413558379209
148_27,s1.526260111948403,s-1.327221634194386,s338.196043476341970
148_28,s1.591242748830214,s-1.568628462813477,s158.196043476327077
148_29,s-0.587298366182347,s-0.417502896252353,s158.554069151334602
148_30,s-1.118877484773688,s-1.570235937940708,s158.460290076136062
148_31,s2.610254463723644,s-0.182295810099179,s338.101791145016648
148_32,s-2.806641186442101,s-3.608053524284108,s-5057.742064163116993
148_33,s2.115126172649199,s1.881171252025606,s158.276463681767325
148_34,s-1.717385141412128,s-2.481195996650876,s338.494035091544959
148_35,s-1.835057863465581,s2.165657587243867,s345.657889890097977
148_36,s1.033528290203452,s0.735813195388221,s158.382629806116540
148_37,s-1.152583121970368,s1.886941860580948,s158.722793072780661
148_38,s2.679139431307104,s-2.727248767603209,s157.991948481137285
148_39,s-3.146012009202376,s-3.005384889618064,s7372.145562048736792
148_40,s3.153728661587790,s-2.492487036510672,s337.586084764791849
148_41,s1.531294738947819,s-3.632947449640482,s338.195929391887717
148_42,s3.216355869561163,s-0.425902215747904,s158.344653674556611
148_43,s3.221346237806788,s-2.739301918750145,s159.494431848981094
148_44,s0.453993087525950,s-3.632937892280676,s338.319777891454351
148_45,s-2.760942558580195,s-2.790189368042698,s7908.990568506314958
148_46,s1.054941966228762,s-2.721029350074396,s158.269135509425581
148_47,s-0.612187603233415,s1.887686228945697,s158.615138689312090
148_48,s-2.221991347780965,s0.734948390532526,s158.510446247464841
148_49,s-2.744515779196516,s-1.574692506702196,s158.523098746278123
148_50,s1.585781630833097,s-0.417026750881290,s158.196043476343220
148_51,s0.443111065151646,s-1.327287573271882,s338.404905704637088
148_52,s-1.108258521047604,s-2.721866718185245,s158.460290141586228
148_53,s2.677668346327055,s-1.575704547819384,s157.987368027625450
148_54,s2.130403552367512,s-0.420733687912752,s158.006281749937159
148_55,s-0.757417029310609,s3.032146027811407,s163.045921853472549
148_56,s-2.819222656666895,s-0.180292369885821,s338.540253410996058
148_57,s-2.272215125797404,s-1.330635785534906,s338.533525648601255
148_58,s0.967766971318963,s0.977025099944653,s338.377706187252613
148_59,s-0.144661366287062,s2.132573215269124,s340.649847254764836
148_60,s0.432233471532774,s3.031726730093662,s159.158367118258269
148_61,s-3.199914817707781,s-2.244982644041896,s-564.537036725844814
148_62,s-2.810922847866381,s-1.333617730738886,s338.540253408603974
148_63,s-0.085034092418238,s-3.632923033568939,s338.405671281062268
148_64,s0.514859385021252,s-2.721189488259184,s158.319777890567110
148_65,s-2.285385019723225,s1.936498045150976,s165.658361918924612
148_66,s-0.641886746731920,s-1.328381309847447,s338.554069122867077
148_67,s3.212466394003150,s0.727658097690455,s-921.654694408219143
148_68,s1.021167487050102,s1.886005784245903,s158.377706187291579
148_69,s2.615023868956318,s-2.485595318241450,s337.987368027621983
148_70,s-0.025190197210954,s-2.720935294271537,s158.405671279050409
148_71,s-0.575605154947255,s-1.569904262526083,s158.409796825292574
148_72,s3.193050350030279,s3.031756167967417,s-921.554604901140465
148_73,s0.500523366769586,s-0.416358399902315,s158.404905703923674
148_74,s2.133840420848434,s-1.571587197121586,s158.006281749937017
148_75,s-2.253760020934801,s-3.632971628915751,s337.927092518962240
148_76,s-1.651147847826042,s-2.722261591522206,s158.494035060869436
148_77,s-2.195024768593655,s-2.725205624715120,s157.927092505860401
148_78,s2.626417067392374,s-3.632965365768904,s337.991948481032466
148_79,s3.221346237292283,s-3.632896861651827,s339.494431791617671
148_80,s-2.288755900533059,s0.976444907579584,s338.594491865106988
148_81,s-1.164968355919633,s-3.632928257043619,s338.460290148475679
148_82,s3.203237939868711,s1.880063286644980,s1238.444949068175674
148_83,s0.470411566597351,s1.884579868099215,s158.582520847983972
148_84,s3.146579867230873,s0.969143408073903,s338.444358138624011
148_85,s-3.208053671649898,s-1.177828886360012,s9876.776058275401738
148_86,s-1.706331333437369,s-3.632926134444233,s338.494035065656533
148_87,s-0.566227385660734,s-2.721641923449807,s158.409796730320778
148_88,s-0.057126003971466,s0.733516995655700,s158.494261218411253
148_89,s-2.827472456528169,s0.973180626912709,s338.574259061188116
148_90,s0.449355564337720,s-2.479923557134531,s338.319777907829973
148_91,s-0.108850478339866,s-0.175651432046728,s338.492334361114843
148_92,s0.434519487197686,s-0.175061908251585,s338.456162211754361
148_93,s1.529714554986105,s-2.479683244099103,s338.196043476915179
148_94,s2.073495949275101,s-3.632964005061772,s338.006424747597578
148_95,s-2.205888547183865,s-1.571850658605507,s158.480154721859378
148_96,s-1.130052583556634,s-0.418792793188920,s158.458743701260062
148_97,s2.613462670211840,s-1.333968371337675,s338.024769614198590
148_98,s3.137205876259711,s2.121187079667353,s-381.554615561021819
148_99,s-0.653985685905044,s-0.176329183920589,s338.625349476908923
148_100,s-1.140435817188939,s0.732927081120844,s158.458743667571184
148_101,s-0.091055631600934,s-2.479767832021928,s338.405671419568989
148_102,s-1.673159367600348,s-0.419040339771956,s158.421942980742983
148_103,s-1.662493971595244,s-1.570658519626618,s158.494035101813466
148_104,s1.042731392796651,s-0.415857436161245,s158.353113906129579
148_105,s2.065994796817974,s-0.178905731793795,s338.088571150584244
148_106,s-0.124351469348604,s0.975418155766415,s338.814238049765663
148_107,s0.489419337363231,s0.735181704189879,s158.456162212057365
148_108,s0.402132630807462,s2.126996540688612,s339.158367117936223
148_109,s2.071219426748391,s-2.481616162256294,s338.006281749934715
148_110,s2.651169570474007,s3.031759953748476,s158.392749574604238
148_111,s-1.681430705968811,s0.733280372867820,s158.421942937028462
148_112,s-2.260390752067043,s-2.482110022680028,s338.480154723586736
148_113,s-1.207255069203960,s0.974691080807515,s338.722793077496419
148_114,s-0.666370219459458,s0.976393051293715,s338.625349530255221
148_115,s2.049946438768112,s2.122840770601547,s338.179334411073000
148_116,s1.520795926180514,s-0.175617124968589,s338.197157111890704
148_117,s0.989553538127521,s-2.479616632560383,s338.304626345433746
148_118,s1.504130503058032,s2.125158223523239,s338.192596622361009
148_119,s-0.150633065009348,s3.031771383894153,s160.649847254798459
148_120,s-0.042765231873874,s-0.417085110760345,s158.392067741363860
148_121,s-2.280260738540949,s-0.177187854383813,s338.510446233375546
148_122,s2.669676959029332,s0.727776884401225,s158.163112386558453
148_123,s0.422991873710158,s0.976606325788492,s338.582520847937019
148_124,s-0.698611828011251,s2.142105687295170,s343.045921915740564
148_125,s2.106832343339055,s3.031776103700560,s158.179334411065724
148_126,s-1.184941414274672,s-1.329051893570512,s338.458743707121926
148_127,s-2.852127580904112,s1.918905901313105,s165.430463757313049
148_128,s-1.748106357151102,s0.974921485767977,s338.563798223519711
148_129,s1.594697025464049,s-2.721090488677636,s158.195929391884704
148_130,s-2.437428851845020,s2.181804521198880,s345.658363815934877
148_131,s-1.196141379871706,s-0.177686445072677,s338.458743669888065
148_132,s2.069657670336254,s-1.329966472561783,s338.006281749936761
148_133,s1.513173502977700,s0.975067953807183,s338.197181680181927
148_134,s-1.692263292858055,s1.886423827777251,s158.563798226225401
148_135,s2.674780472027704,s-0.423956807391977,s158.061273940610761
148_136,s-0.071963408903246,s1.887407073336410,s158.808133780809726
148_137,s0.995078299402571,s3.031752341709886,s158.511846483691130
148_138,s2.059259617841316,s0.971852534617433,s338.254782915888711
148_139,s0.508849856042310,s-1.568766593569984,s158.319777907609421
148_140,s-1.263570013408509,s2.150029224127961,s342.850025875258382
148_141,s3.221610502954936,s-1.580209752473926,s157.897329278415128
148_142,s-1.966608775371842,s3.032979045839411,s165.657890207929341
148_143,s0.977005697249440,s-0.174555768245705,s338.382629806341583
148_144,s2.594045541607225,s2.121051129853655,s338.392762766569547
148_145,s-3.056740583115797,s2.179039118550411,s345.658364103388578
148_146,s-1.174353825002743,s-2.480762153961337,s338.460290101327473
148_147,s1.555363853316536,s3.031775018239375,s158.192596622361151
149_0,s-1.027711323662956,s2.424097181654174,s248.086512438241698
149_1,s3.334899602612925,s1.293254436040098,s68.272859303394057
149_2,s2.184337538765261,s2.372606261957420,s68.090941305133086
149_3,s2.191986933333927,s2.915646074664618,s67.345115884742086
149_4,s-3.334686308218110,s-0.323540468215853,s248.621849179582199
149_5,s2.186698733433476,s-2.501657332246197,s4029.141048386603416
149_6,s3.333194576620436,s2.971443389538546,s-1371.967169503881451
149_7,s-2.182465362655012,s1.869755916718602,s248.316031507517920
149_8,s-2.442640810742728,s-2.013706160918392,s72.308079504061169
149_9,s2.423375780514326,s-1.896156735479632,s-4791.686310003193285
149_10,s-1.277399955413297,s-2.531515917593345,s67.846000502686479
149_11,s2.423614819806295,s1.353905999625859,s248.272859386579483
149_12,s2.424196389156432,s1.894902766203892,s248.228261426929663
149_13,s-2.186767016729722,s2.440347385769887,s-112.789187583021643
149_14,s-1.032406458709120,s-1.383295235459720,s248.363272367830518
149_15,s2.182234290488095,s0.206901809618251,s68.313588176339337
149_16,s-1.273632975082917,s-0.361062668945129,s68.502630452776188
149_17,s1.029035110067600,s-1.972733091477302,s68.354744744144568
149_18,s1.270786011475421,s-1.907043026700140,s248.403796566045997
149_19,s1.266309600632475,s-3.000258142170625,s248.077153803013942
149_20,s0.119058951654309,s1.342856155793010,s248.280921130922252
149_21,s1.029878337437078,s-0.341642382067206,s68.374181884072470
149_22,s2.185218778232838,s-3.067464153238485,s67.808405351758111
149_23,s-0.105223097003525,s2.918001997771114,s427.365302250428101
149_24,s-1.274278783446388,s-1.448737189701934,s68.220302095561834
149_25,s2.437456518821576,s2.980416871298340,s248.588661232753822
149_26,s-1.467964700976217,s-3.469802694758923,s246.370856135852421
149_27,s1.024345251180046,s-3.065161406736488,s68.207848704257998
149_28,s-2.427737038750603,s-0.919294106612418,s68.638065819557326
149_29,s-2.184992956714218,s-0.848834328519987,s248.537732351164522
149_30,s-2.426052304330085,s1.805097695984148,s67.699770997343222
149_31,s2.182753952815293,s1.829813223769792,s68.208476438748690
149_32,s1.030045013133595,s-0.884018749343911,s68.411901179231961
149_33,s2.180900693004815,s-1.961799954861873,s68.358729824207629
149_34,s3.334889078935915,s-0.328521373066898,s68.296372144911558
149_35,s0.119201539731119,s-0.284526945836154,s248.372604497605835
149_36,s2.023340496427346,s-3.464381329480331,s966.338199166162781
149_37,s0.137438380831352,s2.980114117659888,s607.405441057897178
149_38,s-2.186821192787118,s-1.926080256911288,s248.202295634566667
149_39,s2.182344636457398,s-0.875996827165022,s68.374834972831906
149_40,s0.120106194019809,s1.885460410479186,s248.201036669906813
149_41,s1.271225719939347,s0.266052486847524,s248.316655244235619
149_42,s3.334898771026623,s0.752725353534415,s68.283784073989949
149_43,s-1.272538876252678,s1.813771304807076,s68.210572068951052
149_44,s-1.033052782279499,s0.791795155116715,s248.384735093920312
149_45,s-3.332994845409420,s-2.661716497801520,s-108.261807591729905
149_46,s-2.424715976893592,s-0.374828561971725,s68.621852345013252
149_47,s2.182244125282498,s0.747852258535117,s68.297504144552008
149_48,s-2.185899913143045,s-1.387091845602003,s248.107821665357903
149_49,s-0.002276647859948,s-3.469695466670241,s-606.414072143217936
149_50,s3.334894050267388,s-0.869383767368560,s1868.332416971051089
149_51,s3.334890839723214,s0.212283850190128,s68.308618501264405
149_52,s-1.032236254172191,s-0.294920781623715,s248.410091115308063
149_53,s3.334434979936997,s-2.659270849606739,s-1746.667344932778406
149_54,s0.123271663709786,s2.429276547492578,s248.052154134004866
149_55,s1.285027315405312,s2.983172211929336,s247.341184763400946
149_56,s1.271143391193292,s1.348934033612933,s248.273171945270917
149_57,s2.424001777268312,s-1.352481673944142,s-471.672059005374535
149_58,s3.334903059587659,s1.834778258948802,s68.228260509412323
149_59,s-0.121297873589653,s1.820451848377570,s68.201704055171476
149_60,s1.029788232740354,s0.200481103375920,s68.354661443631713
149_61,s-0.121981314878419,s-1.983683527878414,s68.301972069667229
149_62,s2.182294543435304,s1.288598904837900,s68.273172203927928
149_63,s-3.334704972803644,s2.414462458248500,s248.324878420649725
149_64,s-2.321438528773088,s-2.902419594367151,s2020.348747106305609
149_65,s-3.334662540189793,s-1.448238838564312,s2049.071629414478593
149_66,s1.271634565403939,s-1.361261108701117,s248.373621180713684
149_67,s-2.184559451672292,s0.781862832488610,s248.404021447412845
149_68,s-3.334448602659014,s2.981909476778720,s247.800621819156646
149_69,s-1.274292554101232,s0.725964561025203,s68.404021398846211
149_70,s-2.425741189211019,s0.715990666562583,s68.408969507982690
149_71,s-1.271482922053209,s2.360372461786599,s67.603673050825535
149_72,s-0.122121343918213,s-0.350347678291391,s68.409945295246089
149_73,s-2.435233034416382,s-1.467885296035696,s69.066709656321990
149_74,s-0.122512049733223,s0.734913594163200,s68.384735131112834
149_75,s-1.274471537611121,s-1.990176160684003,s68.215605426877644
149_76,s1.042114100143051,s2.921404900457084,s2947.265995212004327
149_77,s0.118841662226652,s0.800626509776411,s248.340296600674947
149_78,s2.423553963980431,s0.272377259753300,s248.305265494780230
149_79,s2.483470600439706,s-2.469463738422375,s1312.433035582504772
149_80,s-1.051942770972297,s-3.017848324954032,s-472.634861048807295
149_81,s1.032792467127325,s2.368807019418139,s68.055191697756086
149_82,s2.182174355420639,s-0.334512469383638,s68.319010294497104
149_83,s1.271277325071139,s-0.275979982077872,s248.333479709499443
149_84,s-2.616255207531324,s-3.214968908814884,s72.089175980080043
149_85,s1.029804825512694,s1.283605116214908,s68.280919673488029
149_86,s-2.432405872564178,s2.375868711056456,s68.290655423540485
149_87,s-2.425400972199844,s0.170865526804683,s68.581134417084797
149_88,s-0.121906673355767,s-0.893766496321478,s68.453011989606182
149_89,s3.334895242534177,s-1.410927853470188,s1868.302487869473907
149_90,s-2.168732303062967,s2.982818395049723,s246.727110438295426
149_91,s-2.184070366267028,s1.325657943541874,s248.348560784932658
149_92,s2.423703261264810,s-0.268669900099263,s248.293949836073210
149_93,s-1.274034931338947,s0.182880234728636,s68.435801209240040
149_94,s1.027533699267238,s-2.520606332717429,s1868.370228312307745
149_95,s-1.035327096835137,s-2.467884312807835,s247.902836325557786
149_96,s1.029724721065330,s0.742142539250115,s68.340296467250795
149_97,s-0.122435821283608,s-1.438489189926030,s68.389409334635914
149_98,s0.111701059306298,s-3.003679930069954,s2767.780387708205126
149_99,s-3.334762823390170,s1.868573048631014,s247.660047312763737
149_100,s-2.183891541117698,s0.237255408277967,s248.435784239042960
149_101,s-1.012229502440713,s2.983008138802168,s247.220601681547777
149_102,s-3.334688551929556,s0.221320212698602,s248.581134778709583
149_103,s-1.031138605831367,s1.878827445859809,s248.210247006541806
149_104,s-0.133680804296330,s-3.070631992581423,s68.615889895817915
149_105,s-1.266199938508004,s2.918209910261240,s786.624607270722436
149_106,s1.274467102403491,s2.433285620428495,s248.090040394672513
149_107,s-2.188429728550076,s-2.463598331767226,s247.841030425237534
149_108,s0.120414325695850,s-1.373066139175161,s248.404577494358676
149_109,s-3.334685196249203,s-0.875202682760488,s248.638094582825573
149_110,s-2.426252132541443,s1.260413713455393,s68.088231086403681
149_111,s-3.334797110473729,s-3.432400756652652,s251.471914730260238
149_112,s2.426045907861306,s2.437359809786443,s248.159508029287139
149_113,s-2.458034265850596,s-2.578983223048735,s71.870561224189757
149_114,s1.030573116618620,s1.825396309986504,s68.201043303301446
149_115,s-1.274039929140998,s1.269329817315818,s68.344150606917111
149_116,s2.423585564644343,s0.813242357852779,s248.283784065432229
149_117,s2.516794830116668,s-3.110135295273888,s214.445434059919819
149_118,s1.271398495451080,s-0.818199726098025,s248.381469739879321
149_119,s-0.122369266361501,s1.277386186029222,s68.327970303877663
149_120,s0.116849917676751,s-2.463659727366641,s248.359329208666963
149_121,s3.257225260153545,s-3.583172211929337,s754.574439735118517
149_122,s0.119391748320094,s-0.827670398033527,s248.416601935455958
149_123,s0.119090897406890,s0.258264537676019,s248.354121248632850
149_124,s-1.273279918566933,s-0.905625306661884,s68.537684579806765
149_125,s-0.122292682951480,s0.192458198197959,s68.408550454151893
149_126,s1.271995892937056,s1.890419574148780,s248.208510368789689
149_127,s3.334908660244924,s2.380285865373516,s68.159085977572744
149_128,s-1.032802162913737,s0.248833785635764,s248.408521222604634
149_129,s3.334625410483783,s-1.955395770298409,s68.310104212067174
149_130,s-0.118333588508234,s2.364864735021391,s68.050951687470345
149_131,s0.119472554725292,s-1.918086454366309,s248.320767517334531
149_132,s-1.301204046445348,s-3.078889903446042,s67.009992901039269
149_133,s-0.126376469067565,s-2.528927210393872,s67.928053072572382
149_134,s1.271597388137697,s-2.454235567661531,s-111.241891556511533
149_135,s-3.334699182015506,s0.768775781621803,s248.408969445300613
149_136,s-1.031933029472738,s-0.839329206596464,s248.450844113285655
149_137,s2.182250968430503,s-1.418439962544510,s68.362365831724603
149_138,s1.030074857594965,s-1.427083312089589,s68.393940866551318
149_139,s-2.183356156814004,s-0.308205657333590,s248.502830778515829
149_140,s2.423728546131187,s-0.810260336945128,s248.335497556157662
149_141,s-1.032743051408414,s1.334912887717099,s248.328031419500121
149_142,s1.271123325453259,s0.807670634290083,s248.297504579204031
149_143,s-3.334908660244924,s-2.058399894979880,s2052.266982693306090
149_144,s-3.334724124595706,s1.317872366311176,s248.088180201504457
149_145,s-2.425334511805608,s2.922407010122951,s-2092.369851105619546
149_146,s-1.032813039022396,s-1.924761518964551,s248.293076265850459
149_147,s1.132205714357413,s-3.464383785086358,s111.454290427519922
149_148,s-2.481105617882353,s-3.469803132290928,s1686.370684245708844
150_0,s-0.122131012215672,s-2.453217552316868,s67.919499667170783
150_1,s-2.429646211032074,s0.776382006854716,s67.917405160522492
150_2,s-2.188229820974130,s0.302862834216492,s247.917856806284419
150_3,s-0.122306992849196,s0.239404656733386,s67.919372383006262
150_4,s-3.341735990938646,s1.917330063692354,s247.915185056480425
150_5,s-2.188244411237275,s1.918424955197258,s247.915586516888339
150_6,s-2.188184985789878,s-0.774174261404508,s247.918618339431021
150_7,s1.031703088788192,s-2.991284296955012,s67.917520050915030
150_8,s1.031430638885898,s1.316914776503128,s67.918612378068204
150_9,s2.185271435622105,s-1.913264014870650,s67.919224042400387
150_10,s-3.341736167286258,s1.378785632722281,s247.916325863892212
150_11,s-2.188132244221720,s-1.851212017249235,s247.919744985628057
150_12,s1.031500055640976,s0.239869229680256,s67.919991896581649
150_13,s2.185315442199662,s-2.990301285607316,s67.919434093124821
150_14,s0.119325209516465,s-3.465288472346415,s247.917064504943085
150_15,s-2.188209173330239,s-0.235657146560700,s247.918742684886183
150_16,s-1.034453429202072,s-0.773531765146726,s247.919530156397371
150_17,s2.426553252845660,s0.305850651625296,s247.921408492050034
150_18,s1.031705134109449,s-3.529816134108708,s67.915728317556884
150_19,s3.341700998115706,s-3.531740472752017,s67.929976852888331
150_20,s-0.122362432871213,s1.316452879881823,s67.917538385589452
150_21,s1.031658687982266,s-1.914225774498898,s67.920013002832064
150_22,s2.426695055021771,s-1.848232210634908,s247.919392179638265
150_23,s3.341095666323570,s0.776450787736795,s67.951692256580174
150_24,s0.119254501662534,s-1.849690876859719,s247.920170483466222
150_25,s3.341462705071439,s-2.993159556394688,s67.953391901464329
150_26,s0.119097900413722,s0.304412680860883,s247.919873756142522
150_27,s-1.034387585390495,s-1.850575761543416,s247.920058549310113
150_28,s-0.122382600006298,s2.393503926312554,s67.916004438971314
150_29,s-3.341703664817848,s-0.775317815385308,s247.919480472890569
150_30,s-1.275925249375905,s0.238513745466375,s67.918334269298427
150_31,s3.340420933261800,s2.391959283671051,s67.936890715384521
150_32,s0.119287139730947,s-2.388206604580649,s247.918939773319664
150_33,s-2.188161692121604,s-1.312690763009565,s247.918392175162722
150_34,s1.272837846653821,s1.381924405458915,s247.919510007803893
150_35,s-1.275740573985881,s-2.992646594050292,s67.917668221218790
150_36,s2.185028393513586,s1.317874913400966,s67.920112439931799
150_37,s-1.275896536148441,s-0.300011414673637,s67.918879813827942
150_38,s-2.429526565321274,s-2.454727272001485,s67.919644771367771
150_39,s1.038218462181085,s2.931290915286703,s66.565153918882174
150_40,s2.184957995591909,s2.394936156896391,s67.917573997571850
150_41,s-1.275724459192043,s-3.531174338258121,s67.917929838954635
150_42,s0.119023455736301,s2.458499471439418,s247.916606879939337
150_43,s-1.275960927403871,s1.315560603052146,s67.916554838827921
150_44,s1.031405007477505,s1.855442314771918,s67.917365018358012
150_45,s2.426451386939750,s1.382892196431568,s-472.077269314166983
150_46,s-3.341661374249496,s-1.852350469014532,s247.917596703224234
150_47,s2.185068479279312,s0.779356531376472,s67.920487529314556
150_48,s-1.275831089339488,s-1.377074520690346,s67.919137550551326
150_49,s3.341270943693282,s0.237843207826238,s67.918601190145409
150_50,s1.273104818882512,s-2.387730583749579,s247.918823831114253
150_51,s-2.429497310942343,s-2.993247174373692,s67.918800218640214
150_52,s3.340665996889069,s1.853470101717372,s67.946778979690876
150_53,s1.031542796906588,s-0.298652880611756,s67.920647074138358
150_54,s0.119172928618147,s-0.772635579163230,s247.919989863209651
150_55,s3.341197890881107,s-0.300728873919053,s67.898412169535291
150_56,s3.341341070495014,s-2.454783067620464,s67.902608633527180
150_57,s-0.122114408644651,s-2.991747559526036,s67.918866487173645
150_58,s3.341342744450501,s-1.916191604717449,s67.929834984789068
150_59,s-1.275967268961560,s2.392606911431602,s67.916139388407004
150_60,s-1.034555141739774,s1.380559382339120,s247.917539081052183
150_61,s2.185235476027115,s-1.374734333829013,s67.920656132805405
150_62,s1.273127318938552,s-2.926261585599073,s247.917692431171332
150_63,s-2.476244650831657,s2.444047298656892,s257.928178745513208
150_64,s-1.275761500544778,s-2.454117609313712,s67.919801865799130
150_65,s2.185189729917078,s-0.836210887981281,s67.920715708632713
150_66,s3.341259384848779,s-0.839117124868148,s67.944934070795668
150_67,s2.184985684570667,s1.856409837828005,s67.918926684821457
150_68,s-2.188247709989714,s1.379903628647423,s247.916345449932209
150_69,s1.273125587716442,s-3.464804165711880,s247.917745471909797
150_70,s2.426663825607714,s-1.309711997552455,s247.919028742976650
150_71,s-0.122270172233428,s-0.299118078710542,s67.920008129073665
150_72,s2.426716164718292,s-2.386773012956149,s247.921433616751330
150_73,s3.341331075906400,s-1.377747405212334,s67.903604660457091
150_74,s3.341736167286258,s2.929551486402583,s67.603192219280430
150_75,s1.273030289245662,s-1.310681927046569,s247.920349927098329
150_76,s-1.034294567459495,s-3.466176235721658,s247.917803037326934
150_77,s-3.331255196002788,s-3.532535188985711,s-473.067294470457568
150_78,s0.119029365686775,s1.919978468329134,s247.917377994578942
150_79,s2.426590784968636,s-0.232664055545376,s247.917972738006426
150_80,s2.426808279101341,s-3.463852378588931,s247.920049584070910
150_81,s0.119135845625248,s-0.234107688553675,s247.920229077838599
150_82,s-3.341618014808354,s-2.929406932911489,s247.921120844655150
150_83,s3.340865910573016,s1.314902640293347,s67.928256244959314
150_84,s1.273073235117627,s-1.849215056538042,s247.920014830090594
150_85,s-1.034328721905794,s-2.927638972650821,s247.919452348650282
150_86,s-1.275863646594606,s-0.838539034931039,s67.919232048917934
150_87,s-2.429651219795517,s1.853433470449974,s67.914971560652987
150_88,s1.272947073447540,s-0.233640660526605,s247.920637687481246
150_89,s-0.122233631296557,s-0.837650131983488,s67.919721779813415
150_90,s2.185154730243958,s-0.297698948898921,s67.918814420247614
150_91,s-0.122336786233562,s0.777927907512748,s67.918685792530852
150_92,s-2.188055923405963,s-3.466763922061584,s247.917432671265175
150_93,s-1.034560869676091,s2.457601632113683,s247.916120403289568
150_94,s-1.961723579237662,s2.860323555948050,s60.883498966325192
150_95,s-0.122200695723539,s-1.376175964653017,s67.919390843009822
150_96,s-1.034542014792089,s0.842038024159500,s247.918156122102715
150_97,s-2.429636626262993,s0.237854808091468,s67.917577309931019
150_98,s-3.341682198650116,s-1.313835313753423,s247.918596796713501
150_99,s1.031624109487346,s-1.375696871877747,s67.921133527714886
150_100,s-1.275946606276635,s0.777035712167979,s67.917442226708587
150_101,s-3.331298280066698,s2.521913615970582,s-6950.092159874760000
150_102,s2.185322777731060,s-3.528852847620020,s67.919994441681695
150_103,s0.119042141250419,s1.381455708985521,s247.918480747611966
150_104,s-0.954070219921960,s2.900877311533457,s72.880778165221386
150_105,s-1.034489663137702,s-0.235005034859320,s247.919606984868182
150_106,s1.272989979650562,s-0.772159912978899,s247.920486813013611
150_107,s-2.188073259911683,s-2.928246527860923,s247.918029046937733
150_108,s-1.275967899736593,s1.854087379236119,s67.915585073901951
150_109,s0.119067883282323,s0.842934521504221,s247.919274838306137
150_110,s-2.429472698029694,s-3.531764934440369,s67.918665295324956
150_111,s-3.341736107529967,s0.840250770347907,s247.917362349066821
150_112,s-2.429618774997114,s-0.300661563691953,s67.918644987022645
150_113,s-0.122094933685875,s-3.530284498954490,s67.917435984024593
150_114,s-0.107853542026112,s2.929536859564243,s-1733.790542672245692
150_115,s-2.429554377282535,s-1.916212917930953,s67.918540870389918
150_116,s2.426503822018860,s0.844373454747561,s247.920735345343900
150_117,s1.031693083893451,s-2.452745601408040,s67.919922564729220
150_118,s-3.341732059091544,s0.301729112962282,s247.917547547787450
150_119,s2.426363681985160,s2.459940374084645,s247.918994924484622
150_120,s-1.034422399972692,s-1.312054199883902,s247.919241642826904
150_121,s-2.716349313797591,s2.827819547227505,s78.473226170320345
150_122,s-0.122166447082557,s-1.914695378490206,s67.919520441622453
150_123,s0.119301063964614,s-2.926735499517386,s247.919314010968975
150_124,s-2.429651430152126,s1.314908558928314,s67.916328147831138
150_125,s0.119217373414910,s-1.311163917537255,s247.920667418794437
150_126,s-0.122375594258912,s1.854980047015750,s67.916688608397791
150_127,s-3.341641032896267,s-2.390871277162169,s247.918815558538910
150_128,s-2.429595524887328,s-0.839179510877734,s67.918180500796126
150_129,s-1.275800138703338,s-1.915592324947248,s67.920138269208138
150_130,s1.031460017489075,s0.778396991641879,s67.919239009557586
150_131,s-1.034357859295105,s-2.389104368486114,s247.920324109994397
150_132,s1.272811292677857,s1.920444678501744,s247.918569031561361
150_133,s2.426398686536286,s1.921418236746909,s247.920630772979905
150_134,s2.426757342663524,s-2.925298747033040,s247.920486677828478
150_135,s1.031581874971264,s-0.837177480757487,s67.919815768094196
150_136,s2.185114047412205,s0.240837794175841,s67.920819924196550
150_137,s-2.188242813240264,s0.841382705721313,s247.917266656047332
150_138,s-3.341725654114767,s-0.236793743747626,s247.918038076405082
150_139,s-1.034559717470975,s1.919081853544105,s247.916599562082610
150_140,s2.196188221515900,s2.928548194056029,s66.080211308155000
150_141,s2.426628350308293,s-0.771198197158067,s247.921999179897597
150_142,s-2.429576981469977,s-1.377697252736787,s67.918144100323033
150_143,s-1.034519456357893,s0.303517719632574,s247.918827077498776
150_144,s1.272912744629419,s0.304882262469152,s247.920756233805548
150_145,s-2.188099730958730,s-2.389727018511743,s247.919038895219700
150_146,s2.185293247759827,s-2.451787984668626,s67.917334639746855
150_147,s1.272797166012555,s2.458966699510448,s247.917414011732859
150_148,s1.031391582451019,s2.393967894783076,s67.916567071734505
150_149,s1.272872856273337,s0.843405538067127,s247.919967199300174
151_0,s1.301727525382693,s-2.378218490025033,s249.016553680473208
151_1,s2.458942254409171,s-3.441851658894945,s248.712560127015962
151_2,s1.270641497122022,s1.405528245079728,s-1551.214605827165087
151_3,s2.458802180612156,s-2.899933851454674,s248.640310991913907
151_4,s-1.300481943607590,s0.712611807567075,s1509.078885922547897
151_5,s-3.370365946432917,s2.364050383447494,s248.922018755544087
151_6,s-3.358126167956747,s-0.338584913525870,s248.853978705543256
151_7,s-3.370230045762420,s1.280435794188516,s248.830623162469237
151_8,s1.395038695030329,s2.930931455545159,s41471.466400217861519
151_9,s2.178143063818814,s1.889725704725244,s1508.810197762672715
151_10,s-0.102324239354092,s-1.943724928187958,s68.388860872421091
151_11,s1.047896922518568,s-0.824728984574792,s68.913735400669282
151_12,s-3.328343858775935,s-3.029357490658494,s247.989392080916758
151_13,s2.413430908229151,s2.496159448180993,s-471.214598437258189
151_14,s1.066611246762673,s-3.529845746511095,s68.931605580383930
151_15,s3.338910808937196,s2.963308476082086,s66.370668163908363
151_16,s2.187457297588109,s0.811563850888319,s68.688504300032520
151_17,s2.190863470179763,s0.271614871337107,s68.728914798785908
151_18,s-1.055779753350068,s1.342394589927847,s248.800424046420829
151_19,s2.213858162461103,s-2.427310592326832,s69.015874029400379
151_20,s-1.061431492478028,s1.880884104512377,s248.799447270238147
151_21,s-1.264766176439410,s-2.526637172499230,s2589.012837763911193
151_22,s-2.457706387674173,s1.232145681652153,s69.029001455845389
151_23,s-2.216980594135638,s1.301175432291874,s249.072015552819494
151_24,s2.217723708405810,s-3.509463461846944,s68.876602215768457
151_25,s-2.461727242570610,s2.321132524568497,s68.922820101268059
151_26,s0.157924806807022,s-3.486967664456633,s248.931448552449837
151_27,s-1.313705069962006,s2.888573254430235,s68.657980436968998
151_28,s-0.114592967045695,s-0.866436099096676,s68.521267023228916
151_29,s-0.151055707293015,s2.367366314565901,s68.904620938654546
151_30,s-1.006512766548927,s-2.970173489391718,s249.108849140370921
151_31,s2.211607666941272,s-1.885855262414443,s68.911402148128246
151_32,s-2.455060658331558,s0.689258748354856,s-2090.990357250004308
151_33,s0.121860120091314,s0.849627217073220,s248.899833232625269
151_34,s-2.450999958263660,s0.149102828036336,s1148.982860637693193
151_35,s-0.119449589971726,s-0.326844610466077,s68.921184847358461
151_36,s1.300366248900658,s-1.836877972275743,s248.911984809326810
151_37,s-3.368148536683289,s0.739797527530957,s248.917550995662850
151_38,s-3.364214359313443,s0.199917093057427,s248.936940003834906
151_39,s1.278482694008676,s0.326284456145477,s-1911.264891692058200
151_40,s-1.011564204797977,s-2.427379785119590,s248.847527369220899
151_41,s1.034049782781048,s0.798472416989026,s68.896025999516652
151_42,s-1.025333584741435,s-1.351485359216049,s249.351197612034440
151_43,s-3.331281979499845,s-2.493672597807931,s249.011482354730845
151_44,s-1.277385034934357,s-1.446811898473125,s69.366476178180150
151_45,s1.307367675312765,s-3.461847872044612,s248.876493448554356
151_46,s0.136601312597061,s-0.775654101172661,s248.913266027062093
151_47,s1.037157592168159,s0.258445509688592,s68.932166145044448
151_48,s-1.044828056787876,s0.265652657753154,s248.715109011394645
151_49,s3.342685495803200,s1.355106491370751,s68.907933373389554
151_50,s2.418981975904421,s1.957451727074969,s-1551.190432005823823
151_51,s2.431684476904093,s0.338880222963792,s248.736600016724225
151_52,s2.491659203596066,s2.934277925209263,s-645.409624664827106
151_53,s2.201492196799127,s-0.806828306167801,s68.913141008321219
151_54,s3.335941197493210,s2.433101054440143,s-650.710099481582347
151_55,s1.264799723847950,s1.944625752834868,s1328.828871943842614
151_56,s-2.412953147406882,s-3.086737889988104,s-2091.299556278525415
151_57,s-0.083786944611899,s-3.556352359447359,s69.401399390366862
151_58,s2.424587157882274,s1.418645477036086,s-1911.222179366827504
151_59,s3.352230344784726,s-0.260727922383184,s68.779908465336987
151_60,s-2.465094881857672,s2.870597747036733,s68.232450946386848
151_61,s-1.071603875417558,s2.956876450610622,s249.153449938662419
151_62,s1.304913036941770,s-2.918666563324388,s249.008917983848846
151_63,s1.017521837046597,s2.416099031816723,s-651.263776080240177
151_64,s1.064384269729869,s-2.987195765665584,s69.021461839525088
151_65,s1.284218744139939,s-0.214603575832452,s248.778758897826947
151_66,s2.183617072539850,s1.350971098863599,s428.775996015415387
151_67,s-1.308001096564515,s1.799256031387061,s69.076170456344371
151_68,s-2.201673904526066,s-0.319222276068204,s249.242817176341390
151_69,s-0.125721001661391,s0.211321838952609,s68.807470594170439
151_70,s-0.098543667968728,s-2.481089136295618,s68.800444731416633
151_71,s-1.286142711323025,s-0.908745962034851,s1508.829433283802700
151_72,s-0.137231887805911,s1.288310659783743,s68.813491063416762
151_73,s3.363279146267663,s-1.337692244929496,s68.785794917752241
151_74,s-1.016896503700850,s-1.888487054767293,s248.828405961491683
151_75,s2.436777754874112,s-0.199829638436796,s248.779508006782436
151_76,s-2.208890143706737,s0.220630657417982,s-830.926985430146715
151_77,s3.366606743346661,s-1.877440605423954,s68.333539895169324
151_78,s2.216997812608414,s-2.967801720783763,s69.005931196341450
151_79,s1.059550340236687,s-1.905479955158546,s68.914702421206158
151_80,s0.116940772306223,s1.389822434313167,s248.910034293648295
151_81,s1.258785639654998,s2.484089806978115,s248.810283808233947
151_82,s3.345098422087095,s0.814203223168045,s68.031280023641571
151_83,s-1.296544961304759,s0.172206231771732,s69.079863367753333
151_84,s2.448486862769288,s-1.278440143861213,s248.787610147443701
151_85,s0.149209049612382,s-2.397761054519167,s249.019058963367712
151_86,s3.370403743815997,s-2.954615673200506,s68.640353653570045
151_87,s-2.425190140067330,s-2.007422114298845,s-1010.970012713150709
151_88,s-3.370403743815997,s2.918060823349899,s248.232852880554617
151_89,s3.357743278799777,s-0.799190535082011,s68.790141077457704
151_90,s2.453653334636608,s-1.818439843101053,s248.510379111137553
151_91,s-2.221158283925256,s2.389172028609734,s248.923042072230885
151_92,s0.210006593800299,s2.902752446246687,s791.952677706838813
151_93,s-0.144828472974125,s1.827888762650681,s69.216188227566732
151_94,s-2.432981870449325,s-1.468714397941083,s-290.934067605169048
151_95,s-2.183360230578690,s-1.937282709171142,s-1910.960896984948249
151_96,s-3.353243205918797,s-0.877206384992968,s3488.737048323244835
151_97,s-2.417672500929924,s-2.546075255419401,s69.005768367938174
151_98,s-0.092604515989757,s-3.019411646219049,s68.858925628299758
151_99,s-2.222665367455523,s2.936907725553075,s248.658004552863360
151_100,s2.455600919063238,s-2.359374329747781,s248.665846297103002
151_101,s0.140217044898826,s-1.317390187824277,s249.313674931231702
151_102,s0.152906148977639,s-2.939629531214552,s249.021167519706211
151_103,s-1.407961015577921,s-3.536854653868622,s606.017693347685395
151_104,s2.442519447004698,s-0.739001337125527,s248.790308640435711
151_105,s-1.305078342490351,s1.253867291345644,s69.080154664163572
151_106,s0.102610699465790,s2.468189786783462,s249.048645895032109
151_107,s-1.270094881985519,s-1.987185802028878,s-1011.011267033162653
151_108,s-2.218127596979463,s1.842809964181276,s249.074369181590697
151_109,s0.109469783472268,s1.928240715561556,s-470.937306847279785
151_110,s1.029637392433432,s1.337855755470023,s-291.139046720191516
151_111,s3.346955117712104,s0.277650957736543,s68.738509492156581
151_112,s-2.442681939856138,s-0.388939940799341,s69.205614521950608
151_113,s0.148182655719261,s-1.856259878192237,s248.914577143214728
151_114,s-2.458540717527202,s1.774079478722228,s69.073813271370739
151_115,s2.172510396910654,s2.428231018847006,s68.786533951436653
151_116,s-0.108043043828899,s-1.402888313927910,s69.250217546956961
151_117,s-2.170918386572532,s-3.017614284458431,s-1551.045543051664936
151_118,s3.368391886316354,s-2.415584876966234,s68.554140033454431
151_119,s-3.346876186882302,s-1.416632182934472,s249.049884086241832
151_120,s1.275493245711524,s0.866176678797323,s248.686300712220770
151_121,s-1.050109595974678,s0.803899696944104,s248.803423786737198
151_122,s-2.191793091813587,s-1.399193505042218,s-2630.663474029374811
151_123,s2.196040138171260,s-0.267265895249154,s68.779642892553042
151_124,s-1.065622382430296,s2.420210336641226,s248.498601740827297
151_125,s1.289065960606005,s-0.755200870305054,s248.913380131660517
151_126,s-2.440056601169699,s-0.930790870042603,s68.838267110933614
151_127,s3.370400117494449,s-3.494898455818492,s68.712640660864096
151_128,s2.207451792309746,s-1.346253512726188,s68.910137388537379
151_129,s-2.482218581002256,s-3.512345156319337,s8538.585477371123488
151_130,s-2.177065848890489,s-2.477587322945550,s249.011946162882765
151_131,s0.125984496733414,s0.306795428686976,s248.930853378743052
151_132,s-1.031890718625001,s-0.810594350332333,s248.466188285815178
151_133,s-3.337604356403072,s-3.563308476082086,s246.372403493232611
151_134,s1.042725819124881,s-0.282894733226164,s69.084777093039349
151_135,s2.429327941331114,s0.878764389366079,s-831.540326370065372
151_136,s-2.197439401681786,s-0.858193752013122,s2768.827449382789837
151_137,s3.340053220407853,s1.891154205158982,s68.021962541699764
151_138,s1.295090921540464,s-1.294715244477168,s248.910320982813801
151_139,s1.053516749870955,s-1.363827489793408,s69.313756973998167
151_140,s-0.131462583141522,s0.749819490859651,s68.811686392468999
151_141,s0.130558056014405,s-0.234910080681560,s609.083983813083478
151_142,s1.023469113299525,s1.876868374890988,s-291.106334935028258
151_143,s-3.339206760080990,s-1.955341049716943,s249.070416402675932
151_144,s1.061266653674275,s-2.446660761520532,s69.018729872766130
151_145,s-2.212902580794973,s0.760997832703066,s249.044196844291150
151_146,s-1.257523966539665,s-3.066654043647421,s69.106829404706701
151_147,s-3.370356422785440,s1.821368470188024,s249.059676025239924
151_148,s-1.287580801613498,s-0.365770598714596,s69.354137464759717
151_149,s-1.037850257108364,s-0.274091773207347,s249.179601570198201
151_150,s-1.311348592427826,s2.343611752689996,s68.923120147724589
152_0,s-3.370265462201161,s-0.808014170911238,s245.681598395366251
152_1,s-2.459316532624051,s1.284063126794638,s65.566598769492614
152_2,s-1.043029583690842,s0.807761702286517,s245.606424443187393
152_3,s-0.134418914433893,s2.361645312498861,s65.512559320593326
152_4,s-2.456743742315272,s0.206696981492666,s65.444353721696388
152_5,s1.039333374516707,s-0.330799769389173,s65.611087840751722
152_6,s-3.372121802179040,s-0.269004557603741,s245.501074124030509
152_7,s-0.119821305863259,s-1.946451468243123,s65.621502688379934
152_8,s3.368041902815230,s0.746086534315213,s65.505381674323701
152_9,s1.048750765799552,s-3.562075738856741,s65.587994600703752
152_10,s-3.373058817735005,s1.885447472880217,s245.360538789618062
152_11,s-0.130748770052175,s2.897373475991167,s64.429850246062529
152_12,s-2.456089058583609,s-1.409328983457392,s65.270763767778874
152_13,s-0.114709441123062,s-3.561978706220134,s65.632020219532421
152_14,s2.194692968435952,s2.362002237613203,s65.642347506629619
152_15,s1.043081875345330,s-1.407921060867602,s65.595316176356050
152_16,s3.369458836443263,s-0.331066779837325,s65.543615577014634
152_17,s-2.205364775481837,s-0.269305775325773,s245.518423737688806
152_18,s1.041263044682407,s-0.869424708533029,s65.580013476443071
152_19,s2.448095169126739,s2.960724602359769,s246.121180473354030
152_20,s2.209631174835744,s-2.485205339628516,s65.520006728041992
152_21,s-3.368314864684508,s-2.423940373477135,s245.791555904324412
152_22,s2.199567478297532,s2.896014356213805,s64.039048478066420
152_23,s2.457009035876156,s-3.497696171594115,s244.635710892063088
152_24,s-2.203631138055307,s-0.808248829263754,s245.645056232312470
152_25,s-2.453987165102236,s-2.485130140475736,s65.715334742138154
152_26,s2.207522551292322,s-1.408278945521168,s65.471651280572445
152_27,s0.116611826415443,s2.423493330333550,s245.550849281207149
152_28,s-1.046752012742611,s2.423652147015080,s245.496392574778213
152_29,s-1.035069637646021,s-1.346379017811608,s245.601891081349834
152_30,s-2.453444627617483,s-3.025059134824796,s65.199564619255810
152_31,s1.293336868261578,s-0.807772060561888,s245.567460447385429
152_32,s2.456000887335347,s0.270146697438524,s245.401053902248407
152_33,s-3.373191410408748,s2.423726895436280,s245.446502767001959
152_34,s3.370930793661838,s-1.408335138591266,s65.461608921762007
152_35,s-2.201585984359710,s-1.346730670399614,s245.603121527596187
152_36,s0.124278670662776,s0.269230715005292,s245.609211070989886
152_37,s-1.288062569201140,s-1.407857297975997,s65.637295062099611
152_38,s2.454842153309692,s1.346995276865325,s245.468984858617631
152_39,s1.278997777742744,s2.961613427817979,s245.713121238983376
152_40,s-2.199236573914408,s-1.885490294719852,s245.678826199501003
152_41,s-3.369483687644950,s-1.883961271915105,s245.257385134231640
152_42,s2.459720255140186,s-2.422651880015277,s245.462315136530947
152_43,s-1.048443315274951,s2.961795488082808,s245.638715216979023
152_44,s-0.116378805686074,s-3.023815378853258,s65.501693655000906
152_45,s2.208462109548039,s-1.946697224706829,s65.511312271484272
152_46,s0.134540900128394,s-2.961999266354174,s245.527140265841410
152_47,s-1.030898246920405,s-2.423469876700037,s245.620554244867321
152_48,s1.035165080728756,s0.746280137759040,s65.599698937226350
152_49,s0.130932915124664,s-3.497686858879271,s244.437932245788602
152_50,s-2.210067335241822,s1.884899549113795,s245.546798022822514
152_51,s-3.372752927380812,s0.269740705889290,s245.417816266865316
152_52,s2.455577981741803,s0.808477021525950,s245.469446635977619
152_53,s-3.368766881852674,s-1.345778670625966,s245.410200616927654
152_54,s-3.359111458984552,s-3.545407728998621,s244.674751197094679
152_55,s1.294673708129089,s-1.346126539843648,s245.502202094148060
152_56,s-2.194169946258139,s-2.962522158742724,s245.652725718246501
152_57,s2.210745202300267,s-3.023775286833307,s65.504076577844799
152_58,s0.128330573425162,s-0.807766051410883,s245.589429802936195
152_59,s0.132042791775306,s-1.884725751152068,s245.555834998180018
152_60,s-1.039324669071842,s-0.269192026459690,s245.565944114828000
152_61,s3.366552618997169,s1.823627413473516,s65.542760763071954
152_62,s1.294763134399263,s-3.498115600713388,s244.504722938483638
152_63,s2.202094165151990,s0.746422006866856,s65.644824133145008
152_64,s-2.200355487383743,s-3.495659898904701,s243.745204291974318
152_65,s1.046043691688503,s-2.485242787105155,s65.499915063290572
152_66,s-1.041057128699197,s0.269272118340084,s245.594339164137324
152_67,s-1.044698882671544,s1.346494058797868,s245.531953716603937
152_68,s0.126352943014790,s-0.269320222841512,s245.619183420521779
152_69,s2.457313330546127,s-0.807073304092723,s245.465083881850546
152_70,s3.371948801800960,s-2.485363907922970,s65.465406790771596
152_71,s2.199837231660910,s1.284857824620969,s65.616244905317643
152_72,s-2.449978831493629,s-3.560532148276176,s66.287214402028496
152_73,s-1.296176916011577,s1.284627659863778,s65.521558190788312
152_74,s2.452286758039086,s2.423847917003676,s245.535195224990588
152_75,s1.037230591834749,s0.207758469771821,s65.618575324232452
152_76,s-1.029743556727226,s-2.961427507132198,s245.410564340083994
152_77,s-1.295046585936762,s2.897912231335614,s64.379615741841349
152_78,s3.336633244036711,s2.938936265715233,s65.283892784389792
152_79,s-2.207558628372686,s0.807941074536379,s245.500374216203994
152_80,s-1.293598216599025,s0.207639600430638,s65.591090627307395
152_81,s-2.206534095810409,s0.269277004317500,s245.529395396621595
152_82,s2.453712528846681,s1.885288527946823,s245.550538203050337
152_83,s1.033168366332319,s1.284855947866073,s65.614016433523474
152_84,s-1.033482644169110,s-3.497700162191925,s244.530380612196410
152_85,s-3.367956417616574,s-2.962771000874716,s-2274.825932553078019
152_86,s1.290309013564653,s0.269130111381707,s245.649948516354840
152_87,s-0.121866695443205,s-1.407972510845289,s65.597961866588662
152_88,s1.283700811726258,s1.884796427103145,s245.622032459194060
152_89,s1.287994250566760,s0.807730793049638,s245.626460851066497
152_90,s1.032647638172779,s2.897420392634510,s64.494279676974003
152_91,s2.197325829040211,s1.823639326049188,s65.700174525932596
152_92,s-2.456079689349954,s-1.947198597665059,s65.504969378528031
152_93,s-2.460931182839532,s2.360874679655908,s65.454306654933163
152_94,s1.292074519071816,s-0.269044650611955,s245.514770590651381
152_95,s-2.208712844212690,s1.346400562899655,s245.532370307125973
152_96,s-1.045805962200760,s1.885139818457687,s245.489095418946789
152_97,s2.212221147492259,s-3.562071477748743,s65.588612798823021
152_98,s1.031152630175130,s1.823342054431310,s65.600458519662197
152_99,s-2.211313964227967,s2.423564273772865,s-114.485485080590706
152_100,s-0.133265659701586,s1.823063498791421,s65.517954388166814
152_101,s-2.196672734420774,s-2.423978252785843,s245.659314740458058
152_102,s-2.456052331272947,s-0.331711895716567,s65.483235918501251
152_103,s-1.289952740860633,s-0.869583689187072,s65.543214955610480
152_104,s1.029332446824592,s2.361793043215043,s65.573194718379810
152_105,s3.368439602846489,s0.207249834193337,s65.463399260377528
152_106,s-3.373311368971531,s1.346911201922687,s245.367744512807803
152_107,s1.044769494688702,s-1.946565363314985,s65.553370578209496
152_108,s-1.291641249064759,s-0.330843613214431,s65.610609401115497
152_109,s2.460315803320283,s-2.961157799378583,s245.445934014211332
152_110,s-2.460474587941738,s1.822279258893580,s65.458090693213634
152_111,s-1.297533755895047,s1.823360640739006,s65.566461411506253
152_112,s-3.373158903045918,s0.808170339626303,s245.449275243254078
152_113,s2.459097409503517,s-1.884112201785068,s245.463072238147561
152_114,s1.298270509004928,s-2.961853413425628,s245.515129381849448
152_115,s-1.285769822774844,s-1.946419631600377,s65.630573343520979
152_116,s-1.281216649244311,s-3.023438512394134,s65.641331246329713
152_117,s1.281569799738848,s2.423351458780818,s245.613211597655180
152_118,s-2.458522358773151,s2.897763533342748,s64.812939427321325
152_119,s3.367529684110644,s1.284859818986988,s65.491416365349821
152_120,s2.206450641751622,s-0.869514352351122,s65.544239624913530
152_121,s-2.457735543244000,s0.745508952179454,s65.552073231910484
152_122,s3.371423753313294,s-1.946951689584068,s65.427292774729011
152_123,s-0.127970525531007,s0.207603538563215,s65.595695390607304
152_124,s-1.283514065307894,s-2.484938333083726,s65.631346514707076
152_125,s2.205186804381795,s-0.331081015745598,s65.509925120410699
152_126,s-1.294935361276176,s0.746081060041231,s65.525381788449991
152_127,s0.114839353794194,s2.961856134403634,s245.610544881039033
152_128,s1.285842768251067,s1.346291871912689,s245.616077963506939
152_129,s-1.298766632341359,s2.362012111947812,s65.547178626275766
152_130,s-0.117813178181724,s-2.485054493318281,s65.589077958010364
152_131,s0.118268205073830,s1.884869243625201,s245.583628517665829
152_132,s-0.131918247525507,s1.284646218828102,s65.565510222602228
152_133,s2.456500725484550,s-0.268623130800265,s245.491680587054930
152_134,s0.130261532927939,s-1.346326208662110,s245.603849318700895
152_135,s-1.037289592859931,s-0.807962838466332,s245.648910154332924
152_136,s0.133372102739653,s-2.423170590202507,s245.505372677417512
152_137,s1.295767759052782,s-1.884747645614502,s245.517603965579298
152_138,s1.047169106607173,s-3.023704973452948,s65.532761908957823
152_139,s-2.455566683190754,s-0.870444723231832,s65.404555356115978
152_140,s-0.123906470012935,s-0.869383205851783,s65.622664605801887
152_141,s-0.125997773332051,s-0.330884508622419,s65.609727122158375
152_142,s1.297030537033056,s-2.423342191033475,s245.539625148286603
152_143,s3.370378764195981,s-0.869876185266850,s65.439049816623452
152_144,s-0.130022858703582,s0.746223805739486,s65.619865555224848
152_145,s0.122282647341354,s0.807776290764748,s245.603086134855459
152_146,s-1.033023695862423,s-1.884940243351509,s245.616116703686231
152_147,s2.203959144269231,s0.207573206436381,s65.547750573790339
152_148,s-2.212787844957858,s2.961910095535893,s245.587231419442134
152_149,s2.458205383437523,s-1.345709553146051,s245.508452201105342
152_150,s-1.278923558522966,s-3.561984432826512,s65.630614752807560
152_151,s0.120230530193284,s1.346256367359764,s245.617549481965227
153_0,s-3.370265462201161,s-0.808014170911238,s245.826733735730954
153_1,s-2.459316532624051,s1.284063126794638,s65.711734109857332
153_2,s-1.043029583690842,s0.807761702286517,s245.751559783552096
153_3,s-0.134418914433893,s2.361645312498861,s65.657694660958043
153_4,s-2.456743742315272,s0.206696981492666,s65.589489062061105
153_5,s1.039333374516707,s-0.330799769389173,s65.756223181116439
153_6,s-3.372121802179040,s-0.269004557603741,s245.646209464395213
153_7,s-0.119821305863259,s-1.946451468243123,s65.766638028744651
153_8,s3.368041902815230,s0.746086534315213,s65.650517014688418
153_9,s1.048750765799552,s-3.562075738856741,s65.733129941068469
153_10,s-3.373058817735005,s1.885447472880217,s245.505674129982765
153_11,s-0.130748770052175,s2.897373475991167,s64.574985586427246
153_12,s-2.456089058583609,s-1.409328983457392,s65.415899108143591
153_13,s-0.114709441123062,s-3.561978706220134,s65.777155559897139
153_14,s2.194692968435952,s2.362002237613203,s65.787482846994337
153_15,s1.043081875345330,s-1.407921060867602,s65.740451516720768
153_16,s3.369458836443263,s-0.331066779837325,s65.688750917379352
153_17,s-2.205364775481837,s-0.269305775325773,s245.663559078053510
153_18,s1.041263044682407,s-0.869424708533029,s65.725148816807788
153_19,s2.448095169126739,s2.960724602359769,s246.266315813718734
153_20,s2.209631174835744,s-2.485205339628516,s65.665142068406709
153_21,s-3.368314864684508,s-2.423940373477135,s245.936691244689115
153_22,s2.199567478297532,s2.896014356213805,s64.184183818431137
153_23,s2.457009035876156,s-3.497696171594115,s244.780846232427791
153_24,s-2.203631138055307,s-0.808248829263754,s245.790191572677173
153_25,s-2.453987165102236,s-2.485130140475736,s65.860470082502871
153_26,s2.207522551292322,s-1.408278945521168,s65.616786620937162
153_27,s0.116611826415443,s2.423493330333550,s245.695984621571853
153_28,s-1.046752012742611,s2.423652147015080,s245.641527915142916
153_29,s-1.035069637646021,s-1.346379017811608,s245.747026421714537
153_30,s-2.453444627617483,s-3.025059134824796,s65.344699959620527
153_31,s1.293336868261578,s-0.807772060561888,s245.712595787750132
153_32,s2.456000887335347,s0.270146697438524,s245.546189242613110
153_33,s-3.373191410408748,s2.423726895436280,s245.591638107366663
153_34,s3.370930793661838,s-1.408335138591266,s65.606744262126725
153_35,s-2.201585984359710,s-1.346730670399614,s245.748256867960890
153_36,s0.124278670662776,s0.269230715005292,s245.754346411354589
153_37,s-1.288062569201140,s-1.407857297975997,s65.782430402464328
153_38,s2.454842153309692,s1.346995276865325,s245.614120198982334
153_39,s1.278997777742744,s2.961613427817979,s245.858256579348080
153_40,s-2.199236573914408,s-1.885490294719852,s245.823961539865707
153_41,s-3.369483687644950,s-1.883961271915105,s245.402520474596344
153_42,s2.459720255140186,s-2.422651880015277,s245.607450476895650
153_43,s-1.048443315274951,s2.961795488082808,s245.783850557343726
153_44,s-0.116378805686074,s-3.023815378853258,s65.646828995365624
153_45,s2.208462109548039,s-1.946697224706829,s65.656447611848989
153_46,s3.372020260528653,s2.368153571581090,s66.054223660596037
153_47,s0.134540900128394,s-2.961999266354174,s245.672275606206114
153_48,s-1.030898246920405,s-2.423469876700037,s245.765689585232025
153_49,s1.035165080728756,s0.746280137759040,s65.744834277591067
153_50,s0.130932915124664,s-3.497686858879271,s244.583067586153305
153_51,s-2.210067335241822,s1.884899549113795,s245.691933363187218
153_52,s-3.372752927380812,s0.269740705889290,s245.562951607230019
153_53,s2.455577981741803,s0.808477021525950,s245.614581976342322
153_54,s-3.368766881852674,s-1.345778670625966,s245.555335957292357
153_55,s-3.359111458984552,s-3.545407728998621,s244.819886537459382
153_56,s1.294673708129089,s-1.346126539843648,s245.647337434512764
153_57,s-2.194169946258139,s-2.962522158742724,s245.797861058611204
153_58,s2.210745202300267,s-3.023775286833307,s65.649211918209517
153_59,s0.128330573425162,s-0.807766051410883,s245.734565143300898
153_60,s0.132042791775306,s-1.884725751152068,s245.700970338544721
153_61,s-1.039324669071842,s-0.269192026459690,s245.711079455192703
153_62,s3.366552618997169,s1.823627413473516,s65.687896103436671
153_63,s1.294763134399263,s-3.498115600713388,s244.649858278848342
153_64,s2.202094165151990,s0.746422006866856,s65.789959473509725
153_65,s-2.200355487383743,s-3.495659898904701,s243.890339632339021
153_66,s1.046043691688503,s-2.485242787105155,s65.645050403655290
153_67,s-1.041057128699197,s0.269272118340084,s245.739474504502027
153_68,s-1.044698882671544,s1.346494058797868,s245.677089056968640
153_69,s0.126352943014790,s-0.269320222841512,s245.764318760886482
153_70,s2.457313330546127,s-0.807073304092723,s245.610219222215250
153_71,s3.371948801800960,s-2.485363907922970,s65.610542131136313
153_72,s2.199837231660910,s1.284857824620969,s65.761380245682361
153_73,s-2.449978831493629,s-3.560532148276176,s66.432349742393214
153_74,s-1.296176916011577,s1.284627659863778,s65.666693531153030
153_75,s2.452286758039086,s2.423847917003676,s245.680330565355291
153_76,s1.037230591834749,s0.207758469771821,s65.763710664597170
153_77,s-1.029743556727226,s-2.961427507132198,s245.555699680448697
153_78,s-1.295046585936762,s2.897912231335614,s64.524751082206066
153_79,s3.350985040476767,s2.952865585115088,s65.429028124754510
153_80,s-2.207558628372686,s0.807941074536379,s245.645509556568697
153_81,s-1.293598216599025,s0.207639600430638,s65.736225967672112
153_82,s-2.206534095810409,s0.269277004317500,s245.674530736986299
153_83,s2.453712528846681,s1.885288527946823,s245.695673543415040
153_84,s1.033168366332319,s1.284855947866073,s65.759151773888192
153_85,s-1.033482644169110,s-3.497700162191925,s244.675515952561113
153_86,s-3.367956417616574,s-2.962771000874716,s-2274.680797212713514
153_87,s1.290309013564653,s0.269130111381707,s245.795083856719543
153_88,s-0.121866695443205,s-1.407972510845289,s65.743097206953379
153_89,s1.283700811726258,s1.884796427103145,s245.767167799558763
153_90,s1.287994250566760,s0.807730793049638,s245.771596191431200
153_91,s1.032647638172779,s2.897420392634510,s64.639415017338720
153_92,s2.197325829040211,s1.823639326049188,s65.845309866297313
153_93,s-2.456079689349954,s-1.947198597665059,s65.650104718892749
153_94,s-2.460931182839532,s2.360874679655908,s65.599441995297880
153_95,s1.292074519071816,s-0.269044650611955,s245.659905931016084
153_96,s-2.208712844212690,s1.346400562899655,s245.677505647490676
153_97,s-1.045805962200760,s1.885139818457687,s245.634230759311492
153_98,s2.212221147492259,s-3.562071477748743,s65.733748139187739
153_99,s1.031152630175130,s1.823342054431310,s65.745593860026915
153_100,s-2.211313964227967,s2.423564273772865,s-114.340349740225989
153_101,s-0.133265659701586,s1.823063498791421,s65.663089728531531
153_102,s-2.196672734420774,s-2.423978252785843,s245.804450080822761
153_103,s-2.456052331272947,s-0.331711895716567,s65.628371258865968
153_104,s-1.289952740860633,s-0.869583689187072,s65.688350295975198
153_105,s1.029332446824592,s2.361793043215043,s65.718330058744527
153_106,s3.368439602846489,s0.207249834193337,s65.608534600742246
153_107,s-3.373311368971531,s1.346911201922687,s245.512879853172507
153_108,s1.044769494688702,s-1.946565363314985,s65.698505918574213
153_109,s-1.291641249064759,s-0.330843613214431,s65.755744741480214
153_110,s2.460315803320283,s-2.961157799378583,s245.591069354576035
153_111,s-2.460474587941738,s1.822279258893580,s65.603226033578352
153_112,s-1.297533755895047,s1.823360640739006,s65.711596751870971
153_113,s-3.373158903045918,s0.808170339626303,s245.594410583618782
153_114,s2.459097409503517,s-1.884112201785068,s245.608207578512264
153_115,s1.298270509004928,s-2.961853413425628,s245.660264722214151
153_116,s-1.285769822774844,s-1.946419631600377,s65.775708683885696
153_117,s-1.281216649244311,s-3.023438512394134,s65.786466586694431
153_118,s1.281569799738848,s2.423351458780818,s245.758346938019884
153_119,s-2.458522358773151,s2.897763533342748,s64.958074767686043
153_120,s3.367529684110644,s1.284859818986988,s65.636551705714538
153_121,s2.206450641751622,s-0.869514352351122,s65.689374965278247
153_122,s-2.457735543244000,s0.745508952179454,s65.697208572275201
153_123,s3.371423753313294,s-1.946951689584068,s65.572428115093729
153_124,s-0.127970525531007,s0.207603538563215,s65.740830730972021
153_125,s-1.283514065307894,s-2.484938333083726,s65.776481855071793
153_126,s2.205186804381795,s-0.331081015745598,s65.655060460775417
153_127,s-1.294935361276176,s0.746081060041231,s65.670517128814708
153_128,s0.114839353794194,s2.961856134403634,s245.755680221403736
153_129,s1.285842768251067,s1.346291871912689,s245.761213303871642
153_130,s-1.298766632341359,s2.362012111947812,s65.692313966640484
153_131,s-0.117813178181724,s-2.485054493318281,s65.734213298375082
153_132,s0.118268205073830,s1.884869243625201,s245.728763858030533
153_133,s-0.131918247525507,s1.284646218828102,s65.710645562966945
153_134,s2.456500725484550,s-0.268623130800265,s245.636815927419633
153_135,s0.130261532927939,s-1.346326208662110,s245.748984659065599
153_136,s-1.037289592859931,s-0.807962838466332,s245.794045494697627
153_137,s0.133372102739653,s-2.423170590202507,s245.650508017782215
153_138,s1.295767759052782,s-1.884747645614502,s245.662739305944001
153_139,s1.047169106607173,s-3.023704973452948,s65.677897249322541
153_140,s-2.455566683190754,s-0.870444723231832,s65.549690696480695
153_141,s-0.123906470012935,s-0.869383205851783,s65.767799946166605
153_142,s-0.125997773332051,s-0.330884508622419,s65.754862462523093
153_143,s1.297030537033056,s-2.423342191033475,s245.684760488651307
153_144,s3.370378764195981,s-0.869876185266850,s65.584185156988170
153_145,s-0.130022858703582,s0.746223805739486,s65.765000895589566
153_146,s0.122282647341354,s0.807776290764748,s245.748221475220163
153_147,s-1.033023695862423,s-1.884940243351509,s245.761252044050934
153_148,s2.203959144269231,s0.207573206436381,s65.692885914155056
153_149,s-2.212787844957858,s2.961910095535893,s245.732366759806837
153_150,s2.458205383437523,s-1.345709553146051,s245.653587541470046
153_151,s-1.278923558522966,s-3.561984432826512,s65.775750093172277
153_152,s0.120230530193284,s1.346256367359764,s245.762684822329931
154_0,s-3.370265462201161,s-0.808014170911238,s245.826733735730954
154_1,s-2.459316532624051,s1.284063126794638,s65.711734109857332
154_2,s-1.043029583690842,s0.807761702286517,s245.751559783552096
154_3,s-0.134418914433893,s2.361645312498861,s65.657694660958043
154_4,s-2.456743742315272,s0.206696981492666,s65.589489062061105
154_5,s1.039333374516707,s-0.330799769389173,s65.756223181116439
154_6,s-3.372121802179040,s-0.269004557603741,s245.646209464395213
154_7,s-0.119821305863259,s-1.946451468243123,s65.766638028744651
154_8,s3.368041902815230,s0.746086534315213,s65.650517014688418
154_9,s1.048750765799552,s-3.562075738856741,s65.733129941068469
154_10,s-3.373058817735005,s1.885447472880217,s245.505674129982765
154_11,s-0.130748770052175,s2.897373475991167,s64.574985586427246
154_12,s-2.456089058583609,s-1.409328983457392,s65.415899108143591
154_13,s-0.114709441123062,s-3.561978706220134,s65.777155559897139
154_14,s2.194692968435952,s2.362002237613203,s65.787482846994337
154_15,s1.043081875345330,s-1.407921060867602,s65.740451516720768
154_16,s3.369458836443263,s-0.331066779837325,s65.688750917379352
154_17,s-2.205364775481837,s-0.269305775325773,s245.663559078053510
154_18,s1.041263044682407,s-0.869424708533029,s65.725148816807788
154_19,s2.448095169126739,s2.960724602359769,s246.266315813718734
154_20,s2.209631174835744,s-2.485205339628516,s65.665142068406709
154_21,s-3.368314864684508,s-2.423940373477135,s245.936691244689115
154_22,s2.199567478297532,s2.896014356213805,s64.184183818431137
154_23,s2.457009035876156,s-3.497696171594115,s244.780846232427791
154_24,s-2.203631138055307,s-0.808248829263754,s245.790191572677173
154_25,s-2.453987165102236,s-2.485130140475736,s65.860470082502871
154_26,s2.207522551292322,s-1.408278945521168,s65.616786620937162
154_27,s0.116611826415443,s2.423493330333550,s245.695984621571853
154_28,s-1.046752012742611,s2.423652147015080,s245.641527915142916
154_29,s-1.035069637646021,s-1.346379017811608,s245.747026421714537
154_30,s-2.453444627617483,s-3.025059134824796,s65.344699959620527
154_31,s1.293336868261578,s-0.807772060561888,s245.712595787750132
154_32,s2.456000887335347,s0.270146697438524,s245.546189242613110
154_33,s-3.373191410408748,s2.423726895436280,s245.591638107366663
154_34,s3.370930793661838,s-1.408335138591266,s65.606744262126725
154_35,s-2.201585984359710,s-1.346730670399614,s245.748256867960890
154_36,s0.124278670662776,s0.269230715005292,s245.754346411354589
154_37,s-1.288062569201140,s-1.407857297975997,s65.782430402464328
154_38,s2.454842153309692,s1.346995276865325,s245.614120198982334
154_39,s1.278997777742744,s2.961613427817979,s245.858256579348080
154_40,s-2.199236573914408,s-1.885490294719852,s245.823961539865707
154_41,s-3.369483687644950,s-1.883961271915105,s245.402520474596344
154_42,s2.459720255140186,s-2.422651880015277,s245.607450476895650
154_43,s-1.048443315274951,s2.961795488082808,s245.783850557343726
154_44,s-0.116378805686074,s-3.023815378853258,s65.646828995365624
154_45,s2.208462109548039,s-1.946697224706829,s65.656447611848989
154_46,s3.372020260528653,s2.368153571581090,s66.054223660596037
154_47,s0.134540900128394,s-2.961999266354174,s245.672275606206114
154_48,s-1.030898246920405,s-2.423469876700037,s245.765689585232025
154_49,s1.035165080728756,s0.746280137759040,s65.744834277591067
154_50,s0.130932915124664,s-3.497686858879271,s244.583067586153305
154_51,s-2.210067335241822,s1.884899549113795,s245.691933363187218
154_52,s-3.372752927380812,s0.269740705889290,s245.562951607230019
154_53,s2.455577981741803,s0.808477021525950,s245.614581976342322
154_54,s-3.368766881852674,s-1.345778670625966,s245.555335957292357
154_55,s-3.359111458984552,s-3.545407728998621,s244.819886537459382
154_56,s1.294673708129089,s-1.346126539843648,s245.647337434512764
154_57,s-2.194169946258139,s-2.962522158742724,s245.797861058611204
154_58,s2.210745202300267,s-3.023775286833307,s65.649211918209517
154_59,s-3.373843916934934,s2.962169366240459,s245.618352113675229
154_60,s0.128330573425162,s-0.807766051410883,s245.734565143300898
154_61,s0.132042791775306,s-1.884725751152068,s245.700970338544721
154_62,s-1.039324669071842,s-0.269192026459690,s245.711079455192703
154_63,s3.366552618997169,s1.823627413473516,s65.687896103436671
154_64,s1.294763134399263,s-3.498115600713388,s244.649858278848342
154_65,s2.202094165151990,s0.746422006866856,s65.789959473509725
154_66,s-2.200355487383743,s-3.495659898904701,s243.890339632339021
154_67,s1.046043691688503,s-2.485242787105155,s65.645050403655290
154_68,s-1.041057128699197,s0.269272118340084,s245.739474504502027
154_69,s-1.044698882671544,s1.346494058797868,s245.677089056968640
154_70,s0.126352943014790,s-0.269320222841512,s245.764318760886482
154_71,s2.457313330546127,s-0.807073304092723,s245.610219222215250
154_72,s3.371948801800960,s-2.485363907922970,s65.610542131136313
154_73,s2.199837231660910,s1.284857824620969,s65.761380245682361
154_74,s-2.449978831493629,s-3.560532148276176,s66.432349742393214
154_75,s-1.296176916011577,s1.284627659863778,s65.666693531153030
154_76,s2.452286758039086,s2.423847917003676,s245.680330565355291
154_77,s1.037230591834749,s0.207758469771821,s65.763710664597170
154_78,s-1.029743556727226,s-2.961427507132198,s245.555699680448697
154_79,s-1.295046585936762,s2.897912231335614,s64.524751082206066
154_80,s3.350985040476767,s2.952865585115088,s65.429028124754510
154_81,s-2.207558628372686,s0.807941074536379,s245.645509556568697
154_82,s-1.293598216599025,s0.207639600430638,s65.736225967672112
154_83,s-2.206534095810409,s0.269277004317500,s245.674530736986299
154_84,s2.453712528846681,s1.885288527946823,s245.695673543415040
154_85,s1.033168366332319,s1.284855947866073,s65.759151773888192
154_86,s-1.033482644169110,s-3.497700162191925,s244.675515952561113
154_87,s-3.367956417616574,s-2.962771000874716,s-2274.680797212713514
154_88,s1.290309013564653,s0.269130111381707,s245.795083856719543
154_89,s-0.121866695443205,s-1.407972510845289,s65.743097206953379
154_90,s1.283700811726258,s1.884796427103145,s245.767167799558763
154_91,s1.287994250566760,s0.807730793049638,s245.771596191431200
154_92,s1.032647638172779,s2.897420392634510,s64.639415017338720
154_93,s2.197325829040211,s1.823639326049188,s65.845309866297313
154_94,s-2.456079689349954,s-1.947198597665059,s65.650104718892749
154_95,s-2.460931182839532,s2.360874679655908,s65.599441995297880
154_96,s1.292074519071816,s-0.269044650611955,s245.659905931016084
154_97,s-2.208712844212690,s1.346400562899655,s245.677505647490676
154_98,s-1.045805962200760,s1.885139818457687,s245.634230759311492
154_99,s2.212221147492259,s-3.562071477748743,s65.733748139187739
154_100,s1.031152630175130,s1.823342054431310,s65.745593860026915
154_101,s-2.211313964227967,s2.423564273772865,s-114.340349740225989
154_102,s-0.133265659701586,s1.823063498791421,s65.663089728531531
154_103,s-2.196672734420774,s-2.423978252785843,s245.804450080822761
154_104,s-2.456052331272947,s-0.331711895716567,s65.628371258865968
154_105,s-1.289952740860633,s-0.869583689187072,s65.688350295975198
154_106,s1.029332446824592,s2.361793043215043,s65.718330058744527
154_107,s3.368439602846489,s0.207249834193337,s65.608534600742246
154_108,s-3.373311368971531,s1.346911201922687,s245.512879853172507
154_109,s1.044769494688702,s-1.946565363314985,s65.698505918574213
154_110,s-1.291641249064759,s-0.330843613214431,s65.755744741480214
154_111,s2.460315803320283,s-2.961157799378583,s245.591069354576035
154_112,s-2.460474587941738,s1.822279258893580,s65.603226033578352
154_113,s-1.297533755895047,s1.823360640739006,s65.711596751870971
154_114,s-3.373158903045918,s0.808170339626303,s245.594410583618782
154_115,s2.459097409503517,s-1.884112201785068,s245.608207578512264
154_116,s1.298270509004928,s-2.961853413425628,s245.660264722214151
154_117,s-1.285769822774844,s-1.946419631600377,s65.775708683885696
154_118,s-1.281216649244311,s-3.023438512394134,s65.786466586694431
154_119,s1.281569799738848,s2.423351458780818,s245.758346938019884
154_120,s-2.458522358773151,s2.897763533342748,s64.958074767686043
154_121,s3.367529684110644,s1.284859818986988,s65.636551705714538
154_122,s2.206450641751622,s-0.869514352351122,s65.689374965278247
154_123,s-2.457735543244000,s0.745508952179454,s65.697208572275201
154_124,s3.371423753313294,s-1.946951689584068,s65.572428115093729
154_125,s-0.127970525531007,s0.207603538563215,s65.740830730972021
154_126,s-1.283514065307894,s-2.484938333083726,s65.776481855071793
154_127,s2.205186804381795,s-0.331081015745598,s65.655060460775417
154_128,s-1.294935361276176,s0.746081060041231,s65.670517128814708
154_129,s0.114839353794194,s2.961856134403634,s245.755680221403736
154_130,s1.285842768251067,s1.346291871912689,s245.761213303871642
154_131,s-1.298766632341359,s2.362012111947812,s65.692313966640484
154_132,s-0.117813178181724,s-2.485054493318281,s65.734213298375082
154_133,s0.118268205073830,s1.884869243625201,s245.728763858030533
154_134,s-0.131918247525507,s1.284646218828102,s65.710645562966945
154_135,s2.456500725484550,s-0.268623130800265,s245.636815927419633
154_136,s0.130261532927939,s-1.346326208662110,s245.748984659065599
154_137,s-1.037289592859931,s-0.807962838466332,s245.794045494697627
154_138,s0.133372102739653,s-2.423170590202507,s245.650508017782215
154_139,s1.295767759052782,s-1.884747645614502,s245.662739305944001
154_140,s1.047169106607173,s-3.023704973452948,s65.677897249322541
154_141,s-2.455566683190754,s-0.870444723231832,s65.549690696480695
154_142,s-0.123906470012935,s-0.869383205851783,s65.767799946166605
154_143,s-0.125997773332051,s-0.330884508622419,s65.754862462523093
154_144,s1.297030537033056,s-2.423342191033475,s245.684760488651307
154_145,s3.370378764195981,s-0.869876185266850,s65.584185156988170
154_146,s-0.130022858703582,s0.746223805739486,s65.765000895589566
154_147,s0.122282647341354,s0.807776290764748,s245.748221475220163
154_148,s-1.033023695862423,s-1.884940243351509,s245.761252044050934
154_149,s2.203959144269231,s0.207573206436381,s65.692885914155056
154_150,s-2.212787844957858,s2.961910095535893,s245.732366759806837
154_151,s2.458205383437523,s-1.345709553146051,s245.653587541470046
154_152,s-1.278923558522966,s-3.561984432826512,s65.775750093172277
154_153,s0.120230530193284,s1.346256367359764,s245.762684822329931
155_0,s-3.370265462201161,s-0.808014170911238,s245.826733735730954
155_1,s-2.459316532624051,s1.284063126794638,s65.711734109857332
155_2,s-1.043029583690842,s0.807761702286517,s245.751559783552096
155_3,s-0.134418914433893,s2.361645312498861,s65.657694660958043
155_4,s-2.456743742315272,s0.206696981492666,s65.589489062061105
155_5,s1.039333374516707,s-0.330799769389173,s65.756223181116439
155_6,s-3.372121802179040,s-0.269004557603741,s245.646209464395213
155_7,s-0.119821305863259,s-1.946451468243123,s65.766638028744651
155_8,s3.368041902815230,s0.746086534315213,s65.650517014688418
155_9,s1.048750765799552,s-3.562075738856741,s65.733129941068469
155_10,s-3.373058817735005,s1.885447472880217,s245.505674129982765
155_11,s-0.130748770052175,s2.897373475991167,s64.574985586427246
155_12,s-2.456089058583609,s-1.409328983457392,s65.415899108143591
155_13,s-0.114709441123062,s-3.561978706220134,s65.777155559897139
155_14,s2.194692968435952,s2.362002237613203,s65.787482846994337
155_15,s1.043081875345330,s-1.407921060867602,s65.740451516720768
155_16,s3.369458836443263,s-0.331066779837325,s65.688750917379352
155_17,s-2.205364775481837,s-0.269305775325773,s245.663559078053510
155_18,s1.041263044682407,s-0.869424708533029,s65.725148816807788
155_19,s2.448095169126739,s2.960724602359769,s246.266315813718734
155_20,s2.209631174835744,s-2.485205339628516,s65.665142068406709
155_21,s-3.368314864684508,s-2.423940373477135,s245.936691244689115
155_22,s2.199567478297532,s2.896014356213805,s64.184183818431137
155_23,s2.457009035876156,s-3.497696171594115,s244.780846232427791
155_24,s-2.203631138055307,s-0.808248829263754,s245.790191572677173
155_25,s-2.453987165102236,s-2.485130140475736,s65.860470082502871
155_26,s2.207522551292322,s-1.408278945521168,s65.616786620937162
155_27,s0.116611826415443,s2.423493330333550,s245.695984621571853
155_28,s-1.046752012742611,s2.423652147015080,s245.641527915142916
155_29,s-1.035069637646021,s-1.346379017811608,s245.747026421714537
155_30,s-2.453444627617483,s-3.025059134824796,s65.344699959620527
155_31,s1.293336868261578,s-0.807772060561888,s245.712595787750132
155_32,s2.456000887335347,s0.270146697438524,s245.546189242613110
155_33,s-3.373191410408748,s2.423726895436280,s245.591638107366663
155_34,s3.370930793661838,s-1.408335138591266,s65.606744262126725
155_35,s-2.201585984359710,s-1.346730670399614,s245.748256867960890
155_36,s0.124278670662776,s0.269230715005292,s245.754346411354589
155_37,s-1.288062569201140,s-1.407857297975997,s65.782430402464328
155_38,s2.454842153309692,s1.346995276865325,s245.614120198982334
155_39,s1.278997777742744,s2.961613427817979,s245.858256579348080
155_40,s-2.199236573914408,s-1.885490294719852,s245.823961539865707
155_41,s-3.369483687644950,s-1.883961271915105,s245.402520474596344
155_42,s2.459720255140186,s-2.422651880015277,s245.607450476895650
155_43,s-1.048443315274951,s2.961795488082808,s245.783850557343726
155_44,s-0.116378805686074,s-3.023815378853258,s65.646828995365624
155_45,s2.208462109548039,s-1.946697224706829,s65.656447611848989
155_46,s3.372020260528653,s2.368153571581090,s66.054223660596037
155_47,s0.134540900128394,s-2.961999266354174,s245.672275606206114
155_48,s-1.030898246920405,s-2.423469876700037,s245.765689585232025
155_49,s1.035165080728756,s0.746280137759040,s65.744834277591067
155_50,s0.130932915124664,s-3.497686858879271,s244.583067586153305
155_51,s-2.210067335241822,s1.884899549113795,s245.691933363187218
155_52,s-3.372752927380812,s0.269740705889290,s245.562951607230019
155_53,s2.455577981741803,s0.808477021525950,s245.614581976342322
155_54,s-3.368766881852674,s-1.345778670625966,s245.555335957292357
155_55,s-3.359111458984552,s-3.545407728998621,s244.819886537459382
155_56,s1.294673708129089,s-1.346126539843648,s245.647337434512764
155_57,s-2.194169946258139,s-2.962522158742724,s245.797861058611204
155_58,s2.210745202300267,s-3.023775286833307,s65.649211918209517
155_59,s-3.373843916934934,s2.962169366240459,s245.618352113675229
155_60,s0.128330573425162,s-0.807766051410883,s245.734565143300898
155_61,s0.132042791775306,s-1.884725751152068,s245.700970338544721
155_62,s-1.039324669071842,s-0.269192026459690,s245.711079455192703
155_63,s3.366552618997169,s1.823627413473516,s65.687896103436671
155_64,s1.294763134399263,s-3.498115600713388,s244.649858278848342
155_65,s2.202094165151990,s0.746422006866856,s65.789959473509725
155_66,s-2.200355487383743,s-3.495659898904701,s243.890339632339021
155_67,s1.046043691688503,s-2.485242787105155,s65.645050403655290
155_68,s-1.041057128699197,s0.269272118340084,s245.739474504502027
155_69,s-1.044698882671544,s1.346494058797868,s245.677089056968640
155_70,s0.126352943014790,s-0.269320222841512,s245.764318760886482
155_71,s2.457313330546127,s-0.807073304092723,s245.610219222215250
155_72,s3.371948801800960,s-2.485363907922970,s65.610542131136313
155_73,s2.199837231660910,s1.284857824620969,s65.761380245682361
155_74,s-2.449978831493629,s-3.560532148276176,s66.432349742393214
155_75,s-1.296176916011577,s1.284627659863778,s65.666693531153030
155_76,s2.452286758039086,s2.423847917003676,s245.680330565355291
155_77,s1.037230591834749,s0.207758469771821,s65.763710664597170
155_78,s-1.029743556727226,s-2.961427507132198,s245.555699680448697
155_79,s-1.295046585936762,s2.897912231335614,s64.524751082206066
155_80,s3.350985040476767,s2.952865585115088,s65.429028124754510
155_81,s-2.207558628372686,s0.807941074536379,s245.645509556568697
155_82,s-1.293598216599025,s0.207639600430638,s65.736225967672112
155_83,s-2.206534095810409,s0.269277004317500,s245.674530736986299
155_84,s2.453712528846681,s1.885288527946823,s245.695673543415040
155_85,s1.033168366332319,s1.284855947866073,s65.759151773888192
155_86,s-1.033482644169110,s-3.497700162191925,s244.675515952561113
155_87,s-3.367956417616574,s-2.962771000874716,s-2274.680797212713514
155_88,s1.290309013564653,s0.269130111381707,s245.795083856719543
155_89,s-0.121866695443205,s-1.407972510845289,s65.743097206953379
155_90,s1.283700811726258,s1.884796427103145,s245.767167799558763
155_91,s1.287994250566760,s0.807730793049638,s245.771596191431200
155_92,s1.032647638172779,s2.897420392634510,s64.639415017338720
155_93,s2.197325829040211,s1.823639326049188,s65.845309866297313
155_94,s-2.456079689349954,s-1.947198597665059,s65.650104718892749
155_95,s-2.460931182839532,s2.360874679655908,s65.599441995297880
155_96,s1.292074519071816,s-0.269044650611955,s245.659905931016084
155_97,s-2.208712844212690,s1.346400562899655,s245.677505647490676
155_98,s-1.045805962200760,s1.885139818457687,s245.634230759311492
155_99,s2.212221147492259,s-3.562071477748743,s65.733748139187739
155_100,s1.031152630175130,s1.823342054431310,s65.745593860026915
155_101,s-2.211313964227967,s2.423564273772865,s-114.340349740225989
155_102,s-0.133265659701586,s1.823063498791421,s65.663089728531531
155_103,s-2.196672734420774,s-2.423978252785843,s245.804450080822761
155_104,s-2.456052331272947,s-0.331711895716567,s65.628371258865968
155_105,s-1.289952740860633,s-0.869583689187072,s65.688350295975198
155_106,s1.029332446824592,s2.361793043215043,s65.718330058744527
155_107,s3.372697103676137,s-3.023855119799921,s65.620352860058858
155_108,s3.368439602846489,s0.207249834193337,s65.608534600742246
155_109,s-3.373311368971531,s1.346911201922687,s245.512879853172507
155_110,s1.044769494688702,s-1.946565363314985,s65.698505918574213
155_111,s-1.291641249064759,s-0.330843613214431,s65.755744741480214
155_112,s2.460315803320283,s-2.961157799378583,s245.591069354576035
155_113,s-2.460474587941738,s1.822279258893580,s65.603226033578352
155_114,s-1.297533755895047,s1.823360640739006,s65.711596751870971
155_115,s-3.373158903045918,s0.808170339626303,s245.594410583618782
155_116,s2.459097409503517,s-1.884112201785068,s245.608207578512264
155_117,s1.298270509004928,s-2.961853413425628,s245.660264722214151
155_118,s-1.285769822774844,s-1.946419631600377,s65.775708683885696
155_119,s-1.281216649244311,s-3.023438512394134,s65.786466586694431
155_120,s1.281569799738848,s2.423351458780818,s245.758346938019884
155_121,s-2.458522358773151,s2.897763533342748,s64.958074767686043
155_122,s3.367529684110644,s1.284859818986988,s65.636551705714538
155_123,s2.206450641751622,s-0.869514352351122,s65.689374965278247
155_124,s-2.457735543244000,s0.745508952179454,s65.697208572275201
155_125,s3.371423753313294,s-1.946951689584068,s65.572428115093729
155_126,s-0.127970525531007,s0.207603538563215,s65.740830730972021
155_127,s-1.283514065307894,s-2.484938333083726,s65.776481855071793
155_128,s2.205186804381795,s-0.331081015745598,s65.655060460775417
155_129,s-1.294935361276176,s0.746081060041231,s65.670517128814708
155_130,s0.114839353794194,s2.961856134403634,s245.755680221403736
155_131,s1.285842768251067,s1.346291871912689,s245.761213303871642
155_132,s-1.298766632341359,s2.362012111947812,s65.692313966640484
155_133,s-0.117813178181724,s-2.485054493318281,s65.734213298375082
155_134,s0.118268205073830,s1.884869243625201,s245.728763858030533
155_135,s-0.131918247525507,s1.284646218828102,s65.710645562966945
155_136,s2.456500725484550,s-0.268623130800265,s245.636815927419633
155_137,s0.130261532927939,s-1.346326208662110,s245.748984659065599
155_138,s-1.037289592859931,s-0.807962838466332,s245.794045494697627
155_139,s0.133372102739653,s-2.423170590202507,s245.650508017782215
155_140,s1.295767759052782,s-1.884747645614502,s245.662739305944001
155_141,s1.047169106607173,s-3.023704973452948,s65.677897249322541
155_142,s-2.455566683190754,s-0.870444723231832,s65.549690696480695
155_143,s-0.123906470012935,s-0.869383205851783,s65.767799946166605
155_144,s-0.125997773332051,s-0.330884508622419,s65.754862462523093
155_145,s1.297030537033056,s-2.423342191033475,s245.684760488651307
155_146,s3.370378764195981,s-0.869876185266850,s65.584185156988170
155_147,s-0.130022858703582,s0.746223805739486,s65.765000895589566
155_148,s0.122282647341354,s0.807776290764748,s245.748221475220163
155_149,s-1.033023695862423,s-1.884940243351509,s245.761252044050934
155_150,s2.203959144269231,s0.207573206436381,s65.692885914155056
155_151,s-2.212787844957858,s2.961910095535893,s245.732366759806837
155_152,s2.458205383437523,s-1.345709553146051,s245.653587541470046
155_153,s-1.278923558522966,s-3.561984432826512,s65.775750093172277
155_154,s0.120230530193284,s1.346256367359764,s245.762684822329931
156_0,s-3.370265462201161,s-0.808014170911238,s245.917336255524560
156_1,s-2.459316532624051,s1.284063126794638,s65.802336629650938
156_2,s-1.043029583690842,s0.807761702286517,s245.842162303345702
156_3,s-0.134418914433893,s2.361645312498861,s65.748297180751649
156_4,s-2.456743742315272,s0.206696981492666,s65.680091581854711
156_5,s1.039333374516707,s-0.330799769389173,s65.846825700910045
156_6,s-3.372121802179040,s-0.269004557603741,s245.736811984188819
156_7,s-0.119821305863259,s-1.946451468243123,s65.857240548538257
156_8,s3.368041902815230,s0.746086534315213,s65.741119534482024
156_9,s1.048750765799552,s-3.562075738856741,s65.823732460862075
156_10,s-3.373058817735005,s1.885447472880217,s245.596276649776371
156_11,s-0.130748770052175,s2.897373475991167,s64.665588106220852
156_12,s-2.456089058583609,s-1.409328983457392,s65.506501627937197
156_13,s-0.114709441123062,s-3.561978706220134,s65.867758079690745
156_14,s2.194692968435952,s2.362002237613203,s65.878085366787943
156_15,s1.043081875345330,s-1.407921060867602,s65.831054036514374
156_16,s3.369458836443263,s-0.331066779837325,s65.779353437172958
156_17,s-2.205364775481837,s-0.269305775325773,s245.754161597847116
156_18,s1.041263044682407,s-0.869424708533029,s65.815751336601394
156_19,s2.448095169126739,s2.960724602359769,s246.356918333512340
156_20,s2.209631174835744,s-2.485205339628516,s65.755744588200315
156_21,s-3.368314864684508,s-2.423940373477135,s246.027293764482721
156_22,s2.199567478297532,s2.896014356213805,s64.274786338224743
156_23,s2.457009035876156,s-3.497696171594115,s244.871448752221397
156_24,s-2.203631138055307,s-0.808248829263754,s245.880794092470779
156_25,s-2.453987165102236,s-2.485130140475736,s65.951072602296477
156_26,s2.207522551292322,s-1.408278945521168,s65.707389140730768
156_27,s0.116611826415443,s2.423493330333550,s245.786587141365459
156_28,s-1.046752012742611,s2.423652147015080,s245.732130434936522
156_29,s-1.035069637646021,s-1.346379017811608,s245.837628941508143
156_30,s-2.453444627617483,s-3.025059134824796,s65.435302479414133
156_31,s1.293336868261578,s-0.807772060561888,s245.803198307543738
156_32,s2.456000887335347,s0.270146697438524,s245.636791762406716
156_33,s-3.373191410408748,s2.423726895436280,s245.682240627160269
156_34,s3.370930793661838,s-1.408335138591266,s65.697346781920331
156_35,s-2.201585984359710,s-1.346730670399614,s245.838859387754496
156_36,s0.124278670662776,s0.269230715005292,s245.844948931148195
156_37,s-1.288062569201140,s-1.407857297975997,s-294.126967077742052
156_38,s2.454842153309692,s1.346995276865325,s245.704722718775940
156_39,s1.278997777742744,s2.961613427817979,s245.948859099141686
156_40,s3.373843916934934,s-3.562169366240458,s65.784046703578639
156_41,s-2.199236573914408,s-1.885490294719852,s245.914564059659313
156_42,s-3.369483687644950,s-1.883961271915105,s245.493122994389950
156_43,s2.459720255140186,s-2.422651880015277,s245.698052996689256
156_44,s-1.048443315274951,s2.961795488082808,s245.874453077137332
156_45,s-0.116378805686074,s-3.023815378853258,s65.737431515159230
156_46,s2.208462109548039,s-1.946697224706829,s65.747050131642595
156_47,s3.372020260528653,s2.368153571581090,s66.144826180389643
156_48,s0.134540900128394,s-2.961999266354174,s245.762878125999720
156_49,s-1.030898246920405,s-2.423469876700037,s245.856292105025631
156_50,s1.035165080728756,s0.746280137759040,s65.835436797384673
156_51,s0.130932915124664,s-3.497686858879271,s244.673670105946911
156_52,s-2.210067335241822,s1.884899549113795,s245.782535882980824
156_53,s-3.372752927380812,s0.269740705889290,s245.653554127023625
156_54,s2.455577981741803,s0.808477021525950,s245.705184496135928
156_55,s-3.368766881852674,s-1.345778670625966,s245.645938477085963
156_56,s-3.359111458984552,s-3.545407728998621,s244.910489057252988
156_57,s1.294673708129089,s-1.346126539843648,s245.737939954306370
156_58,s-2.194169946258139,s-2.962522158742724,s245.888463578404810
156_59,s2.210745202300267,s-3.023775286833307,s65.739814438003123
156_60,s-3.373843916934934,s2.962169366240459,s245.708954633468835
156_61,s0.128330573425162,s-0.807766051410883,s245.825167663094504
156_62,s0.132042791775306,s-1.884725751152068,s245.791572858338327
156_63,s-1.039324669071842,s-0.269192026459690,s245.801681974986309
156_64,s3.366552618997169,s1.823627413473516,s65.778498623230277
156_65,s1.294763134399263,s-3.498115600713388,s244.740460798641948
156_66,s2.202094165151990,s0.746422006866856,s65.880561993303331
156_67,s-2.200355487383743,s-3.495659898904701,s243.980942152132627
156_68,s1.046043691688503,s-2.485242787105155,s65.735652923448896
156_69,s-1.041057128699197,s0.269272118340084,s245.830077024295633
156_70,s-1.044698882671544,s1.346494058797868,s245.767691576762246
156_71,s0.126352943014790,s-0.269320222841512,s245.854921280680088
156_72,s2.457313330546127,s-0.807073304092723,s245.700821742008856
156_73,s3.371948801800960,s-2.485363907922970,s65.701144650929919
156_74,s2.199837231660910,s1.284857824620969,s65.851982765475967
156_75,s-2.449978831493629,s-3.560532148276176,s66.522952262186820
156_76,s-1.296176916011577,s1.284627659863778,s65.757296050946636
156_77,s2.452286758039086,s2.423847917003676,s245.770933085148897
156_78,s1.037230591834749,s0.207758469771821,s65.854313184390776
156_79,s-1.029743556727226,s-2.961427507132198,s245.646302200242303
156_80,s-1.295046585936762,s2.897912231335614,s64.615353601999672
156_81,s3.350985040476767,s2.952865585115088,s65.519630644548116
156_82,s-2.207558628372686,s0.807941074536379,s245.736112076362303
156_83,s-1.293598216599025,s0.207639600430638,s65.826828487465718
156_84,s-2.206534095810409,s0.269277004317500,s245.765133256779905
156_85,s2.453712528846681,s1.885288527946823,s245.786276063208646
156_86,s1.033168366332319,s1.284855947866073,s65.849754293681798
156_87,s-1.033482644169110,s-3.497700162191925,s244.766118472354719
156_88,s-3.367956417616574,s-2.962771000874716,s-2634.590194692919795
156_89,s1.290309013564653,s0.269130111381707,s245.885686376513149
156_90,s-0.121866695443205,s-1.407972510845289,s65.833699726746985
156_91,s1.283700811726258,s1.884796427103145,s245.857770319352369
156_92,s1.287994250566760,s0.807730793049638,s245.862198711224806
156_93,s1.032647638172779,s2.897420392634510,s64.730017537132326
156_94,s2.197325829040211,s1.823639326049188,s65.935912386090919
156_95,s-2.456079689349954,s-1.947198597665059,s65.740707238686355
156_96,s-2.460931182839532,s2.360874679655908,s65.690044515091486
156_97,s1.292074519071816,s-0.269044650611955,s245.750508450809690
156_98,s-2.208712844212690,s1.346400562899655,s245.768108167284282
156_99,s-1.045805962200760,s1.885139818457687,s245.724833279105098
156_100,s2.212221147492259,s-3.562071477748743,s65.824350658981345
156_101,s1.031152630175130,s1.823342054431310,s65.836196379820521
156_102,s-2.211313964227967,s2.423564273772865,s-474.249747220432369
156_103,s-0.133265659701586,s1.823063498791421,s65.753692248325137
156_104,s-2.196672734420774,s-2.423978252785843,s245.895052600616367
156_105,s-2.456052331272947,s-0.331711895716567,s65.718973778659574
156_106,s-1.289952740860633,s-0.869583689187072,s65.778952815768804
156_107,s1.029332446824592,s2.361793043215043,s65.808932578538133
156_108,s3.372697103676137,s-3.023855119799921,s65.710955379852464
156_109,s3.368439602846489,s0.207249834193337,s65.699137120535852
156_110,s-3.373311368971531,s1.346911201922687,s245.603482372966113
156_111,s1.044769494688702,s-1.946565363314985,s65.789108438367819
156_112,s-1.291641249064759,s-0.330843613214431,s65.846347261273820
156_113,s2.460315803320283,s-2.961157799378583,s245.681671874369641
156_114,s-2.460474587941738,s1.822279258893580,s65.693828553371958
156_115,s-1.297533755895047,s1.823360640739006,s65.802199271664577
156_116,s-3.373158903045918,s0.808170339626303,s245.685013103412388
156_117,s2.459097409503517,s-1.884112201785068,s245.698810098305870
156_118,s1.298270509004928,s-2.961853413425628,s245.750867242007757
156_119,s-1.285769822774844,s-1.946419631600377,s65.866311203679302
156_120,s-1.281216649244311,s-3.023438512394134,s65.877069106488037
156_121,s1.281569799738848,s2.423351458780818,s245.848949457813490
156_122,s-2.458522358773151,s2.897763533342748,s65.048677287479649
156_123,s3.367529684110644,s1.284859818986988,s65.727154225508144
156_124,s2.206450641751622,s-0.869514352351122,s65.779977485071853
156_125,s-2.457735543244000,s0.745508952179454,s65.787811092068807
156_126,s3.371423753313294,s-1.946951689584068,s65.663030634887335
156_127,s-0.127970525531007,s0.207603538563215,s65.831433250765627
156_128,s-1.283514065307894,s-2.484938333083726,s65.867084374865399
156_129,s2.205186804381795,s-0.331081015745598,s65.745662980569023
156_130,s-1.294935361276176,s0.746081060041231,s65.761119648608314
156_131,s0.114839353794194,s2.961856134403634,s245.846282741197342
156_132,s1.285842768251067,s1.346291871912689,s245.851815823665248
156_133,s-1.298766632341359,s2.362012111947812,s65.782916486434090
156_134,s-0.117813178181724,s-2.485054493318281,s65.824815818168688
156_135,s0.118268205073830,s1.884869243625201,s245.819366377824139
156_136,s-0.131918247525507,s1.284646218828102,s65.801248082760551
156_137,s2.456500725484550,s-0.268623130800265,s245.727418447213239
156_138,s0.130261532927939,s-1.346326208662110,s245.839587178859205
156_139,s-1.037289592859931,s-0.807962838466332,s245.884648014491233
156_140,s0.133372102739653,s-2.423170590202507,s245.741110537575821
156_141,s1.295767759052782,s-1.884747645614502,s245.753341825737607
156_142,s1.047169106607173,s-3.023704973452948,s65.768499769116147
156_143,s-2.455566683190754,s-0.870444723231832,s65.640293216274301
156_144,s-0.123906470012935,s-0.869383205851783,s65.858402465960211
156_145,s-0.125997773332051,s-0.330884508622419,s65.845464982316699
156_146,s1.297030537033056,s-2.423342191033475,s245.775363008444913
156_147,s3.370378764195981,s-0.869876185266850,s65.674787676781776
156_148,s-0.130022858703582,s0.746223805739486,s65.855603415383172
156_149,s0.122282647341354,s0.807776290764748,s245.838823995013769
156_150,s-1.033023695862423,s-1.884940243351509,s245.851854563844540
156_151,s2.203959144269231,s0.207573206436381,s65.783488433948662
156_152,s-2.212787844957858,s2.961910095535893,s245.822969279600443
156_153,s2.458205383437523,s-1.345709553146051,s245.744190061263652
156_154,s-1.278923558522966,s-3.561984432826512,s65.866352612965883
156_155,s0.120230530193284,s1.346256367359764,s245.853287342123537
157_0,s3.354655799724539,s1.560455906221607,s153.274785029148774
157_1,s2.763332081259916,s-1.684815635364969,s158.033891301097498
157_2,s0.204140295807427,s3.133094869496128,s157.538193205267419
157_3,s-0.511726195570232,s0.964725051186716,s338.214213324478237
157_4,s2.149525448073689,s-1.437222094542792,s338.640938742377898
157_5,s-1.408538999207104,s3.144455576659844,s156.832897905499834
157_6,s-0.000727679797547,s-2.576062713857572,s338.296554598498744
157_7,s1.816652434403425,s3.137467611531159,s158.584117592449672
157_8,s-1.592416126201998,s0.982525680110711,s336.836051144650014
157_9,s2.225808291705420,s-2.835995838967590,s158.301237217007099
157_10,s0.169208773206199,s1.954384552370993,s155.265185211177879
157_11,s-2.152078773325565,s-3.749615555180487,s337.313739931382713
157_12,s-1.025679442383607,s2.133573553500837,s336.099000522926190
157_13,s3.310597985597629,s1.806573643322108,s333.284354479951560
157_14,s0.704499402327373,s1.931728288580339,s156.251463811528794
157_15,s1.156251642525321,s0.667259518556967,s155.861949664443046
157_16,s-1.550238977760602,s-2.815544636156908,s159.315172514114181
157_17,s0.074804183552724,s0.681858658758093,s157.575152238469599
157_18,s1.604616871417540,s-0.269258450073629,s336.704850476606055
157_19,s-3.266676400183746,s-2.835790067986810,s158.106639653053094
157_20,s-2.732103975134832,s0.846183731518342,s336.767454801932672
157_21,s-1.053446386066613,s0.970398793785964,s337.024894924234900
157_22,s2.765531180698530,s-2.837451742900286,s158.040318725882287
157_23,s2.700009013796075,s-2.595359624276944,s338.033891301990195
157_24,s0.611662843175710,s0.678899145815751,s158.170071453614611
157_25,s3.359573835861203,s0.439279829134807,s152.578348032747357
157_26,s-0.372929916207471,s1.975368508437698,s156.751761186655756
157_27,s-0.010201817065981,s-0.236611905596494,s336.772304626912558
157_28,s-3.359488728719588,s0.829557029497749,s327.901708469079040
157_29,s2.701685639362766,s-1.436895911789654,s336.286140952262770
157_30,s-1.616307052242514,s-2.566344392300891,s338.268263708114773
157_31,s-0.969832709660231,s1.881413267869446,s157.024979526575748
157_32,s-0.468802500664587,s-2.821050762346112,s158.100179668668062
157_33,s-1.507191105461614,s1.895899649627891,s-1643.685515805742398
157_34,s-1.072606807156584,s-3.734659409606873,s338.368353096320618
157_35,s0.558054245238819,s0.948838939763081,s335.694098793092337
157_36,s1.080957100426928,s-3.741330484618200,s337.799440325890430
157_37,s-2.128002349360760,s0.571654451300266,s155.620065409091325
157_38,s-3.331282277437463,s-2.594281953626504,s338.106614807628432
157_39,s1.605552176445083,s-1.430199527716572,s337.449291556885271
157_40,s1.781336965371445,s1.882858093265938,s155.899391842088647
157_41,s-1.084792954345615,s-0.209280101701241,s337.512601807791441
157_42,s-2.709138663911300,s-0.554533780768454,s157.157147305086028
157_43,s-1.005447591763617,s-2.817102044988252,s157.431082228770890
157_44,s-2.780942727124864,s-2.607017448313020,s337.157147275918760
157_45,s-2.187404678815746,s0.818155864148919,s335.620055894243364
157_46,s0.067915469565645,s-1.659794356189437,s157.792062216562698
157_47,s0.645322670929384,s2.190334754058972,s335.639963019432173
157_48,s3.305105239218793,s-3.750883890170030,s332.843092400193598
157_49,s-1.013977828317389,s-0.479417630328382,s157.542295828956185
157_50,s2.711426701371406,s-0.288924056764732,s334.258934749581385
157_51,s2.900686328653511,s1.935758819425593,s157.085857586469274
157_52,s-1.549222808509310,s-0.461519365960373,s-2365.555403934267360
157_53,s1.733345930189422,s2.179264323436486,s339.811338195982671
157_54,s-2.162202775789852,s-0.581809041990637,s157.309273286350134
157_55,s3.343803133577927,s-1.785368235391558,s152.708075107745117
157_56,s0.601914266857583,s-0.501962686288356,s157.316637660362318
157_57,s0.738146615940603,s3.134682282988259,s159.145996491932266
157_58,s3.344781899566458,s-0.679518667577725,s152.621988278891649
157_59,s2.782765822425219,s0.597378718201676,s154.258934749571324
157_60,s3.345364165468333,s-2.890716733763915,s152.843092399479957
157_61,s1.280210278783441,s3.137235400060987,s157.837313566612920
157_62,s-2.673178166095175,s0.602677789743941,s156.636101959291722
157_63,s1.063870630894326,s-1.422352855596281,s337.362105902883172
157_64,s2.229689435734562,s0.644143444692196,s157.042156679399653
157_65,s-1.080127317623700,s-2.569476887473158,s337.431083928612850
157_66,s0.524424357880570,s-1.414254114308835,s337.454826064049769
157_67,s0.531976896450507,s-0.243867963661360,s338.139931794141091
157_68,s0.025346297295735,s0.962519527851930,s337.694671161025724
157_69,s-1.017014013713275,s-1.650502248137529,s-201.341520806999966
157_70,s-1.970132363183648,s3.111986015221543,s166.604229107796073
157_71,s-3.311611614282657,s-0.288433183829040,s335.299103330128844
157_72,s1.076746841031591,s-2.584896219055755,s337.761528149589196
157_73,s0.607667244860912,s-1.666025694278003,s157.419469165430115
157_74,s0.065387691390435,s-0.490653582471033,s156.642579812321515
157_75,s-0.330554489489586,s3.145204891068691,s156.219873492598254
157_76,s-2.774529433312928,s-3.749638051915765,s337.157147275925922
157_77,s-0.550538070459246,s-1.402490827479951,s338.185920670818234
157_78,s-3.331406621197221,s2.767264969107510,s156.059244448777122
157_79,s-0.431223581927549,s2.231545332897151,s335.513810476499430
157_80,s2.160946383417251,s-3.749318313706047,s338.301237217034100
157_81,s-1.576075965920391,s2.180582340508144,s330.742795315806461
157_82,s0.542046222251128,s-3.736247217976230,s338.039968824018558
157_83,s1.619901654705098,s-2.592555003647460,s338.019112547247744
157_84,s-2.719321354844998,s-1.703912605382078,s157.157147275919954
157_85,s1.146151125610192,s-1.673918525552979,s157.758248554847626
157_86,s-1.093068879987970,s-1.395012194076151,s336.685188411604543
157_87,s0.070040896914980,s-2.822558081270832,s157.980586917622929
157_88,s3.303428881871432,s-2.643829138219801,s332.708075107750062
157_89,s-0.472638612738640,s-1.657910042706782,s158.406835842861000
157_90,s2.368469962302869,s3.114598402502057,s153.272817458305241
157_91,s-3.221969014784146,s1.695290971440419,s147.901708469084923
157_92,s2.175317954112989,s0.898697686095696,s333.679157247311082
157_93,s-2.218108794763977,s-2.630189009853105,s337.309273570372454
157_94,s-1.557294623582232,s-1.645897704979002,s3396.166137625997635
157_95,s-2.156857929608808,s-2.872584032962210,s157.313739931350511
157_96,s2.842886010123179,s2.183924985096638,s335.537395240407307
157_97,s-2.163234042387638,s-1.728708038994994,s157.309273570263116
157_98,s-0.014442474837897,s-1.406519265206276,s337.320894101584656
157_99,s-2.222260394637745,s-0.332701776601613,s335.625351219795164
157_100,s-0.549705040477191,s-0.221023784225667,s336.330236360972265
157_101,s-2.224472778553101,s-1.486324422306562,s337.309273286478344
157_102,s2.764913232610102,s-0.539552238448260,s156.286140952396437
157_103,s-2.648601312006583,s1.755162676612279,s156.757321667794145
157_104,s-3.335761012493695,s-1.438010944198172,s336.216986872417522
157_105,s-3.257970696885458,s-0.533761720266202,s155.657917555672981
157_106,s2.264884959679257,s2.183186070651336,s337.350600649750845
157_107,s2.160324781125873,s-2.594665776361228,s338.315410401947531
157_108,s1.678909694874439,s-0.520040189527379,s157.449291557084848
157_109,s-1.000516025019671,s0.709313190233196,s157.115938749244805
157_110,s0.003547987041655,s-3.734777704702982,s338.050557387776678
157_111,s1.685655593771913,s-1.680550494924438,s157.826570503160440
157_112,s1.149084505567526,s-2.830598494583644,s157.799022468254407
157_113,s-2.932748184713281,s3.021388753002144,s64.704331601970182
157_114,s-0.540454059336802,s-2.574831974898144,s337.854703026874631
157_115,s0.536659860061354,s-2.578510529566449,s337.750834460214605
157_116,s-0.878991088942877,s3.146834948377220,s159.977414509821358
157_117,s-0.477103612218939,s-0.482715528017862,s158.130934357788249
157_118,s-2.779916322536488,s-1.461367248934666,s337.157147303756403
157_119,s1.688026923201476,s-2.835753553136197,s158.035194262252787
157_120,s1.638842101500545,s0.920587648427133,s337.218981448528098
157_121,s-0.534639224357568,s-3.733966028245403,s338.169702343164602
157_122,s1.065084022237562,s-0.252942279577342,s336.244035566793741
157_123,s0.109402677576807,s2.210412988442141,s336.438957890520271
157_124,s-3.258917812288735,s1.963605222037850,s334.920143798990182
157_125,s2.335286721050073,s1.823406641094559,s148.545847011170963
157_126,s-2.768925052873629,s-0.310108854087520,s336.636101959284588
157_127,s3.327838636951458,s3.152022924981424,s191.954220654233268
157_128,s-3.321665064728089,s0.560313642953210,s155.294465994822161
157_129,s2.214100122996241,s-0.521285995268348,s158.640938742864478
157_130,s2.223028754492047,s-1.682159953863491,s158.315410402149269
157_131,s1.621249901834010,s-3.748164258962164,s337.900367180789942
157_132,s2.716007385931958,s0.852966367151185,s-745.907962972121368
157_133,s-1.532286807796149,s0.729485617692155,s154.862147133263505
157_134,s3.310478639427227,s0.691078474938572,s333.274785029134421
157_135,s-1.605953060898320,s-3.744921134773364,s340.173358470905953
157_136,s-2.097902043937572,s1.720666921840254,s155.620055894243620
157_137,s-0.459500334929737,s0.694225879570048,s156.121480136589668
157_138,s-2.720347759508539,s-2.849562804689333,s157.157147275917367
157_139,s3.302299416257767,s-0.432269105983039,s332.617013012431073
157_140,s3.302361101736923,s-1.538552980547367,s332.621988278839638
157_141,s-3.330804321391617,s-3.749508681849191,s338.317400896429660
157_142,s1.140744468560245,s-0.510997332007577,s157.207643086679639
157_143,s0.608407403519719,s-2.824357713027859,s158.040492871348391
157_144,s-2.714695543527444,s2.085303750953549,s320.561085186197658
157_145,s-1.625868791630023,s-0.197998439347008,s336.530233518013802
157_146,s2.901129862343627,s3.076293652088057,s154.949111941177676
157_147,s-1.630168784648421,s-1.383070779810965,s337.148849016772374
157_148,s1.690114643960711,s0.653156119515891,s157.455525512428039
157_149,s2.147974602325463,s-0.278560097297189,s338.211026266971146
157_150,s-3.276435840140099,s-1.684138286548051,s157.235627353246969
157_151,s-2.481053466167389,s3.074551998709580,s157.918604861838247
157_152,s1.245538089585119,s1.907848538473400,s155.130862135928936
157_153,s1.188849396567232,s2.174926976558599,s337.579398952619840
157_154,s-2.151194003243454,s1.966430094387873,s335.148973084627642
157_155,s2.698745296987365,s-3.749531926413221,s338.041521001657941
157_156,s1.099755472338374,s0.930993950890374,s336.974906696440542
158_0,s-0.471718804722822,s2.508192174250792,s267.354193874218140
158_1,s2.656594824284903,s1.332522631089144,s258.185445036296187
158_2,s-0.672050079563732,s2.695942148867497,s78.987893578853800
158_3,s1.431573573843739,s-0.336255239170924,s78.327927545113880
158_4,s0.588289904828638,s-2.354159807930877,s258.879590287250039
158_5,s2.649890750311527,s-1.817720729420914,s258.179293365703302
158_6,s2.590040115369458,s1.982625167573912,s257.824883216212754
158_7,s0.419333331531515,s-2.167755744695515,s79.316107701233250
158_8,s3.461025196850468,s-2.910330351674601,s78.209192444064257
158_9,s0.599341861452149,s-2.944761990564499,s259.091713573429104
158_10,s-2.641482502624534,s-2.157675381054041,s79.501815236001548
158_11,s-2.411693090648068,s-3.569759206354929,s260.011108184653324
158_12,s-0.515488376422991,s-3.381323231842015,s79.939127105089440
158_13,s-1.436134006913516,s1.310499682868609,s259.933068061378208
158_14,s-0.425592531276120,s-1.136745181161925,s258.465874762940246
158_15,s0.430457093869003,s-2.759457444684621,s79.320849102081525
158_16,s-2.594524771999809,s0.322760335059115,s78.465999478712249
158_17,s0.598344615994501,s-1.156811815261267,s258.328044789244586
158_18,s-2.710692556756404,s3.082835615508987,s278.639201584043576
158_19,s-1.610848597884273,s-0.917546675221629,s78.470410731447913
158_20,s-3.460257488114478,s-1.721799381062229,s258.512800628512309
158_21,s2.431038085478936,s-0.980702475917257,s78.184941158317770
158_22,s1.509583968926490,s0.909408653993588,s78.986911254586616
158_23,s-0.403359741028715,s1.318456764162756,s260.848046363432502
158_24,s-2.436022830615785,s-0.479584309129574,s258.465525336786754
158_25,s3.461011739264225,s0.233696480198696,s78.185473623660783
158_26,s-0.590677161631970,s-0.945366311196665,s78.470211995919371
158_27,s3.461008247652298,s-1.609113875991618,s78.179294943687268
158_28,s-0.615270163736016,s-2.158583887812006,s79.585201872862299
158_29,s3.461008290507340,s-2.262075015032862,s78.179367873393360
158_30,s2.443551472931240,s-0.359392172650889,s78.185319264947566
158_31,s-1.636221594540976,s-1.544221569461377,s78.700143045138390
158_32,s-1.399248249785279,s0.708392320642786,s259.809354064056322
158_33,s-2.597977697597094,s-0.272947717632653,s78.466145718148368
158_34,s-3.461025196850468,s-2.978229633400702,s259.737374132741820
158_35,s2.485986131919131,s-1.624522423578437,s78.175170934434192
158_36,s0.464491498027158,s-3.369469974762718,s77.519976737190092
158_37,s0.459298473263120,s-0.348817217926898,s78.465449472465437
158_38,s-1.686584238947927,s2.702648560492627,s74.243806773500893
158_39,s2.481610093585173,s0.273368819047012,s78.185525812687928
158_40,s1.593598464939854,s-0.541443894737089,s258.185240087268937
158_41,s2.859862977585675,s3.080376199783473,s84.672788690363575
158_42,s-0.442131464025300,s-1.742652014166637,s258.781876783376333
158_43,s-2.627958214678058,s1.545998134175187,s78.383222126186382
158_44,s-1.578221999220679,s-0.302627670633839,s78.465525288752943
158_45,s-0.398629637462284,s-0.525580541846747,s258.465450737222170
158_46,s-3.459363434730403,s1.999762297017915,s256.837650680110244
158_47,s-2.594902800142282,s0.918364188523725,s78.465924531834744
158_48,s-3.460230151953330,s-0.443176439238102,s258.466146467200645
158_49,s2.644618510889517,s-2.467067253223209,s258.179368018921593
158_50,s0.652228606084384,s0.726433968689388,s258.986911426582822
158_51,s-2.492696180068489,s-1.725580620266009,s258.700143822185396
158_52,s0.639409303493841,s2.670450090501685,s249.129348198748886
158_53,s-1.645383461204189,s2.092233992867208,s79.012430585274274
158_54,s1.970227790548424,s2.810231659508020,s248.624798298098909
158_55,s2.492166181561111,s-2.218918845068310,s78.139445087546093
158_56,s1.452614000290717,s-1.589982456631670,s78.674231114505119
158_57,s-1.648281908459976,s-2.154224489166745,s79.584355658879730
158_58,s-1.375752773518535,s-3.569835692171469,s259.939182091509963
158_59,s1.639161971412628,s0.086169438138478,s258.185525845802488
158_60,s-0.561789059322747,s-0.324859802099488,s78.465493970959130
158_61,s1.621340409316915,s-1.190348616301066,s258.184939583754613
158_62,s0.586920297712267,s-1.759025799894922,s258.774601353647199
158_63,s-1.569272647059801,s0.902607025458168,s78.465919022981780
158_64,s-3.454845765533085,s-3.571029422287988,s978.618003735989419
158_65,s-2.429392942578319,s0.729155188814127,s258.465919391302918
158_66,s1.637868953322559,s-2.983870205730675,s252.594262496992485
158_67,s-3.460181892248153,s1.349377925570819,s258.383223343673819
158_68,s-1.621605081129617,s3.108209423201885,s-426.370622600224294
158_69,s0.433765917335922,s-0.962141233238272,s78.465871589825881
158_70,s0.631744112975105,s1.329851055999123,s258.987164493853129
158_71,s3.201593302832390,s-3.708593598149810,s323.972625778841063
158_72,s2.539739947393528,s-3.526143601360506,s75.687538005545377
158_73,s-2.476672243351977,s-2.367940366428922,s259.584356201084063
158_74,s-1.607780162578107,s1.498550802043474,s78.449637023000250
158_75,s-1.516613532947774,s2.500168964355252,s258.987946030851731
158_76,s-1.474611860667970,s1.906312465603644,s259.796051629187218
158_77,s0.541495729688599,s3.107474060553177,s293.327219171587672
158_78,s2.489460565728255,s1.520771394762053,s78.729390620611312
158_79,s-3.460233773676446,s-1.065273956618992,s258.472347338179191
158_80,s1.618462792031676,s-1.783612997617547,s258.175171322774872
158_81,s-0.372780671249991,s0.086224944511617,s259.038299850375950
158_82,s-1.469618356043574,s-1.732796334432279,s258.781745556173519
158_83,s2.641589210998716,s-3.113587730591988,s258.209193209298235
158_84,s1.623839485847350,s1.352810558477803,s258.729547669961505
158_85,s-0.432799364744465,s-2.937199609650567,s259.320908621519095
158_86,s3.461010501696533,s-0.407090224933031,s78.183272200494216
158_87,s-1.566259126649040,s0.298622029735418,s78.465910493778011
158_88,s-2.456661590052356,s-1.106011914622244,s258.470424772805643
158_89,s2.481827219443757,s-2.868957646198044,s72.594313377745706
158_90,s0.456847311315690,s1.516499494941743,s80.855033203039568
158_91,s1.621501507732712,s-2.372808577949599,s258.139445045337652
158_92,s-2.692804272017508,s2.224796940572439,s76.837341617917716
158_93,s1.467747164385781,s-2.775709930025688,s78.896716194102510
158_94,s2.635984734439539,s0.034553892718822,s258.185473028941658
158_95,s-0.605533174403137,s2.090418567013306,s80.362624053772876
158_96,s0.624345976044141,s-3.572724060640398,s257.519706040942197
158_97,s-2.653141948614820,s-1.506596125633409,s78.512793741791725
158_98,s0.481641092256731,s0.913801230020641,s79.806884758908268
158_99,s-0.545266514236874,s0.904602236760398,s79.809354738091130
158_100,s3.461011743896478,s0.886967332978989,s78.185473754320370
158_101,s-0.374986107834318,s0.721421300936900,s259.806885754989423
158_102,s-0.537518492461646,s0.287473872498699,s79.038201890908482
158_103,s1.476262757483521,s0.289382631007767,s78.436770003382293
158_104,s0.622901247966949,s-0.548262115961635,s258.327924101048552
158_105,s2.813772696459196,s2.658087812178342,s257.649025582324612
158_106,s0.454795075096166,s0.293906402379877,s79.038433389242542
158_107,s-3.460135523458728,s3.035960147113788,s299.414908037755481
158_108,s-0.343289521362606,s-3.572723703667892,s257.519977099144455
158_109,s1.623328200881928,s-3.575316544394400,s255.687841988547433
158_110,s1.457373586592558,s-3.378515189222317,s78.097446579911676
158_111,s-1.415891583595041,s-0.507410964901604,s258.465493942868193
158_112,s-0.635255707345056,s3.108209364204275,s293.629353900659908
158_113,s-2.580529238839394,s2.634633510759067,s254.224024268317805
158_114,s-3.460870039633945,s-2.376270857961296,s259.501816290167312
158_115,s-2.614073190544564,s-0.877018103464271,s78.471524735974143
158_116,s1.606294201280172,s3.108209170341445,s293.629311770234153
158_117,s0.333809302121498,s2.882961189115476,s91.514765368111256
158_118,s-2.582991032656145,s-3.387280677654537,s80.101132769700271
158_119,s1.453761718589612,s-2.184340305250546,s78.876618277016163
158_120,s-2.468651976557406,s1.326359299876173,s258.443297420267413
158_121,s-3.460230023097810,s0.752789269908874,s258.465925875213770
158_122,s3.461008288859698,s-1.014345558295102,s78.179364702564911
158_123,s1.459168194993146,s-0.985868736331856,s78.328036276143109
158_124,s-1.415586726201226,s-2.976190561620486,s259.696469204191146
158_125,s-2.600171676239078,s-2.792645462623754,s79.736935742717421
158_126,s2.594669115037604,s-1.175292837501437,s258.179364297804284
158_127,s-2.430629190042076,s-2.978936312170558,s259.720990698360879
158_128,s0.420567384136427,s-1.569743339031440,s78.779084697468889
158_129,s-2.429699857826532,s0.130193406098475,s258.465909231211072
158_130,s-1.398466863171668,s0.109284739503143,s259.036923549787559
158_131,s-2.541413694429401,s1.962093185812914,s258.235986783354576
158_132,s-1.546703009801968,s-3.387163026094532,s79.998572842908217
158_133,s-0.602467817297372,s-2.751053509640625,s79.630617680320952
158_134,s-0.445510657540370,s-2.343231052380454,s259.322382561922893
158_135,s0.622987281485878,s0.106407485538857,s258.436769994057272
158_136,s-1.478830224732437,s-2.338670526633806,s259.585637230362977
158_137,s3.461011726516253,s1.545795118216521,s78.185439257259134
158_138,s-0.609128314980085,s-1.556607230483018,s78.781755369485353
158_139,s1.456366059670348,s1.539133185970107,s78.897295094210946
158_140,s-1.448503997694034,s-1.122332926227441,s258.470270345290373
158_141,s3.460716787307668,s2.134257074076966,s77.649103762261063
158_142,s-0.431558265154208,s1.908742960183806,s260.855195174365292
158_143,s-3.460230070281816,s0.157756536488266,s258.466001865709472
158_144,s2.426180212507353,s2.171821365243563,s-2082.155899212760687
158_145,s2.601913531316593,s-0.579154112956012,s258.183270021061048
158_146,s1.677327480383567,s0.718997478147362,s258.185753409836650
158_147,s-1.582620452373290,s-2.776265200927814,s79.720007326213775
158_148,s1.625840535539724,s1.949374553179904,s258.568353098478781
158_149,s2.496926355313397,s0.921864932944117,s78.185756283840277
158_150,s1.511633142638001,s2.712473830642538,s69.123812209002182
158_151,s0.412902435063541,s2.151666079385971,s82.451749516818069
158_152,s-0.577609582276765,s1.501648077921008,s79.944856161853451
158_153,s2.650254455615388,s0.678041364260367,s258.185480000831035
158_154,s1.459132377868250,s2.136164930621158,s78.675883233558267
158_155,s-2.897111932553897,s2.800865297733271,s119.406445281937408
158_156,s0.594083301562104,s1.963984108299677,s258.897467766992179
158_157,s3.243363273856465,s3.108593598149811,s212.408986728351294
159_0,s-0.343174050829512,s-3.635036245887563,s258.679564549166628
159_1,s-0.601130591116078,s-2.233263092792007,s79.662596691308494
159_2,s1.497444632301466,s0.208898071617671,s79.523129332922963
159_3,s0.642250327947823,s2.590648812309051,s251.166488989228213
159_4,s-0.417774546837319,s-3.011099183868681,s259.263312708894944
159_5,s0.434676638248112,s-1.041009006812354,s78.853857597611281
159_6,s-0.449893291781603,s2.452110047177406,s269.022931488106735
159_7,s0.450891088693710,s2.090838469271415,s81.096956943552314
159_8,s1.473843232379882,s0.847407029201660,s79.713615472073201
159_9,s-0.567202494011399,s-0.415005278119940,s78.844159254875564
159_10,s3.246034719636177,s-3.769598858006350,s327.055843023130137
159_11,s-0.587928930608456,s-2.825957640094924,s79.687339557482957
159_12,s1.631207657459261,s-0.600872424852271,s258.972350841195123
159_13,s-1.629358568541061,s-1.617094389475579,s79.290870764487835
159_14,s-3.470453677429023,s-1.176412805257024,s258.763040228805039
159_15,s1.652363296721986,s1.904516442098080,s260.564609990496251
159_16,s2.481006357360581,s-0.408778380002448,s78.972351011595507
159_17,s0.339037149348580,s2.843006773526285,s92.506668010142377
159_18,s3.470634248190364,s0.219507780671561,s79.284282550624383
159_19,s-2.443452391881372,s-3.045569368917575,s259.715047736624058
159_20,s2.477403727148578,s1.490195451145409,s80.243059749778297
159_21,s-3.470679369665740,s2.442232405456646,s259.129745350735504
159_22,s-1.572778338410855,s2.007455832188212,s79.550889443027941
159_23,s-2.632658227658979,s-0.978904770504778,s78.763039598330352
159_24,s-2.438573806014585,s0.633657547095318,s258.986706141365858
159_25,s-2.489261941751589,s-1.799437481480174,s259.290879974947984
159_26,s-2.605427741306024,s1.420176926994752,s78.757047360144597
159_27,s0.601784787733931,s-2.434253906298462,s258.984254491193724
159_28,s0.481695340987666,s-3.429856809777813,s78.679565258408900
159_29,s1.485953267174266,s-2.853352907295183,s79.013870192102019
159_30,s-0.431623159529045,s-2.421410729561046,s259.263116307459597
159_31,s-1.583601894528337,s-2.858771699627139,s79.715047678399131
159_32,s3.470383638368717,s-1.064609232207740,s78.882829658735432
159_33,s3.470259510093621,s-2.931079479144055,s78.677587934084457
159_34,s-0.545014830765816,s1.409539248847387,s79.783024481884070
159_35,s1.484370537622187,s1.480845680519239,s80.244509980762516
159_36,s-2.440806424431666,s2.424413400408507,s259.350209545634584
159_37,s-2.605427681438370,s0.824826941090727,s78.757047531316800
159_38,s-0.366863313843786,s1.852443792590698,s261.096952123694734
159_39,s-3.470450055755239,s1.251026668869939,s258.757047350900109
159_40,s2.662657211183078,s-2.492046690938172,s258.681089930462349
159_41,s0.644588639356279,s-3.635036172015381,s258.679570862168191
159_42,s-0.423731388516127,s-1.221053948704215,s258.853723256432204
159_43,s2.585557523914200,s-3.573879291358459,s76.853206893151210
159_44,s2.500560281370046,s-2.281278487810211,s78.752536462197583
159_45,s-2.418571651847542,s-3.633302666303608,s260.229537814266109
159_46,s3.470427477783206,s-0.427552415268847,s78.954267634406776
159_47,s-0.376352714173918,s0.621999047706125,s259.713612380431698
159_48,s-3.470659843903737,s-1.830162351893510,s259.098585107288216
159_49,s-2.612486222706156,s-2.854749760744147,s79.810491032077024
159_50,s2.650130335538633,s0.004217134699958,s259.284278032598081
159_51,s0.433386907720910,s-2.246851510291241,s79.263114450237467
159_52,s3.470261605521610,s-2.275230413893734,s78.681090115084231
159_53,s-3.470427926377227,s-0.546856863676490,s258.720310189210466
159_54,s-1.635964708294782,s2.650761375661777,s79.350209545415979
159_55,s1.654502876697416,s-3.043746460296601,s257.637149799042220
159_56,s0.622038319529537,s1.886635642650780,s260.564612982397080
159_57,s-2.441166371511548,s0.032633444302084,s258.841807535032274
159_58,s1.661427862472101,s-3.636995339370388,s257.147877538416935
159_59,s-3.470426531101615,s0.058490978551732,s258.717963609213257
159_60,s-2.657636686915611,s-1.612117352914934,s79.098585149143275
159_61,s-2.605441900270587,s2.019544755472320,s78.982429569332908
159_62,s-2.612556154383296,s-2.251577788797811,s79.669321886143791
159_63,s-0.541239388207334,s2.031590016337576,s81.096710543196480
159_64,s2.666462007107347,s0.655476075758071,s259.298715956489218
159_65,s-2.551621821978270,s3.037165497237338,s277.614010756003154
159_66,s-1.464406725392060,s-2.414661390130600,s259.668079655430461
159_67,s-1.471699461964719,s2.421252297065410,s260.166618189033898
159_68,s-2.438137164312008,s1.230934747894500,s259.002478513322274
159_69,s-3.467446233302609,s-3.634245414044145,s2057.877733131444074
159_70,s0.643924126293766,s1.266839336981598,s260.244513298416734
159_71,s3.467706520486331,s2.087970058023281,s72.013638676851073
159_72,s-1.590271167882972,s-0.395322304936157,s78.837642086188325
159_73,s3.471130547213411,s1.530994099394407,s80.034950082004812
159_74,s1.642883729534206,s0.658815925283824,s259.713616931676029
159_75,s-0.589094132459913,s-1.025621975589036,s78.835909036763198
159_76,s2.641087568729666,s-0.633045170819136,s258.954267528390176
159_77,s0.593020826635324,s-1.841736428851078,s258.982457232040474
159_78,s0.473322535078889,s0.203410874374445,s79.522631995149879
159_79,s1.512495746308020,s2.663471118826213,s71.166490824431079
159_80,s0.642289474973882,s0.017253146358354,s259.523128396254151
159_81,s2.490680968365643,s0.237288230479585,s79.280290213939139
159_82,s0.542515380126680,s3.048873900143528,s286.706992589766855
159_83,s0.448003340125585,s-2.837664992126253,s79.263313898637193
159_84,s1.429772984590519,s-1.035026335332756,s78.972304683358473
159_85,s-2.606483329821214,s0.228840707187258,s78.717960827864175
159_86,s0.651429837101311,s0.628268624219123,s259.713615509620524
159_87,s-2.470025851915556,s-1.188287234157635,s258.835941193179394
159_88,s-1.579563973972156,s0.207789136329536,s78.841808101056898
159_89,s0.469660768974534,s1.448975785617387,s80.908012116736273
159_90,s2.379538602855174,s2.193389500705438,s5840.564607211580551
159_91,s0.610742417439544,s-0.602318189896852,s258.972359408113107
159_92,s2.526971909565579,s-2.898258519890008,s77.637149781131384
159_93,s-3.471027123103160,s-2.439899042824922,s259.669328964213037
159_94,s2.679981790986222,s-3.159518940606432,s258.676874352821358
159_95,s2.613848596505147,s-1.247740582385448,s258.882829659759750
159_96,s-1.574319758606928,s1.405802356703792,s79.076909616530060
159_97,s-1.411488942629612,s0.012384647880863,s259.505353486745719
159_98,s-1.632031229486089,s-2.218991111888591,s79.668087006015966
159_99,s-0.552917813221425,s0.198881408241814,s79.505353487700290
159_100,s2.927477322835499,s2.694858479863350,s250.393284452730796
159_101,s2.442918863917008,s-1.647787094673814,s78.972195731285453
159_102,s3.470643450555461,s0.881668211665335,s79.298716021756022
159_103,s-1.601344210157101,s3.063444468812119,s293.629377730180636
159_104,s1.479659359133924,s2.085274245508940,s80.564616638294282
159_105,s1.463982846936986,s-0.413385338278897,s78.972359526898430
159_106,s1.467037153310509,s-2.263021125006070,s78.984254107273713
159_107,s1.621126046636015,s-1.858519851724933,s258.972195692442369
159_108,s1.595420968642139,s3.063444444856428,s293.629376421425036
159_109,s0.599760511759951,s-1.240289421638699,s258.972304669790162
159_110,s-1.402402372631267,s1.823508650077297,s259.783020645127579
159_111,s1.953926459918820,s2.682276553719874,s260.564605584601452
159_112,s-1.379542234101641,s-3.633357881828740,s260.170735465249720
159_113,s0.443056924954523,s-0.416407253254612,s78.856925147077760
159_114,s-0.515604429135837,s-3.447670637169612,s80.170980474801070
159_115,s-1.612385604615170,s-1.007282438670826,s78.835942230100329
159_116,s-2.611212521415010,s-0.369398595534448,s78.720308187999990
159_117,s-2.590215790659614,s-3.451537459411625,s80.229384785829396
159_118,s-0.601727665593168,s-1.633558668882786,s79.114227736454268
159_119,s-1.403909659687363,s1.220170720260696,s259.713118111656343
159_120,s-1.425756792890776,s-0.594759606894260,s258.840333630064720
159_121,s2.553671959260914,s1.927975185508866,s260.083460751621431
159_122,s-0.401829547272622,s-0.610338237418568,s258.854129328367605
159_123,s0.616584500539725,s-3.022453169789070,s259.221117944184243
159_124,s-3.470450011275756,s0.655676680553937,s258.757048562458863
159_125,s-0.546353210200407,s0.805303330314785,s79.713212369298688
159_126,s-3.471121195268963,s-3.044278587148899,s259.810485420523150
159_127,s-1.447611055977708,s-1.205318641306012,s258.835908842194158
159_128,s1.454926283145040,s-1.665557542574249,s78.982456552156350
159_129,s-1.413662496283480,s-3.042633839387296,s259.687373211197325
159_130,s-0.625992945811977,s3.063428589628858,s293.622893498869246
159_131,s-2.444357579229406,s-2.444127279404978,s259.668092093208088
159_132,s0.426885890857913,s-1.648510133393166,s78.982271189483370
159_133,s-0.383624523687795,s0.014375712067994,s259.522594064717111
159_134,s-0.374040422574689,s1.226309135305656,s259.977568128392363
159_135,s2.752934410283423,s2.926167181928201,s80.564601658794118
159_136,s2.649234650532695,s1.307709730991480,s260.034923656473666
159_137,s1.650632606286330,s1.267536147359496,s260.243060209709711
159_138,s-0.434727208278095,s-1.825120803975368,s258.982269799087874
159_139,s-0.655713560461085,s2.649855383023651,s80.166618755081331
159_140,s1.597387343536519,s-1.220513735108787,s258.972300714735411
159_141,s1.493631931883294,s-3.445008739378136,s78.751984308141246
159_142,s-2.608019620622146,s2.618929474549749,s79.134764878040571
159_143,s-3.470450061868886,s1.846376665391627,s258.757047615339957
159_144,s2.451763938110984,s-1.033267668105960,s78.972300686140230
159_145,s3.351590882097265,s3.169735440859573,s203.492628835733797
159_146,s-2.448006971391745,s-0.576202017380661,s258.837638006531392
159_147,s-1.405747497098780,s0.617224409548084,s259.622618183754923
159_148,s-2.438628688351214,s1.827803265677626,s259.077126533458795
159_149,s1.634831968817942,s-2.449324067332732,s258.752536469269103
159_150,s0.481457762514885,s0.811726631090355,s79.713614191852756
159_151,s-1.462569256024003,s-1.812688442762281,s259.114235131864291
159_152,s2.607774154305476,s-1.848043751462063,s258.882388383225702
159_153,s3.470383368622961,s-1.673962225327343,s78.882388435611830
159_154,s-3.470724487591867,s3.040297377827992,s259.201415764767034
159_155,s1.666991331109186,s0.024140585653935,s259.280255905494528
159_156,s2.498311456326161,s0.851982935120513,s79.713618703503187
159_157,s-1.551306431643757,s-3.451364383440409,s80.250047450988589
159_158,s-1.575062485206373,s0.807500216022129,s78.986775623044352
160_0,s0.743646245472073,s1.116536347653692,s-1991.849426775735992
160_1,s2.549714811644709,s-2.936790314542419,s169.519561173092711
160_2,s0.885687069094104,s-1.788213253146743,s348.220610411915743
160_3,s-1.546732597606470,s-0.684645126374710,s348.733990711414037
160_4,s0.952582270278297,s1.277766579365093,s347.610920237866310
160_5,s1.333968009439881,s0.071613448160621,s168.920641188086591
160_6,s-2.138511408732243,s2.337588817530200,s349.021318056257428
160_7,s-2.753127474580006,s-1.788042416136875,s347.874199795239917
160_8,s-0.316763489186022,s0.328654020969494,s348.078141234720988
160_9,s0.345386258258624,s1.308998678007102,s347.429093023019220
160_10,s-0.433529328097903,s-3.773274301199229,s348.101247541213752
160_11,s-1.098045356883699,s2.197777735709768,s168.722689190411302
160_12,s1.546703796447296,s1.269783850413004,s347.885035762882694
160_13,s1.500811941862568,s-1.818537166876915,s348.920641188100149
160_14,s-2.157251485688057,s-1.748790940124550,s348.964271506272894
160_15,s0.841789114541631,s3.173402742444858,s167.757915459497895
160_16,s2.540579967865665,s-1.948167469994557,s169.516725961880752
160_17,s-2.327044855545499,s2.169480628393016,s168.293533447698422
160_18,s-2.412062209111824,s-2.945348966249716,s166.936546941912184
160_19,s0.219882628208428,s-2.754838036134143,s348.077971247376809
160_20,s1.295557523139454,s-1.982670338269055,s168.521613831549388
160_21,s0.172733745311952,s-3.773274301195122,s348.101247540803911
160_22,s-1.735258905316011,s-0.851313104780472,s168.513044760723204
160_23,s-2.326302794449850,s-0.880252353857446,s169.129191615119595
160_24,s-1.737296402471394,s2.174163949874018,s168.722689220336292
160_25,s-2.942788583465215,s-1.952217145940540,s167.603758508087367
160_26,s0.083301062787011,s-0.891366841342213,s168.077895321488683
160_27,s3.161913529665741,s-0.864959181781688,s167.686817006456295
160_28,s0.397971302943649,s2.315050158129676,s-1092.496847675705794
160_29,s-1.781730567686862,s-2.907674518462005,s168.101827179775853
160_30,s1.323848530537928,s-0.957595151951805,s168.920641188109926
160_31,s-1.132321461209876,s-0.842366044076967,s168.513044760304211
160_32,s-0.966248528902492,s-1.707699104087725,s348.512858816955713
160_33,s3.353339868351390,s0.321082050329401,s347.621281962953731
160_34,s2.756664662499371,s-2.771676156657204,s349.516725962389557
160_35,s3.162995616870944,s0.153137771204013,s168.855187473877209
160_36,s3.353254272066916,s-1.692567184041295,s347.686817006427930
160_37,s2.111447771528852,s-0.793612786568742,s-1450.975819220902622
160_38,s1.947704581904757,s1.101694381026144,s168.742086603811060
160_39,s2.733905798620345,s-1.779894596617277,s349.022559981914583
160_40,s-0.488223532817545,s1.187431622241491,s168.078141234692112
160_41,s-0.395980190702436,s-2.743789420313838,s348.099101151346645
160_42,s1.520818156999833,s0.239060777552514,s348.741790871879857
160_43,s-0.945371757720087,s-0.675619994842534,s348.675053351291695
160_44,s3.153067802249594,s1.134800280593731,s167.621281963243035
160_45,s-0.996003177071317,s-2.741101904429033,s348.101827180058081
160_46,s0.043313984205287,s-1.899389042282903,s168.077971247380106
160_47,s2.120137668741231,s-3.773666242694673,s348.773791354494961
160_48,s2.560514707734603,s-0.915823451199755,s169.022559981983676
160_49,s3.200248319308352,s3.173458713383968,s2327.861109766598929
160_50,s0.812204433656058,s-3.773321474380923,s348.184910525448913
160_51,s-0.560086557957331,s-1.880076180723168,s168.099101151347924
160_52,s-1.561077443576519,s-1.711275709826204,s348.513044760717605
160_53,s3.352060717204619,s-3.772899304847583,s6828.639349198625496
160_54,s-3.353331829784796,s2.151996129249722,s23.625792065700402
160_55,s-0.449640177795072,s2.206223066714213,s168.008907573891008
160_56,s0.724532771163713,s0.092358739494361,s168.220862918865237
160_57,s-2.936196582546866,s2.148849899141181,s174.556374716634679
160_58,s1.394261241485361,s2.139558370262449,s167.885035762880420
160_59,s-1.528850842647341,s1.353386324030550,s348.722689220337884
160_60,s2.120156769384771,s0.236010425117039,s348.993118714533125
160_61,s1.984003655309242,s2.139076403978628,s167.885792030865844
160_62,s1.934707517437766,s0.068208859365172,s-550.975819220927633
160_63,s1.509661834548603,s-0.790182357360859,s348.920641188090883
160_64,s0.851688692169399,s-2.791059134477878,s348.185918088697974
160_65,s3.353028803063473,s2.304073530090169,s347.861109766442041
160_66,s0.897256379211364,s-0.766562191950718,s348.220862918831529
160_67,s-1.720692421621775,s0.177001020995887,s168.733990711480430
160_68,s-0.869534886486225,s2.356440964142069,s348.783986495622401
160_69,s1.351183082446734,s1.103720274108005,s168.727092383677217
160_70,s-2.345955407089170,s-1.916896048886152,s168.092128170762209
160_71,s1.584153832340691,s2.303397175418540,s347.851880942181253
160_72,s-0.278559738727136,s1.347666512115667,s348.008907573889360
160_73,s-2.741748928255131,s-0.790003585085332,s348.533774445856011
160_74,s0.614757906498569,s-2.945830550925014,s168.184910525421742
160_75,s-1.120474160361587,s0.184853945107218,s1248.675154985236986
160_76,s-1.154923400664478,s-1.873988642977711,s168.101827180069535
160_77,s3.353339868351461,s1.295605862333370,s347.621281962654564
160_78,s-3.353340274425281,s0.079651750132210,s23.629240483264820
160_79,s0.709326830215777,s-0.931675652815770,s168.220610412177024
160_80,s-0.593169077668662,s-2.906634226298439,s168.101247541207414
160_81,s3.162491222892847,s-1.864415520917321,s1969.872378861150992
160_82,s3.350656574966913,s-2.724441655170885,s349.872378861315894
160_83,s-2.141272898600283,s0.312215235543518,s348.740189814234725
160_84,s-2.764860233701365,s1.230605804301258,s352.646907612195150
160_85,s-1.716709953714840,s1.186863538870231,s168.734040799635551
160_86,s1.465386133872311,s-3.773625639953919,s1788.706368950847946
160_87,s2.173554748482564,s2.303202669158114,s347.866040390996943
160_88,s2.731669919223732,s1.269330279191475,s348.246503364736384
160_89,s-2.747210658733285,s0.235313714925024,s356.053309115411594
160_90,s0.263840613190152,s-1.741540568503784,s348.077895321476205
160_91,s-0.529158778054505,s-0.858030260642357,s168.084592552674735
160_92,s2.533806846087328,s0.072530806160714,s169.022291235983687
160_93,s2.756813729063979,s-3.774134811895244,s349.519561173295301
160_94,s-1.027999351786835,s-3.773274626478551,s348.101827180076782
160_95,s-0.425826351858830,s3.173514956920060,s167.963556607890268
160_96,s2.610939178978328,s3.173461404838792,s167.866040390942032
160_97,s1.254120478247634,s-2.957331019135997,s168.706364190962205
160_98,s-0.506901455904278,s0.164362954306069,s168.084592550969546
160_99,s2.117073571760291,s-2.801862672412678,s349.027628438961187
160_100,s-3.186138353217567,s3.165782115791719,s-22494.938886911724694
160_101,s0.126971476205827,s1.149849337218746,s168.077994789390260
160_102,s-2.866841248045422,s-3.765000774655276,s6468.837121219467917
160_103,s2.573338516454552,s2.139323985684230,s167.930354967201424
160_104,s-2.340026763215433,s3.174135121177145,s169.021318056487246
160_105,s-2.229616412959673,s-3.772664393964265,s346.936546942016321
160_106,s-1.080873091574887,s3.173989719892083,s168.783986495879077
160_107,s0.914812863146758,s0.257075536345907,s348.150573224442439
160_108,s-2.941613682400051,s0.040136407638170,s168.533774445259041
160_109,s-2.141275531228255,s-0.712130636447059,s349.129191615172260
160_110,s0.173551009704665,s2.159837456100174,s167.429093023024819
160_111,s-1.524418458351221,s0.341832470954138,s348.734040799265415
160_112,s2.021790061456369,s3.173342262301997,s167.852335946751282
160_113,s1.502141768430679,s-2.802667175552338,s348.521613831914635
160_114,s-0.335493345365967,s-0.694492167817101,s348.084592551037304
160_115,s-2.190464923156128,s-2.786188838718143,s348.089275972210544
160_116,s2.762767627209906,s2.303425936047697,s347.866040391065440
160_117,s1.926112688307759,s-0.961395106638598,s169.024180779465922
160_118,s-2.349711334921624,s1.133313117534046,s168.740189814142894
160_119,s-2.825187217360476,s-2.845517615582213,s346.760836604594942
160_120,s-0.220027037224746,s2.361976585146304,s347.963556607696091
160_121,s3.164016955163370,s2.138609573004565,s-551.754329995705575
160_122,s0.993713163189298,s2.304200396739868,s347.757915459368860
160_123,s2.138186062144026,s-1.782100566570652,s349.024180779428491
160_124,s-1.511606062179111,s2.333454611839687,s348.798443362241869
160_125,s1.432514911173487,s3.173453679908416,s167.851880942186256
160_126,s-0.927182824187534,s0.350282946702434,s348.715875118321264
160_127,s0.795184258027757,s2.142426566328338,s167.610920237857755
160_128,s-1.589134968768269,s-2.743863131255934,s348.101827180070075
160_129,s0.665790598897343,s-1.946705813811212,s1968.185918088874587
160_130,s3.167416708277333,s-2.897364277209804,s170.496143174908980
160_131,s0.002598108607502,s-2.913476734696623,s168.101247540830343
160_132,s2.720418680156274,s0.240155636746420,s348.950768651118324
160_133,s-1.707708465138933,s3.173998473482894,s168.798443362430106
160_134,s0.231625961220942,s3.173267499028704,s167.503152324456153
160_135,s-1.620489333211556,s-3.773274626477842,s348.101827179779093
160_136,s0.107825044108173,s0.128814971391476,s168.077994167123876
160_137,s1.903312202472779,s-2.964479359466608,s168.773791354364647
160_138,s-2.767899802142574,s2.333717960701344,s2154.556370592771600
160_139,s2.745933131249118,s-0.748061260691104,s349.022291235895636
160_140,s3.353254271375171,s-0.702015311154133,s347.686817538727155
160_141,s0.300643587590169,s0.292513545922125,s2148.077994789366585
160_142,s1.931757561184418,s-1.945807087346239,s169.027628439192654
160_143,s0.281169372349216,s-0.728734315521806,s348.077994167014310
160_144,s-2.942437748998370,s-0.954236463235584,s167.874199795138736
160_145,s-1.185882909595934,s-2.905485523994778,s168.101827180047906
160_146,s-3.185061110949666,s-3.199941890944209,s168.702593319188622
160_147,s-0.359397842955462,s-1.717958531869387,s348.084592552672518
160_148,s-3.353340610465595,s1.278803735775337,s-2856.370622269067098
160_149,s2.543539073381909,s1.101365673560020,s168.950768650782834
160_150,s-0.890527197502155,s1.375619845976204,s348.722689189764026
160_151,s-2.162648716683870,s1.300080021175623,s348.677094174088950
160_152,s-1.749412852472923,s-1.877634978993590,s168.101827180069023
160_153,s-2.327727122321507,s0.143853744436451,s169.129191614605134
160_154,s-3.047795363257696,s1.045369807584438,s176.082202315621259
160_155,s2.136846198217879,s1.269031371071955,s347.930354844893827
160_156,s-1.099068722073259,s1.213267090296124,s168.722689178856399
160_157,s-3.324079878654341,s-2.958007193665767,s1078.743186378456585
160_158,s-3.353340610467497,s-1.907143617974320,s1823.629377730480655
160_159,s-3.353340610464361,s-0.910777283190781,s23.629377729035564
161_0,s-2.352499165074128,s2.159315723590813,s169.694013023911964
161_1,s-1.569581126594855,s1.309180448952321,s349.224149396400549
161_2,s-3.333261814604540,s-2.854917147857837,s-4313.424560739495064
161_3,s0.122083949520776,s1.172055241820734,s168.681322895801628
161_4,s1.526686479386810,s0.265268008056502,s348.942501058287519
161_5,s-0.288818459192064,s2.376753320402356,s348.705947059144364
161_6,s2.169208689323843,s2.316170634528802,s348.686509836220239
161_7,s2.767718332076221,s-3.781765289705181,s349.940530820913580
161_8,s-2.352400575332904,s0.097218103983736,s169.729765211156547
161_9,s-1.097702373943385,s1.206236976337122,s169.272646802678651
161_10,s1.348805962013894,s1.125789637342741,s168.933643256171564
161_11,s-1.100695261671405,s0.177354052224691,s169.280426264909522
161_12,s2.766627246919986,s2.317340095507400,s348.686509835759693
161_13,s0.294647909186318,s-0.709607710030563,s348.661103356908825
161_14,s2.129544972718219,s-1.804394139163575,s349.861357514288500
161_15,s2.126979873013427,s-0.772801926205414,s349.365422773665841
161_16,s0.792043867384431,s3.181117202305032,s168.666269306049770
161_17,s3.360410823434509,s1.310080806422373,s347.936219582675164
161_18,s2.572568331300872,s-1.899446000928663,s169.876869442874636
161_19,s-0.907635928701815,s1.374397504211192,s348.809347282069893
161_20,s3.172092549216616,s2.149523672020740,s168.077180901892007
161_21,s-0.919805990346342,s-0.683466461652737,s349.280426264753999
161_22,s3.360410823435306,s0.330283979818051,s347.936219582525780
161_23,s-2.947291327255080,s2.148487393461752,s169.744054128544263
161_24,s2.545773141037762,s0.088211280992388,s169.365338495028851
161_25,s-0.495996151714624,s0.170168092413777,s169.061990107083261
161_26,s0.356899823468342,s2.355244086949884,s348.704095831065672
161_27,s2.747638833850333,s-0.754229970047324,s349.365338495016374
161_28,s3.360297060531586,s-0.668405749664915,s348.025652440441149
161_29,s-2.947966771279370,s-1.932853074333838,s169.138231390459566
161_30,s2.130396408893501,s0.257218679501105,s349.221870966275162
161_31,s1.516962662764530,s-1.787840662766057,s348.964293979072693
161_32,s1.372688537766711,s2.153738860823472,s168.685949644798029
161_33,s-0.511349491671093,s-1.886679901910338,s168.832945708920363
161_34,s-2.947718834619745,s-0.948639506726504,s169.358165973569868
161_35,s-2.914769506123918,s-2.913825612331477,s169.002368066152940
161_36,s1.517913071148391,s-2.810280486523248,s348.964293979074228
161_37,s0.270602499168518,s-2.755883888269031,s348.642377454674488
161_38,s-3.300341060405389,s3.169303060793539,s-1604.155080559772841
161_39,s0.941179417241134,s1.305579841432305,s348.594051216843070
161_40,s1.973430248994821,s2.151375651670233,s168.686509836292942
161_41,s-2.764042391629844,s0.253459799063032,s349.729765210110259
161_42,s-0.285635354440481,s1.361309136937993,s348.713074677026839
161_43,s3.175192439150120,s-2.906069917967504,s170.053218843352170
161_44,s-1.524722843414457,s-1.712454305209335,s349.265234379826779
161_45,s0.705532711139583,s-1.926915063947169,s168.645734528808788
161_46,s2.730634031351080,s0.257185714415163,s349.221665768050400
161_47,s0.115470481977076,s0.148093023830292,s168.664359196279179
161_48,s-1.736593548849821,s3.181402468959044,s169.132067371739510
161_49,s3.169662479360671,s0.166171435064162,s168.025652440448340
161_50,s-1.141971562906588,s2.158053434650252,s168.809347282104113
161_51,s-1.720904243514778,s-2.913234785130131,s168.723528135573446
161_52,s1.402666438220051,s3.181128973238386,s168.685949644524868
161_53,s1.331452311068751,s-1.955429174943144,s168.964293979066099
161_54,s-0.316285322500549,s-0.689912849772865,s349.061990107083204
161_55,s-2.353341366651538,s1.129029299696267,s169.729765209774769
161_56,s1.945537070653605,s0.088243889370042,s169.365422773665301
161_57,s2.163941720431340,s-3.781711763043133,s349.861422944322612
161_58,s0.762566354338913,s2.163159143172714,s168.594051216835794
161_59,s-2.167168127579666,s1.298599931531730,s349.694013023986884
161_60,s0.302000226943827,s0.314747112384245,s348.681322895729920
161_61,s3.360260613818880,s2.314232344582481,s348.054443963975245
161_62,s-2.308455193825648,s-1.881390089502721,s169.275829484642401
161_63,s0.973520510698143,s2.324951172336871,s348.666269306066454
161_64,s3.170756419429835,s-0.840041228393675,s169.866560013493029
161_65,s1.335082588097970,s-0.929903783492837,s168.964292377387153
161_66,s-1.754577086342256,s1.139964002870248,s169.433048580862732
161_67,s-0.475205639732734,s2.209998994481725,s168.713074677000833
161_68,s1.520809746430787,s-0.762149233775186,s349.016247654899473
161_69,s-2.147020415009623,s-3.780985101987926,s348.722817703196938
161_70,s-2.947306878837253,s1.115864594749008,s169.729765210005638
161_71,s-1.534511206732024,s-2.745507452013798,s348.962211724487815
161_72,s2.596380732495265,s3.181129308655966,s168.686509835763076
161_73,s-0.924958503094700,s-1.713869897942217,s349.241515611821910
161_74,s1.942397433168455,s-0.943054964083475,s169.720020065221064
161_75,s0.669641948795470,s-2.932639124175732,s168.645734528794890
161_76,s3.358141035042951,s-1.700569584120482,s349.866560013622575
161_77,s-2.115894191238803,s-0.698634953177297,s349.729765210414087
161_78,s0.107349116676592,s-0.876030911853863,s168.661095132472411
161_79,s3.200961812934233,s3.180763679977781,s168.054443964173828
161_80,s3.358129907362414,s-2.734866064245173,s349.876918855445297
161_81,s-0.508084495408139,s3.181140959294805,s168.705947060455117
161_82,s-1.749940470607779,s2.169963494958655,s169.224149396393102
161_83,s3.175285526790959,s-1.871098568610969,s169.876918855957570
161_84,s0.722050230020214,s-0.905086440467562,s168.657288812425406
161_85,s0.908558510571111,s-0.738513772215676,s348.656425782548808
161_86,s-3.360408682662704,s-1.896959336133189,s23.628469426261642
161_87,s-1.553423664698062,s-3.779778907297028,s348.586149901027966
161_88,s3.360013099357486,s-3.778199680957191,s348.251810305924437
161_89,s0.858626746789522,s-3.780939618076363,s348.645734528801199
161_90,s-2.729269814760053,s-2.745589926799976,s349.138231390640442
161_91,s-1.709824854008339,s-1.881096594692273,s169.135997215393274
161_92,s-0.310436097111565,s0.338073056753701,s349.012984001455720
161_93,s2.570049892415776,s2.152704947077739,s168.686509835759722
161_94,s2.576444852210565,s-2.923420487989710,s169.940530820925204
161_95,s-2.763103196940461,s-0.778344104085774,s349.729765210866333
161_96,s-2.742760772896874,s-3.780030711576909,s348.717614934862581
161_97,s-1.520741315950563,s-0.681148774617336,s349.433489444775375
161_98,s1.944605700586167,s-2.956877355108584,s169.861422943968392
161_99,s2.737788646431976,s1.287244118569898,s348.686509835756624
161_100,s-0.935697725522982,s2.321121420372177,s348.809347283554985
161_101,s-1.705144859836752,s-0.850298530485610,s169.359440124686671
161_102,s-2.947306878856099,s0.083409640249244,s169.729765210831488
161_103,s-0.323452824705712,s-1.718988029715226,s349.061990107308873
161_104,s2.551071536424255,s1.118493177924024,s169.221665768051054
161_105,s-0.916083832263157,s0.345968523668506,s349.272646802712359
161_106,s-3.360410906566288,s-0.914066775079935,s23.629377728903137
161_107,s-0.491215223185276,s1.197089982486292,s169.012984001431136
161_108,s2.765265983038249,s-1.730674438599058,s349.866539389911395
161_109,s1.545238139537063,s1.291488765075801,s348.685949645092876
161_110,s2.768280096968958,s-2.754244443296712,s349.876869442904535
161_111,s2.000716602386036,s3.181129308656500,s168.686509836194574
161_112,s-0.958515026379029,s-3.780810693693391,s348.596820580898168
161_113,s-2.763013920478521,s2.325484573814922,s351.522085795024850
161_114,s0.736923287567046,s1.142482787513815,s168.657604633575232
161_115,s0.895356027270791,s-2.773971192019626,s348.645734528807338
161_116,s-2.316986422109570,s-2.913753837603643,s168.975896694789327
161_117,s-1.124849103363707,s-2.915004988384911,s168.586149900183500
161_118,s0.066148349978351,s-2.918870417790076,s168.597719378940837
161_119,s1.514021688314714,s-3.781052078945351,s348.832499400981078
161_120,s-0.338148480361348,s-2.749530221686859,s348.832945708916668
161_121,s2.536547647889695,s-0.920329706349780,s169.866539389878369
161_122,s0.729434242379308,s0.119151741204891,s168.656425782602838
161_123,s-2.764038501249194,s1.285971075684166,s349.744054127775485
161_124,s-1.540966456606587,s2.333903361615021,s349.132067371570145
161_125,s1.573257963793733,s2.317573696628006,s348.685949644585946
161_126,s0.287158303133383,s-1.733272258358927,s348.661095132472326
161_127,s-2.352781637242865,s3.181765138067647,s169.694013020930527
161_128,s0.327116358245074,s1.335060743919310,s348.699168231824785
161_129,s1.340921985248619,s0.097492018462400,s169.016247654993094
161_130,s0.147931375931171,s2.193033355211306,s168.703785797560329
161_131,s-2.731893033873823,s-1.769662012722175,s349.358165973117821
161_132,s-2.123800189966659,s-1.712483846104085,s349.356553381435731
161_133,s-1.110681098629589,s-1.882529225488491,s168.962211723712443
161_134,s-3.360410906563020,s2.180741963094722,s23.629377729320012
161_135,s-1.702617158957429,s0.180085193435023,s169.433489444726291
161_136,s-3.360410906560862,s1.148205053861162,s23.629377730234772
161_137,s-2.169145694001696,s0.267270003331587,s349.729765209692914
161_138,s0.901864214880874,s-1.762298616146153,s348.657288812425350
161_139,s0.917080978387882,s0.285497312958461,s348.657604633547919
161_140,s0.152116466802774,s3.181139848627002,s168.704095831998757
161_141,s-0.937294282113418,s-2.746203475695670,s348.955692851069102
161_142,s3.159546915568938,s1.148492865936179,s167.936219582616530
161_143,s-1.112783674099937,s3.181203345012058,s168.809347283986739
161_144,s2.142999999701248,s1.287135323402550,s348.686509836299422
161_145,s-2.131421952934439,s-2.745671572565942,s349.094208928069349
161_146,s2.167833182539498,s-2.793622748290498,s349.861422944051014
161_147,s1.944802316910965,s-1.974530761698257,s169.861422944027368
161_148,s-1.104444442570903,s-0.852085614270663,s169.265289316382507
161_149,s-0.501542539816802,s-0.857811078485656,s169.061990107310947
161_150,s0.091795421956968,s-1.898103346370273,s168.642377454675426
161_151,s1.297001385927201,s-2.971140008291340,s168.832499400922160
161_152,s-0.362820649480630,s-3.780910534603168,s348.596820580924600
161_153,s-3.360410906561544,s0.115750099341916,s23.629377727772628
161_154,s-0.530131809204565,s-2.915804268175124,s168.596820580900925
161_155,s-2.158416315484355,s2.327303584490181,s349.694013021390049
161_156,s0.238083652120128,s-3.780911067628138,s348.597719378905481
161_157,s-1.518124703736151,s0.349120518395761,s349.433048581138280
161_158,s1.951860030046226,s1.119225518494298,s169.221870966272121
161_159,s-2.322255462299453,s-0.864991263850557,s169.357331763736681
161_160,s-3.337533214947263,s-3.781135387627283,s348.968510701812477
162_0,s2.525193731181503,s0.616984296375034,s78.832289458453985
162_1,s-2.643876019286342,s1.923153078409763,s78.030746280205349
162_2,s-0.473553794028279,s-3.584028901307626,s-2085.239666275924719
162_3,s-1.589838420140671,s0.681375324625247,s78.061042753712712
162_4,s-2.456939846967904,s-0.066744518301747,s258.028356243954249
162_5,s-2.661978944320290,s-2.906067605627035,s81.255795912841350
162_6,s3.491241644495773,s-3.061345656481524,s78.959512953992771
162_7,s-3.491892763496281,s-2.498654002589397,s260.628114075441488
162_8,s0.398686850790016,s2.465391275361782,s79.834079608019465
162_9,s-1.427993136493704,s-3.656743541053115,s260.244781961907904
162_10,s-2.461388886589576,s-1.251109181610126,s257.835822794064029
162_11,s-3.490225248576662,s-0.621822480428525,s258.021260565338139
162_12,s-0.575623643043388,s-1.740669189240092,s77.362040795750630
162_13,s-2.788803675105215,s-3.472686377125427,s10685.469310853539355
162_14,s1.596380571142506,s-2.625721213820238,s258.959561176979889
162_15,s0.439469377360543,s-1.162224886246115,s77.835756253963339
162_16,s1.503858758386381,s0.037382935586095,s78.815860617762340
162_17,s-0.668729312801330,s3.059317711675530,s78.009891565695938
162_18,s-3.469259207329976,s-3.613305418638066,s4201.172957444644453
162_19,s1.573754741835195,s2.874656645223664,s260.056170436288994
162_20,s0.538112447887889,s2.873251768822315,s260.060681483494875
162_21,s-2.473214763601194,s-1.847661914420463,s257.801806669487917
162_22,s0.630023479975282,s-0.766719562717977,s258.409129343529855
162_23,s-0.567097365405840,s-1.135839524917724,s77.835764748175620
162_24,s2.633106223169232,s-0.843931347870251,s258.749885956484150
162_25,s-0.551289303026213,s-2.386938093100354,s76.959900652125171
162_26,s1.498960511676836,s0.640001616042559,s78.832289458735360
162_27,s-0.366262785856226,s-3.172912045273916,s258.238896732269779
162_28,s-1.449493432608822,s-3.068828815913395,s258.262199477859269
162_29,s2.627436520944469,s-2.637648550716392,s258.959561177039348
162_30,s1.473721317784606,s-0.577584566102937,s78.409129343679638
162_31,s-2.484351557217413,s1.710729809689867,s257.946532293034181
162_32,s-2.487106525894721,s-3.084731452440368,s261.255074726398618
162_33,s1.663688516973098,s0.441783361026599,s258.832289458542675
162_34,s3.491267234030370,s-1.271032158737492,s78.959508294100516
162_35,s0.644464025310181,s-0.140796623661055,s258.815860617732369
162_36,s-1.617945404198407,s-2.880663450040034,s79.079330396057188
162_37,s-1.616094185455639,s-2.288144280867334,s77.876285265839996
162_38,s-1.423479818556991,s-0.697054679143418,s258.408262331565652
162_39,s2.632084892389836,s2.279461909202199,s259.926815769120651
162_40,s3.491721516961354,s1.865182467607482,s79.670335150878287
162_41,s-1.602880625716436,s-3.474514595936057,s81.068771322657767
162_42,s-0.562236642368838,s1.260279244855241,s78.745897343198095
162_43,s-1.422570071046168,s0.492658053985209,s258.745897342250942
162_44,s0.595956200811690,s-1.397184370824887,s258.359282598465597
162_45,s1.601677266837788,s-1.428504980267592,s258.959508294075533
162_46,s2.570208397137780,s-3.652759605342686,s-1342.093762728430420
162_47,s0.471865951494967,s0.649591005644851,s78.832286844267401
162_48,s2.610824870682281,s2.874568383628961,s260.183064780609186
162_49,s-2.660650468809340,s-2.273677062266856,s80.444814059804472
162_50,s-2.456734282248153,s1.116709431796668,s258.061042753645211
162_51,s3.491893378201180,s2.468499400101313,s79.926815769397109
162_52,s-2.457307853652773,s0.523446100718548,s258.061042753637025
162_53,s0.478344630820384,s0.050144106842214,s78.815860617714009
162_54,s-2.487406026159181,s-2.459761578557692,s259.079336058509000
162_55,s-1.500045485542107,s2.281406399234916,s258.066703316865755
162_56,s-3.490230525635499,s1.740577319113108,s258.030746280507572
162_57,s2.439239953696868,s3.056941061865213,s80.054972992847581
162_58,s3.491265702842882,s-2.464566064713609,s78.959561177361522
162_59,s1.439458770846368,s1.870252186403644,s79.670327762180875
162_60,s1.439967451732904,s-1.208885072304923,s78.359282598583079
162_61,s-3.282966594950818,s3.081026862498057,s293.629377729528926
162_62,s-3.490171080043370,s-0.031267434602179,s258.021260564883221
162_63,s2.459512869004384,s-3.049365297961227,s79.028935785947098
162_64,s-3.490271414653525,s2.362557414780801,s258.103896312266272
162_65,s0.470240733162244,s-0.550338608444918,s78.409129343440966
162_66,s-1.453481017623965,s1.683453916927553,s258.561226328664361
162_67,s1.429338766606376,s-2.436064778965826,s78.752463839007746
162_68,s0.630054723014415,s-2.659289409673468,s258.752463838974506
162_69,s-3.490246067536976,s1.149678076599174,s258.058623202612353
162_70,s-1.605540168730335,s-1.692563722865331,s77.758031954390887
162_71,s-2.624906042625413,s-1.059311209896869,s77.901222869517113
162_72,s-2.701287548603310,s2.585506096227706,s78.103896312528576
162_73,s0.569072107391960,s2.282446299114995,s259.834079607521915
162_74,s2.472457120428184,s-0.624186288174535,s78.416683677675735
162_75,s-0.421226038772785,s1.666138564557806,s259.299870146567969
162_76,s3.491042255007588,s-0.027212685473170,s78.587242844310794
162_77,s-0.531630290852743,s-2.984373278492237,s77.988457193004905
162_78,s-0.389952641986780,s0.474842386542600,s258.830179485631731
162_79,s-0.389900881805977,s-2.580052499007602,s257.161963648809774
162_80,s2.460264842448542,s-1.853271187889153,s78.959561176986824
162_81,s1.471412566270262,s-3.081785834801512,s81.725735648958732
162_82,s-3.490336360611769,s-1.839678707189551,s258.218840057925775
162_83,s2.470147110766521,s1.871516006737364,s79.670327763616243
162_84,s0.542678136496899,s-3.075205090028275,s78.003622768022993
162_85,s2.461608518503945,s-1.249635316348328,s78.959508294075164
162_86,s1.499492359798356,s1.245747009111989,s79.453459615767045
162_87,s-1.432057030119540,s-1.295197666571516,s257.835764748178747
162_88,s-2.638601618120140,s-1.658423077885087,s78.218840056845281
162_89,s3.491650059139665,s1.254242690945298,s79.561801018286474
162_90,s-1.591281852366422,s1.277737336418103,s78.061042753597647
162_91,s-0.394007002586930,s1.073870048473433,s259.095923873411664
162_92,s2.459863333047020,s-2.452124356336705,s78.959561176870082
162_93,s2.689849004669098,s0.416983739706077,s258.622058876305971
162_94,s-1.505227397491569,s2.870202178835927,s258.009891565773728
162_95,s1.597617373458230,s-2.028108305366945,s258.959561176785257
162_96,s1.600555835057144,s2.283878567536106,s259.835828695347516
162_97,s2.627432213022517,s-2.040875292878765,s258.959561177317539
162_98,s0.471285326381274,s-2.421990975458948,s77.161963649386664
162_99,s1.402661632742540,s3.056939798660151,s80.056170437493520
162_100,s1.430429146303926,s2.468304700198611,s79.834079607308240
162_101,s0.468572451406034,s1.250241931641612,s79.095923873397098
162_102,s-0.392669279631884,s-0.718968457967324,s258.409129343441009
162_103,s0.449409666771465,s-3.489699326480188,s254.120585357549174
162_104,s2.662866334591412,s-0.229052246203404,s258.587242844015861
162_105,s1.664566741967763,s-0.182569763772438,s258.571072666464715
162_106,s-3.491377887795828,s-3.139598367933601,s-2258.874492710055165
162_107,s0.171365691631614,s-3.681027695023987,s113.629377729780231
162_108,s0.638837716982176,s0.462738162444684,s258.832289458737080
162_109,s0.609455087023221,s1.656547707851222,s259.670322204029617
162_110,s3.491267266621564,s-1.867801525302605,s78.959561177336113
162_111,s0.637853976274487,s1.064252924297360,s259.453459615425174
162_112,s-1.451580439635695,s-2.480167868073824,s256.959900652104523
162_113,s-0.557149784233566,s0.661093518977735,s78.745897342676074
162_114,s-0.424039409925771,s-1.979895952126915,s257.414497620563736
162_115,s0.440629589589737,s1.847578298864716,s79.406465480863702
162_116,s-0.387087764330093,s-0.119021899006752,s258.815860617398300
162_117,s-1.443324779648820,s-1.890576780235189,s257.362040795742075
162_118,s-2.549091764586374,s2.337508851919638,s258.066703316289590
162_119,s-0.616525866269824,s2.442829971531100,s79.640567985714839
162_120,s1.664883332944567,s1.041396888341479,s259.453459616927546
162_121,s1.431556009232328,s-1.833426879611888,s78.752463781436958
162_122,s1.609287208518021,s1.686638485006024,s259.670327763000671
162_123,s2.462490104506965,s2.468925691645657,s79.835828697021256
162_124,s-2.600705586665621,s2.998386568390845,s255.924239192310637
162_125,s-0.407000192954181,s-1.342267526065041,s257.835756253963382
162_126,s3.491283860914343,s-3.658129052408286,s78.986449080668393
162_127,s-1.593706411225118,s-1.095969593291308,s77.835822794064953
162_128,s-1.424416720665444,s1.086993713354303,s258.745897343195679
162_129,s-2.621026331392406,s0.123666742348994,s78.018929512418580
162_130,s-0.495933123856612,s2.869545104999205,s260.163256572485466
162_131,s2.627435223616410,s-1.444109884789817,s258.959508294079114
162_132,s-3.490158969825321,s-1.218921853783464,s257.901222870244681
162_133,s0.407457143215971,s-1.794599432346597,s77.414497621561537
162_134,s1.613126296621910,s-3.681027695029622,s113.629377730365164
162_135,s2.469057323119782,s1.269363822950807,s79.453459617006700
162_136,s0.570556172632015,s-2.008547685432764,s258.752463781312770
162_137,s1.649674512840079,s-3.268712697376950,s259.028935785926876
162_138,s-3.490246079593808,s0.559073604225866,s258.058644795316866
162_139,s-2.621293943221104,s0.714698622446973,s78.058644795322465
162_140,s1.629454846401512,s-0.813888329912222,s258.416683677462004
162_141,s-2.621179380630269,s-0.466752734904456,s78.021260565418999
162_142,s-0.558422230251387,s-0.531689966225760,s78.408262334607485
162_143,s-1.620113038845260,s1.872394716234513,s77.946532293366758
162_144,s-2.621285415236484,s1.305289773402482,s78.058623202603258
162_145,s-1.587657527623983,s0.088631504342065,s78.061042753309579
162_146,s2.506959674544355,s0.009467408470837,s78.571072666758255
162_147,s-2.457182054750759,s-0.657424921546747,s258.021260566993988
162_148,s-0.554218317714171,s0.067062754475685,s78.777585344031280
162_149,s2.627335342393236,s-3.234833391167634,s258.988956748810892
162_150,s-0.446011630601906,s2.259176046485713,s259.834058782234365
162_151,s-1.669894085635021,s3.059769298558175,s77.659093540692893
162_152,s-1.664707363246875,s2.469519306910819,s78.066703317315557
162_153,s2.636978836944802,s1.671460698313444,s259.670335148993161
162_154,s0.366826470311899,s3.056828401405412,s80.162335543349954
162_155,s2.634845039158193,s1.064603712743429,s259.561801018384017
162_156,s-1.420051917799810,s-0.101095568218476,s258.777351379286074
162_157,s3.491139454018488,s-0.664397631102304,s78.749885956416307
162_158,s-1.588199560849144,s-0.502257667766350,s78.021260567001903
162_159,s-0.590354351931241,s1.853367946401427,s78.561226328737462
162_160,s3.491062918893176,s0.637428284735031,s78.622058876451234
162_161,s3.483929684468362,s3.058769729723942,s1158.449654299066651
163_0,s-1.642415385715394,s-1.651973972715656,s78.099087428210225
163_1,s3.503413214622003,s-3.641411453046596,s90.263384032738983
163_2,s-1.608389738952695,s-0.453902712734341,s77.394733562519505
163_3,s0.632021889928994,s1.668779134353420,s259.217322733875960
163_4,s-0.448454070792510,s-3.059931348388369,s257.903439188231346
163_5,s-3.502084468383306,s-1.179314249037970,s257.501589394123300
163_6,s-1.477517078079694,s-1.841025078723172,s257.849080390084168
163_7,s-2.634605751902140,s1.367453355508163,s77.381917646176007
163_8,s-2.516797853518971,s-3.093203444943330,s262.983836055026586
163_9,s-2.493055570769763,s-1.207711387234599,s257.502300696606426
163_10,s-0.401353505096794,s-0.090343156276831,s257.823840352563366
163_11,s2.635678677091368,s2.298403790812912,s259.584402828335612
163_12,s-2.631342551535042,s0.772806696104188,s77.374778701414826
163_13,s-0.443618540088011,s-1.881231462335897,s256.894151223848439
163_14,s1.636157776807831,s-0.786886323486466,s257.425593677036318
163_15,s3.490281588395416,s3.102647808449979,s-3892.534935123381274
163_16,s1.477163757061538,s-0.580957269806159,s77.416625081335951
163_17,s-1.454517439490904,s2.895995855574336,s258.445033513047179
163_18,s1.459603251857030,s-3.702647808449979,s-55.578241668169476
163_19,s3.441961512041692,s-3.097519253949798,s76.019119786479038
163_20,s3.492215186976669,s-1.293756372222649,s77.406659195131823
163_21,s-1.463987480424180,s-1.243733021609220,s257.502370786679592
163_22,s0.581977925950430,s-1.961830343294899,s256.907302570294121
163_23,s3.492309062203413,s-0.047742316718992,s77.586422296315064
163_24,s-1.447228110872250,s2.307610775611397,s258.444987517872562
163_25,s-2.531238893273351,s2.393031211207957,s617.785255422102296
163_26,s-3.502029063142172,s-0.557939976613738,s257.394828310055232
163_27,s0.465311701503268,s0.663438735641505,s78.195325348394803
163_28,s-2.510717748415389,s-2.442016676181933,s259.627151509191208
163_29,s-2.698694530429530,s-2.912301411011419,s80.869771355393894
163_30,s1.653571906247390,s0.454129289473848,s258.499310608095357
163_31,s1.487494680992002,s0.640997878109807,s78.499313850945413
163_32,s0.461389324696546,s-2.963911126019704,s76.834316790735841
163_33,s-2.490258570838718,s1.770902404905316,s257.639036556735789
163_34,s-0.604660840092650,s-3.462525756241378,s79.055255695059955
163_35,s1.494781707706180,s1.246236642439241,s79.021308073588486
163_36,s0.369085350827473,s3.083148606281080,s78.338281960971685
163_37,s0.629266533136637,s0.464286966099306,s258.492572196828917
163_38,s0.445810003228783,s-2.366514782631520,s76.921721164073432
163_39,s-0.606838991449779,s3.083125017588449,s78.357375384934542
163_40,s0.464375350310151,s1.261659110600325,s78.474206739991729
163_41,s-0.447987902829941,s-2.471391376132915,s257.014142852607506
163_42,s-3.499992458729562,s-3.158602496946102,s-1899.125145340403606
163_43,s-1.437157562866506,s1.127730742590936,s257.783299696807546
163_44,s0.589811721598658,s-1.340900941301925,s257.384305867795320
163_45,s2.515932072002979,s0.624552457015452,s78.499383189073285
163_46,s0.541350427790994,s2.894608661743037,s260.075553596115981
163_47,s-0.411525411321085,s2.280450785432893,s258.707639941475009
163_48,s-0.612370474766880,s-2.279587427877533,s77.849207854581636
163_49,s2.633990410972793,s-0.214799042595656,s257.586552620923271
163_50,s3.493337430379239,s1.879291145660847,s79.345589764785558
163_51,s-2.631407902929536,s0.183377106425543,s77.384788035610825
163_52,s-2.469350363961371,s-0.008266071741120,s257.384938002096874
163_53,s2.609786120710079,s2.897937435396282,s259.567282240488510
163_54,s1.430733105278054,s-1.795152451700388,s76.907306876674198
163_55,s3.492202763662636,s-2.482133572308062,s77.548558085047446
163_56,s-2.504863457568150,s-1.819738675725097,s258.194105940639815
163_57,s-0.436756425681423,s-3.647773993402147,s259.055255496634175
163_58,s2.372638891611610,s-3.116097909857641,s77.519649254770044
163_59,s-2.653043701610482,s-1.005291403050368,s77.501591408761399
163_60,s-1.440094591893260,s1.718257616421343,s258.162575821928897
163_61,s0.451804714187056,s-0.535896957133007,s77.411082139919131
163_62,s-2.649145906023707,s1.981803878198136,s77.368693944389221
163_63,s1.576054173672494,s2.897807774899912,s259.846062347404370
163_64,s1.604959891514792,s2.306851198596114,s259.823456952986362
163_65,s2.466882861070836,s2.491794616236652,s79.822862881569762
163_66,s2.440244825462815,s3.081724744344546,s79.553902181520073
163_67,s-0.565049020288458,s0.689561739951621,s77.789186890218701
163_68,s-1.599322982217170,s0.138226012864935,s77.384937862223239
163_69,s-3.502512026468705,s-1.820828576873960,s258.284231657078692
163_70,s-1.482823143914287,s-2.440401427479176,s258.391017955968891
163_71,s-0.404186707030023,s1.690414855206577,s258.692888003152461
163_72,s1.453677832094924,s-1.184685514959004,s77.385103831126870
163_73,s1.664556567989123,s1.661194598783705,s259.337774259472667
163_74,s-3.501975702121138,s2.429952034570355,s257.291837956492770
163_75,s-1.435390103483258,s-0.052164056883878,s257.781328861569762
163_76,s3.493492481533794,s2.486812259286144,s79.584588227639870
163_77,s-2.583751002838580,s-3.670702699335137,s-833.627297729173506
163_78,s-1.483052817667791,s-3.043176957286918,s259.076507701620869
163_79,s-3.491787120899631,s3.083356390096329,s-1902.770983251816688
163_80,s1.610472363658492,s-1.399850141872918,s257.385225653279008
163_81,s1.434593680137208,s2.489831225415753,s79.827315323735917
163_82,s-0.433648401114645,s-1.291296536275210,s257.381692110206359
163_83,s0.621267207435768,s-3.158862024646354,s256.773827315265066
163_84,s-3.503413214622003,s-2.477027290262635,s259.737057338645286
163_85,s-2.669105253253699,s-1.626221361617542,s78.283494053111482
163_86,s3.492229264527317,s-0.659859931746842,s77.433841192920326
163_87,s0.463233588055587,s1.855497464265255,s78.704868159546962
163_88,s2.687299892218140,s1.051041418632507,s258.770284732995776
163_89,s3.492769375598332,s0.607232950076857,s78.416203543437106
163_90,s1.626946202002997,s-2.627135226360846,s257.519657681229262
163_91,s2.519358215349473,s1.237476367755295,s79.033038648006340
163_92,s0.623013451697725,s2.262114278935496,s259.738319931783792
163_93,s-0.606743717565988,s-1.688344041353336,s77.543807260207529
163_94,s-1.620417896637199,s3.083017402013331,s78.445034100864589
163_95,s-1.434301424342512,s0.537337350157572,s257.784671701402431
163_96,s-0.445476492816619,s2.875035593936706,s258.338341425540364
163_97,s1.493133793261056,s0.027156247622870,s77.839336974311465
163_98,s-1.460996283010777,s-3.647770785594312,s259.058001553080203
163_99,s0.452539247966065,s2.450542404915904,s78.709357817318079
163_100,s3.492289213128855,s-1.893696789793132,s77.548701851626078
163_101,s-3.458482347317575,s-3.662715821995429,s11407.688710482358147
163_102,s3.492980499553565,s1.270207270908426,s78.772330296398053
163_103,s0.612137036737205,s-0.735683623619169,s257.416361177129659
163_104,s-2.680713436855352,s-2.257762977098261,s79.726314235175067
163_105,s2.674588558897550,s0.400665694794293,s258.416125966707455
163_106,s1.591301484271367,s-1.998836562987740,s257.519762944467175
163_107,s2.658254292274227,s-0.843668407089606,s257.425905237142274
163_108,s-3.502022316438684,s1.216876974296054,s257.381862423453981
163_109,s0.467596706935926,s0.062978039946991,s77.838949771552450
163_110,s-1.613128401677443,s2.494632452094686,s78.444987015076990
163_111,s2.478053374381779,s0.007151339354611,s77.584339933741276
163_112,s-1.601049981112656,s1.317783672224629,s77.477085130123143
163_113,s-1.446335519152039,s-0.645826934595406,s257.370016775646889
163_114,s-2.474640746984898,s-0.606457478973510,s257.394821590643517
163_115,s-1.655638681265564,s-2.856923667728673,s80.222642403806645
163_116,s-1.644159830456884,s-3.460477348619574,s82.984481427553504
163_117,s2.466715845514702,s1.889257819279224,s79.344584140812174
163_118,s-1.652906546429028,s-2.252402159753397,s79.520706742380568
163_119,s2.459583503146021,s-2.441350072192475,s77.519953167912945
163_120,s2.627804528936928,s-1.449339867468930,s257.406543564541494
163_121,s2.320164228531618,s-3.543250053091197,s3724.069124594993355
163_122,s1.405014681087887,s3.081090793755915,s80.015512835141877
163_123,s2.633826783622852,s1.695800168734138,s259.344509829679168
163_124,s-0.578431072806649,s2.467712053314685,s78.445120821750564
163_125,s-2.473187075907750,s1.172925471299933,s257.385607560035623
163_126,s-0.614443161608159,s-2.870964252986579,s78.388080632183744
163_127,s-3.502015834416500,s1.812162484996945,s257.369211945068344
163_128,s1.523861251365908,s-3.071792654020050,s76.773721297848383
163_129,s-0.577584331668730,s-0.497415426783235,s77.373952791102937
163_130,s-2.469002038423436,s0.582543649874387,s257.373601006932518
163_131,s-3.502023894085514,s0.037814733489024,s257.384788188676112
163_132,s2.621288620954903,s-2.040488722798435,s257.548706008962142
163_133,s-1.626788640037602,s-1.054007168592906,s77.502300629373181
163_134,s-0.567131436356901,s1.285329577295522,s78.149961999850262
163_135,s0.631821382112812,s1.071134788268137,s259.010565353715890
163_136,s-2.686973152947926,s2.625440580215757,s77.291916079356454
163_137,s-3.502018710847337,s0.627451249693426,s257.374778781847226
163_138,s2.500706324461978,s-0.631308396723381,s77.425767861470945
163_139,s0.522153384358895,s-3.580625949607894,s-3162.279711988940562
163_140,s-0.401168574355386,s1.096269058416501,s258.466819059393629
163_141,s-2.572170134879477,s3.034518202512595,s253.689576652143046
163_142,s0.605931774240740,s-2.561185064368642,s256.907300679600155
163_143,s-2.634919179825525,s-0.406739405834899,s77.394824058010258
163_144,s0.430733893559975,s-1.135937517422482,s77.381774329665760
163_145,s-0.594481979648607,s-1.094200624646676,s77.377439831746813
163_146,s-1.598253045581894,s0.727771673132622,s77.373634764312243
163_147,s0.427734487272849,s-1.742132228013503,s76.906458370900182
163_148,s-1.605071618810076,s1.906094865551325,s78.162574911401009
163_149,s-0.415112354857239,s-0.687627858129884,s257.404703245678434
163_150,s1.661419231079997,s1.054866820471988,s259.029406412000412
163_151,s0.629633981203044,s-0.134503808530845,s257.839142817847687
163_152,s2.459084403314295,s-1.847320694371333,s77.519685438132214
163_153,s1.176702073744536,s-3.670740373586665,s113.624355342454464
163_154,s1.652482488160689,s-0.184377515427079,s257.583922022945785
163_155,s2.553396203151569,s-3.308492600800686,s262.134418412283765
163_156,s-0.399802606123713,s0.500329730916679,s258.179316335241595
163_157,s1.495850294177224,s1.846274692653882,s79.313047274237121
163_158,s2.470243887347117,s-1.237177961129786,s77.385228787079640
163_159,s-0.565238292309512,s0.098612651899182,s77.784874612454928
163_160,s-0.571010039504976,s1.878407926399296,s78.360540665690593
163_161,s2.622546364496207,s-2.631048617924674,s257.546535518808525
163_162,s1.469449131958730,s-2.409579066099431,s76.907451429376763
164_0,s3.509735535381861,s1.317635241027679,s79.550035219825673
164_1,s-1.424680205496226,s-3.060529969545530,s260.036640519163427
164_2,s-3.508074047990096,s1.734830470288721,s260.320262449056713
164_3,s-0.602807682776068,s-1.085072245331744,s79.731385111649132
164_4,s0.594960270979687,s-0.671428694677918,s259.707953811981383
164_5,s2.519493622918470,s-2.293301057690837,s79.277792338179680
164_6,s1.681132479206280,s-3.056398872713316,s259.888151756797129
164_7,s3.468704669330595,s3.097895699839089,s7279.820274685277582
164_8,s-1.684698140014318,s2.501789810378588,s80.088953813121307
164_9,s2.487084374336263,s1.325039825896795,s79.550035220079977
164_10,s-2.677898261718171,s1.324143889066156,s81.165838664588648
164_11,s3.509743473122790,s-0.497986348736112,s79.562162250184031
164_12,s1.591194435196134,s2.327140462441708,s259.941771855991988
164_13,s1.627840401300980,s0.535264718785040,s259.578878684747565
164_14,s-1.452105142564040,s0.540769126373266,s259.736225025437705
164_15,s0.362353596448179,s3.097752798873840,s79.953499603358338
164_16,s0.597729811493775,s1.142069487209658,s259.686378810622386
164_17,s0.556406701035153,s2.326611189226749,s259.944753291826714
164_18,s2.740779954624928,s-3.191018125362618,s259.560652528576782
164_19,s2.584753502624242,s-2.929744532609681,s79.707556301246910
164_20,s-1.537680591072849,s2.907617091274621,s260.146467800094172
164_21,s-0.600457230808248,s-0.479633539287156,s79.731385111656635
164_22,s-1.631954039286714,s-1.688314202781433,s79.850297155205212
164_23,s0.533119791241611,s2.915163348727437,s259.953499681210758
164_24,s-1.467646391028118,s1.140076602583707,s260.034037096165719
164_25,s0.424560740151334,s-1.087035578609529,s79.720295697276384
164_26,s3.509743470775089,s-1.099268612865463,s79.562158663859890
164_27,s-1.629679881504649,s-1.083178776082726,s79.731385111686848
164_28,s-0.434366129981064,s1.140912016465320,s260.020350839351806
164_29,s-0.432047202094360,s-0.672056476415553,s259.720294471654086
164_30,s-1.626041616191773,s-0.475565901134420,s79.731385111711944
164_31,s2.649586524189857,s-1.284045454495599,s259.562158663857247
164_32,s-2.524043039343137,s1.730495280154411,s259.931722220391521
164_33,s-0.560854103269182,s-2.876093726397839,s80.036640518842475
164_34,s-0.502762787870831,s2.912647111408595,s260.144514138149361
164_35,s0.644487876081407,s-3.056005878422686,s260.024979182786183
164_36,s-2.468123840395853,s-3.088428148308033,s262.358159954827556
164_37,s-3.338717278677698,s3.121731006102913,s293.629377729017108
164_38,s-1.624528291213854,s-2.287731208426230,s80.596136796330882
164_39,s-0.604916999618711,s1.326049833613264,s80.034037096155089
164_40,s0.621106272316046,s-2.468068949601565,s259.899970113507891
164_41,s1.459558162571566,s0.727225126194168,s79.634988994315520
164_42,s-0.649593460190554,s2.505459399728168,s80.146465866741735
164_43,s2.626390456810426,s2.327112244525051,s259.951647997632506
164_44,s1.457983886401609,s1.327988652106854,s79.686378810262227
164_45,s1.624165934857703,s-1.875947263897568,s259.562010609906110
164_46,s-1.711047134195917,s3.101591873584904,s76.829844062628467
164_47,s3.509742484420248,s-2.301454448840577,s79.560652529458977
164_48,s2.485928049648202,s0.723220342060978,s79.578311477437580
164_49,s-1.660193432185778,s1.913797234702368,s79.931722220390910
164_50,s-2.502498552377086,s1.141161681828796,s260.051751716873127
164_51,s-2.490344716187366,s-1.878600854330535,s259.850297155288558
164_52,s2.653882666411007,s1.126732883663057,s259.550035220255040
164_53,s2.652066838411141,s0.520873263441120,s259.577650859457663
164_54,s0.601866601587616,s0.538126981258674,s259.634988994315336
164_55,s-0.356695970871188,s-3.650922264636927,s259.876023080731727
164_56,s2.637813289994752,s-3.603172502243617,s75.204900547858244
164_57,s-0.434064391631318,s-1.275655621423243,s259.720295697276299
164_58,s2.482431192935867,s-1.688425899649344,s79.562010609908015
164_59,s-1.447651695003560,s-2.471812449970106,s260.009185573083528
164_60,s-1.454125929479562,s-0.064159054348491,s259.731385112218902
164_61,s-1.570255929555891,s-3.468227836813828,s81.385925197697091
164_62,s-3.175647228036552,s-3.658308399455095,s-417.584929141612292
164_63,s-0.454767256023774,s1.733741572536424,s260.094605583501050
164_64,s-2.687859986753503,s1.962558590601687,s80.320261324518597
164_65,s-1.488974886889249,s1.730522946387368,s260.089775858542851
164_66,s3.509744960150553,s0.104077284489029,s79.564432485030508
164_67,s-0.427960586276276,s-0.066909627430845,s259.716585646871351
164_68,s-2.648663624737760,s0.133296011004445,s79.683271433818206
164_69,s2.432932908380569,s3.097759247056928,s79.947450399980752
164_70,s0.427043399940264,s1.328626055348483,s80.020350839143234
164_71,s-2.644512688028996,s3.055882778196590,s254.851665882165605
164_72,s1.452847666858084,s-1.086293032783233,s79.707991565222201
164_73,s-3.507582794392527,s0.549173109174879,s259.598203945917021
164_74,s2.482740757502757,s-0.484868928731679,s79.578889221026401
164_75,s2.483513525128854,s0.118192548677924,s79.578889234120339
164_76,s1.622556332862164,s-1.272076386926091,s259.576936240199700
164_77,s-2.485878597300306,s-2.483011589370697,s260.686563699856492
164_78,s-0.604003551261788,s-1.688787988816991,s79.837663030918378
164_79,s1.483150353550861,s-2.282512162260995,s79.899970113511969
164_80,s2.649562495656010,s-1.885115267889959,s259.562010489282841
164_81,s0.593878385917804,s-1.274290268785876,s259.707991565222699
164_82,s1.532343863710942,s-3.461569560593001,s79.875942762588821
164_83,s1.568482608366377,s2.915151768947105,s259.947450401418848
164_84,s1.420454161470251,s2.509766894080033,s79.944735078874331
164_85,s-0.389843693653702,s-3.058640407762599,s260.024979182385152
164_86,s1.627229051273876,s1.139943709021608,s259.550407746101655
164_87,s2.482490323206636,s-1.086823414080636,s79.576936240197824
164_88,s2.603698262019959,s2.915148501570419,s259.952218941368471
164_89,s-2.648739343015512,s-2.912871268217856,s82.958394986625805
164_90,s0.433146253434411,s0.729091021927367,s79.715094358513085
164_91,s-2.480406772370691,s-0.060243921202272,s259.731385112206397
164_92,s2.682295215002290,s-2.515498912705376,s259.560652529413517
164_93,s1.454027276867915,s-1.688130702787781,s79.899970108241035
164_94,s-1.462784502932193,s-1.878384866919853,s259.837663030911699
164_95,s-0.434691669323958,s-1.879242152674443,s259.901460479487355
164_96,s0.473494025483314,s-2.873629610617891,s80.024979183058363
164_97,s-0.424902953928107,s0.539692944039315,s259.715094358736621
164_98,s-1.394162728980950,s-3.650493691200689,s260.283260923803027
164_99,s-2.482443716638826,s-0.667506150958367,s259.731385111712370
164_100,s-1.513497569953166,s2.319604025026456,s260.089778601076034
164_101,s0.425942623427877,s-0.482519641396235,s79.720294471654100
164_102,s-2.649842355697006,s-0.469537935486686,s79.725392586256945
164_103,s1.654155986770276,s-2.467535585272296,s259.277792338334336
164_104,s2.649693127438139,s-0.682917972755566,s259.562162250166523
164_105,s-2.748584855318506,s2.644112168983415,s80.320261324453256
164_106,s0.385157939305236,s2.509579419877299,s80.088257055169052
164_107,s-2.499537290898887,s-3.652122509881916,s-9111.507538848651166
164_108,s-0.596329154087763,s0.125769384549945,s79.731385112151941
164_109,s-1.598228933721819,s-2.877770712431779,s80.686563460338988
164_110,s0.597550869986387,s-0.067571632972480,s259.684305725367608
164_111,s3.490657493763826,s2.510035946712792,s79.952218941584363
164_112,s2.477751013439035,s1.921481421375698,s79.913823929483300
164_113,s-0.478196184759067,s2.323355499577921,s260.121728396519757
164_114,s-1.638258923516776,s1.325166921624599,s80.051751716383947
164_115,s1.453679814452116,s-0.483071282695790,s79.707953336818264
164_116,s-0.675598750330590,s3.097544428898335,s-1359.916508331669320
164_117,s-3.507834837382872,s-1.893547778586291,s259.974780471018505
164_118,s3.328097898632258,s-3.674817384722685,s113.629391687146637
164_119,s-3.496632681570511,s-3.152750595065873,s2423.043802928127207
164_120,s0.673119777599461,s-3.650922350881784,s259.875942762650823
164_121,s-2.664959381855207,s-2.301776578974906,s82.227821615260424
164_122,s-3.507666906632375,s-0.659365235996115,s259.725392586228338
164_123,s2.455619260838805,s2.509766258528721,s79.935569852331881
164_124,s0.450081483837792,s-2.285244290676958,s80.010968350163267
164_125,s1.397735693489687,s3.097759247056230,s79.947450401263808
164_126,s0.429010801146727,s0.124059279459128,s79.716585114546291
164_127,s-2.479220415221065,s0.544045570501932,s259.736225128031720
164_128,s-2.654490363918591,s-1.075010733294687,s79.731385111996047
164_129,s3.509742484421927,s-2.938907238750063,s79.560652529255478
164_130,s-0.584601423829584,s-2.286556499660714,s80.009185573074888
164_131,s3.508496299200358,s1.918899934589044,s79.770032106025539
164_132,s1.614296407463609,s1.737801420179372,s259.913823929577859
164_133,s-2.659860318727412,s-1.687683708722930,s79.974780470663788
164_134,s-1.461057360705521,s-1.274347374806254,s259.731385111645409
164_135,s0.424576301556512,s-1.689690616281347,s79.901460479500344
164_136,s-3.507670895152485,s-1.271598078979814,s259.731385111896145
164_137,s1.455596227128235,s0.121517789630670,s79.684305344373456
164_138,s0.579369231449347,s1.737701714357170,s260.018888204675022
164_139,s0.408101872135317,s1.920147372805709,s80.094605583493660
164_140,s-2.648039845814621,s0.735212382625528,s79.598203945902426
164_141,s1.704489756645448,s-3.654226458336641,s257.158635388675236
164_142,s1.624461627772430,s-0.068360249557879,s259.578889234121846
164_143,s3.509743373730107,s-1.700374696991189,s79.562010489416679
164_144,s-2.487196219535102,s-1.273511744325606,s259.731385111697989
164_145,s-3.509531894868721,s-2.534333356568487,s262.227821616802203
164_146,s-1.457998188256329,s-0.669930994155107,s259.731385111656095
164_147,s-0.528485597480846,s-3.466080607822374,s80.281804404466314
164_148,s-3.507638936403027,s-0.054438988990162,s259.683271433716698
164_149,s-1.620583091039509,s0.732811058449661,s79.736225128036509
164_150,s-2.590924706754917,s2.377159642538301,s260.088953812778129
164_151,s-0.625876812505702,s1.916552491122073,s80.089775858546915
164_152,s-3.508074047198082,s2.377995984202644,s260.320261324604019
164_153,s-1.622335557811412,s0.129288640707068,s79.731385112206723
164_154,s2.647569570951989,s1.733086195126974,s259.770032109233796
164_155,s1.510259394468136,s-2.873558554577906,s79.888151756728021
164_156,s1.443432181768985,s1.921613784299716,s80.018887892262583
164_157,s3.509753624882075,s0.709393836981421,s79.577650859473266
164_158,s-0.413730323295540,s-2.469431722415385,s260.010968350193252
164_159,s-0.593737093605684,s0.729922971230278,s79.736225025405247
164_160,s0.594351008036685,s-1.877081673329356,s259.899970108241405
164_161,s0.503514461368879,s-3.462983806396264,s79.876023080617031
164_162,s2.650152745627312,s-0.081542761931705,s259.564432485055761
164_163,s1.623079989677730,s-0.670538422728175,s259.578889221025918
165_0,s-0.449900265354724,s1.727575148078660,s260.054665200013346
165_1,s-1.460954457804729,s-1.889609468663404,s259.712164687791983
165_2,s0.432989792823592,s1.320773196327013,s79.856088776726722
165_3,s-0.595801191453839,s1.317459233132667,s79.856088776126910
165_4,s-0.560037186082550,s-2.887995916733689,s80.039374758212531
165_5,s3.511071219267552,s0.701222179703474,s79.674167292688537
165_6,s-0.412764513873870,s-2.481760341826921,s260.023968008343729
165_7,s2.651523380217538,s-0.692027592959730,s259.635399231862607
165_8,s3.511071219274285,s1.309694634460414,s79.674167297123702
165_9,s-3.509588165067202,s-1.281670586851813,s259.738071310736416
165_10,s-1.627953305202532,s-1.097137333310869,s79.669577029364518
165_11,s0.599041888395415,s-0.077144137636416,s259.712342208905170
165_12,s-1.624111722021051,s0.109721592419288,s79.712382881250932
165_13,s1.593926555528158,s2.320108239564586,s259.943702744424570
165_14,s2.652883964659443,s0.512441368213573,s259.674167292643688
165_15,s0.388391315274031,s2.502515278731094,s80.054333610401471
165_16,s1.626069338768972,s-0.077682675044059,s259.674167291547974
165_17,s2.484472858954789,s-0.492936278455195,s79.669552167132494
165_18,s3.471778770489812,s3.090906455793594,s79.772985673985744
165_19,s-3.509568973296048,s2.376714004563869,s259.709223606307773
165_20,s0.596361873765832,s-1.283719737738379,s259.712342803139109
165_21,s-2.585981638661333,s2.369779055727542,s259.821245352121423
165_22,s1.681921614585765,s-3.066248092821423,s260.026906712484617
165_23,s-0.425948037466123,s1.131213009262939,s259.856088776728768
165_24,s0.597463905414030,s-0.680812911591158,s259.712342208902612
165_25,s2.488686119324003,s1.316979542594511,s79.674167299224393
165_26,s2.484038821805481,s-1.697750933755477,s79.631158399643340
165_27,s-1.680057345316268,s2.495702501183431,s80.054711995752726
165_28,s2.629214834399538,s2.320039889907089,s259.958702356142112
165_29,s0.536019763853075,s2.908112468407260,s259.948033089142825
165_30,s0.451142689805505,s-2.297572706947289,s80.023968008346529
165_31,s-1.454841163181684,s-0.077583255527729,s259.712382862036975
165_32,s-0.602283054411788,s-1.701139444743387,s79.712164689473141
165_33,s-2.488873674838949,s-1.888816333494739,s259.702929974225356
165_34,s2.651870251899844,s-0.090125605895711,s259.674167260244758
165_35,s-2.651302968742339,s-0.483784995596258,s79.712382882040060
165_36,s-0.644880322127654,s2.497833837345631,s80.054711989156587
165_37,s-1.508835118247069,s2.313391539213685,s260.054711988584643
165_38,s0.414030215782667,s1.912051610323930,s80.054665199869802
165_39,s1.618389980976794,s1.728930048111286,s259.914217669897823
165_40,s-1.625100239498165,s1.316610942097755,s79.709894475371456
165_41,s0.474872443754637,s-2.885623314835406,s80.060350259053479
165_42,s3.511071219249396,s0.097189806923513,s79.674167260220628
165_43,s-2.658885937399245,s-2.306112333734649,s81.766535374047777
165_44,s2.435716892333156,s3.090715674906259,s79.950411070238047
165_45,s1.624748035280630,s-1.282265886724673,s259.668707396973161
165_46,s-1.705491243097834,s3.094101515530521,s77.157116932535686
165_47,s3.493442839852291,s2.503084895742990,s79.958767806647913
165_48,s-2.482775612965173,s1.126726242188621,s259.709894475358453
165_49,s-2.640443595546225,s-2.909901075570331,s81.620302946662207
165_50,s1.458745055938398,s0.715795396276329,s79.712342201937616
165_51,s2.640195526030026,s-3.613560899383727,s75.141730769563353
165_52,s-1.397017571134319,s-3.660665004978879,s260.318150241992555
165_53,s-3.509571072498068,s-0.069063092780490,s259.712382881423594
165_54,s-3.509568973295194,s1.737901032391300,s259.709223606440105
165_55,s-1.570775471325763,s-3.478866283734275,s80.791153380000679
165_56,s0.596419322860768,s-1.886614040438476,s259.863017546400272
165_57,s3.330533773110041,s-3.684992982981165,s113.619146183888247
165_58,s-0.620990410922179,s1.909872540903665,s80.052005814366581
165_59,s-2.650538732946666,s0.118888147650171,s79.712382881498399
165_60,s3.511045598631951,s-0.505575451519989,s79.635399231923046
165_61,s-0.596634787761511,s0.111560277747179,s79.712382862037813
165_62,s1.571225503619204,s2.908109512347438,s259.946488480384915
165_63,s-2.742613717875341,s2.631692329483917,s79.709223605570074
165_64,s-1.654834334105913,s1.907523840406113,s79.506226910454188
165_65,s0.428221159288973,s-0.493354697098313,s79.712375598245728
165_66,s-1.532649830088393,s2.901339546764845,s260.054712034023055
165_67,s3.511033482956366,s-2.947882161401457,s79.617015401793637
165_68,s1.533880268867671,s-3.471736710008587,s80.020466692594013
165_69,s1.510361953842593,s-2.883779162863302,s80.026906712362916
165_70,s1.456004350969336,s-0.492152030077360,s79.712342208902527
165_71,s0.430024313879205,s0.111554802220020,s79.712382831923378
165_72,s-2.486586301663216,s-1.285226789437732,s259.669577029127083
165_73,s-2.650369146842265,s0.721149409537874,s79.712382881854197
165_74,s2.587136175526257,s-2.939851764514697,s79.786967070173191
165_75,s-1.456113097824454,s-0.681784887639585,s259.712378420371920
165_76,s3.509966246900707,s1.911072325578021,s79.726807055459915
165_77,s0.559424859119487,s2.319114460508763,s259.947747158286006
165_78,s1.457193823182618,s0.112077566531525,s79.712342207681687
165_79,s-0.600581561037211,s-1.097107378555723,s79.712166427249898
165_80,s-1.455340084912548,s1.128762058681426,s259.856088776126796
165_81,s2.655553082661656,s1.117055411250583,s259.674167297433542
165_82,s0.602288238139354,s1.130764119697474,s259.766765825457298
165_83,s2.651323850975053,s-1.293689016433993,s259.623841683535318
165_84,s-2.683835776353115,s1.954838714367510,s79.709223606158048
165_85,s-0.473791820945073,s2.315546157403044,s260.054665200310637
165_86,s2.650088878047479,s1.724192289418160,s259.726807277681473
165_87,s-3.228935172707869,s-3.663193493485155,s294.923205076089175
165_88,s-2.639246679493267,s3.043724869058515,s255.104696692455235
165_89,s-0.429310123481315,s-0.683472663987898,s259.712375598245558
165_90,s1.627499176113383,s0.525366340117274,s259.674167292644711
165_91,s1.460975699944853,s1.319769910766539,s79.766765825433851
165_92,s-3.509571072498141,s-0.672839423212172,s259.712382882124189
165_93,s-2.483068972297403,s-0.078338040632392,s259.712382881259146
165_94,s-2.650348063749549,s1.323346899870500,s79.709894475187482
165_95,s0.622133542702974,s-2.479953175480271,s260.023645193131131
165_96,s-1.483400559949025,s1.723235373096650,s260.048831184291600
165_97,s1.455298132292212,s-1.095630213645700,s79.712342803139663
165_98,s0.645978850607437,s-3.067893986317558,s260.060350352353737
165_99,s2.480547082523728,s1.914473120307413,s79.914217669947575
165_100,s-2.483914116986687,s-0.681456962328141,s259.712380430801034
165_101,s-2.464220444769484,s-3.088466608058925,s261.339943109515900
165_102,s0.600237642454165,s0.527086832411491,s259.712342202088962
165_103,s-2.654246017167615,s-1.088134115113271,s79.738071310002795
165_104,s-0.583760000864968,s-2.299355040088442,s80.016870870727786
165_105,s-1.619022886822214,s-2.299535177804149,s80.279588610759419
165_106,s-1.596075633962371,s-2.889632858708432,s80.279647771158821
165_107,s2.519945465325438,s-2.303237976677545,s79.218711781378644
165_108,s-3.509569419005753,s1.135694057608117,s259.709894475383521
165_109,s1.625728293062398,s-1.885913836440034,s259.631158399644164
165_110,s2.458412204127252,s2.502722909932853,s79.929215367447526
165_111,s3.511037979222121,s-1.107633755033865,s79.623841683540178
165_112,s-2.510646453904570,s-3.652646714704301,s246.477748299542128
165_113,s2.486205025371711,s0.713397483867700,s79.674167292644853
165_114,s1.483715368578079,s-2.292450011266007,s80.023521187133923
165_115,s-0.499207279856733,s2.907308078496267,s259.961141440080098
165_116,s2.606505556953861,s2.908111297492760,s259.958767806969092
165_117,s-3.511070945074974,s-2.524142946315203,s261.766535369599978
165_118,s-0.432858916782904,s-1.891008671510378,s259.863020008733827
165_119,s-2.520798139878481,s1.731772037644546,s259.506226910377677
165_120,s-1.424096897331265,s-3.072127688999208,s260.039374758448844
165_121,s1.423184248529779,s2.502728186536439,s79.945600149193297
165_122,s-1.454130999445881,s0.526450928146994,s259.712385597836430
165_123,s-2.482822519544907,s0.524346711348250,s259.712382881619703
165_124,s-2.481321231232696,s-2.488675603361940,s260.279588635968196
165_125,s0.431382746698635,s0.716682099300599,s79.712385598125948
165_126,s-1.629961513849866,s-1.700788520647129,s79.702929974212523
165_127,s2.485035045379766,s0.109972825264211,s79.674167291548386
165_128,s3.511035400322905,s-1.709326022605220,s79.619926923127508
165_129,s1.400481654507703,s3.090719857049750,s79.946488480498147
165_130,s0.426307992616598,s-1.701706332984742,s79.863020008590922
165_131,s1.706578101352682,s-3.664408637071214,s257.177093397906447
165_132,s0.673425561789145,s-3.661004681315249,s259.992920253280886
165_133,s0.426677836388505,s-1.098693508200981,s79.712342803508434
165_134,s-0.530078778368401,s-3.477350979678301,s80.268231573765860
165_135,s-0.670982504803723,s3.090347203683415,s80.090165664747360
165_136,s0.503180935596093,s-3.474345322813620,s79.923790580733026
165_137,s2.484137400736959,s-1.095278946599630,s79.668707397293232
165_138,s2.743462660495281,s-3.201491935580517,s259.617015401744879
165_139,s-1.623691920283903,s0.712156112243515,s79.712382881619448
165_140,s2.651241686844959,s-1.895225674580702,s259.619926922831837
165_141,s-0.388918884007283,s-3.070357696242045,s260.060350209090643
165_142,s-0.431848580759373,s-1.287374646071777,s259.712342803179922
165_143,s-3.509646895543331,s-1.896753572532122,s259.825858166492651
165_144,s-1.447348566317631,s-2.483922993575329,s260.016870870980313
165_145,s1.629903128011115,s1.129059913442987,s259.674167299228941
165_146,s0.585186936093535,s1.729397514345510,s259.954614624625606
165_147,s-0.426251260266648,s0.526712314722724,s259.712385598127298
165_148,s1.655237276503668,s-2.477769174383528,s259.218711781411798
165_149,s-3.496292811386876,s-3.126950024110611,s260.914719387880041
165_150,s-2.657850633539372,s-1.697237532122956,s79.825858163868432
165_151,s2.683112169738776,s-2.525300578557220,s259.617015401762444
165_152,s3.511033482956619,s-2.310887138738420,s79.617015402409393
165_153,s0.365270991892390,s3.090718210042901,s79.948033088940406
165_154,s-1.458920028330840,s-1.286058024018149,s259.712166279600126
165_155,s-0.358214897138987,s-3.661078312974225,s259.923790581100718
165_156,s-3.509571072497855,s0.533442969476812,s259.712382881911424
165_157,s1.625211781617517,s-0.680117385321375,s259.669552167056963
165_158,s-1.625139329953770,s-0.493133965625865,s79.712380431223835
165_159,s-0.427799256468012,s-0.078141316279654,s259.712382832086917
165_160,s-0.595378594561962,s0.714806286775241,s79.712385597841504
165_161,s1.455892302994270,s-1.697751073332322,s79.863017546411513
165_162,s-0.597933568472221,s-0.492602646973269,s79.712378420348500
165_163,s-3.329811998853917,s3.114513578351516,s293.629113687155154
165_164,s1.448070879864888,s1.914330775325735,s79.953200249119334
166_0,s1.597747210404120,s2.311197724779093,s306.079375452526051
166_1,s1.625704902779344,s-3.684850417493330,s305.630384947656864
166_2,s-0.431437434458452,s-1.280088627753530,s305.650736156262553
166_3,s0.429606060823071,s-0.494659820774826,s125.652298677472743
166_4,s-0.598947830225866,s0.707368025738947,s125.665581509826126
166_5,s2.657835087798261,s0.512890611390629,s305.559536434365043
166_6,s-2.489888936225876,s-0.677766259129233,s305.625894163806663
166_7,s2.655192427686798,s-3.685155290862457,s305.360071328208164
166_8,s0.596467610765646,s-3.684850501663106,s305.630310807258695
166_9,s0.596830962164824,s-2.482230870340146,s305.654928453448974
166_10,s3.517280208841955,s-2.907025054736861,s125.409640399047731
166_11,s-0.602188721534632,s-2.298565421209717,s125.653971500978471
166_12,s-2.588205347595550,s2.367084670360716,s305.855144637182377
166_13,s-1.631708672699463,s-2.298206364650226,s125.653968995943984
166_14,s-3.435261610669617,s3.004937883400356,s305.613734991957870
166_15,s-0.495993056106046,s2.897757513692605,s306.155819165123887
166_16,s0.428083529169123,s-1.697166420111463,s125.653938779370137
166_17,s-0.600767996320813,s-1.096005226005271,s125.650737971373132
166_18,s0.562774859600827,s2.310909306195224,s306.080610722177198
166_19,s-0.601537484304686,s-1.697336352140108,s125.653938683029665
166_20,s-1.460969314194357,s-1.280239415273770,s305.650737934661265
166_21,s1.628496272587482,s-0.678543158715444,s305.643776027411207
166_22,s-1.463460706460934,s1.122091573482089,s306.059522105056317
166_23,s-2.490959393162310,s-1.881104770373638,s305.653939305361803
166_24,s-0.432916179280615,s-3.684850540308520,s305.630274460835892
166_25,s0.586593684454844,s1.720664026020992,s306.104055609235445
166_26,s-1.459424657816650,s0.523298680289457,s305.664851392539276
166_27,s2.490700745018472,s0.707436128564680,s125.559533442845151
166_28,s-2.639326139792033,s3.037643744311376,s300.891414597774201
166_29,s0.428816513428617,s-1.095930991780313,s125.650736056343803
166_30,s1.574903966456725,s2.899256791236673,s306.108085394278305
166_31,s3.517317329608191,s-1.107772327807547,s125.467787364365051
166_32,s3.502672247633132,s3.084910623129279,s120.385540116134933
166_33,s0.429867522295902,s1.309210050374330,s125.896359523359166
166_34,s1.404074891204897,s3.081787419218216,s126.108085556932579
166_35,s-1.629500986289466,s-0.494060564333718,s125.625894268366835
166_36,s-2.657096571971814,s-1.082099353089031,s125.650738642682839
166_37,s-3.517357973034160,s-0.664904689964094,s305.625762444779070
166_38,s1.458426802980310,s-1.095628470445389,s125.651940772050352
166_39,s-3.517356712359373,s1.741375283491169,s305.623823963769212
166_40,s1.427005861878824,s2.493814591151185,s126.080344997097100
166_41,s-2.660332607634979,s-3.496217662290517,s125.629567116064109
166_42,s-2.489605787673510,s0.524111270555626,s305.625071355699333
166_43,s1.627768241362921,s-1.279723594500751,s305.644547047642391
166_44,s-3.517350206828328,s2.377153753170111,s305.613815497681969
166_45,s-0.448134447171299,s1.718097121102527,s306.202156961832145
166_46,s-3.517356710499628,s0.536479799582485,s305.623824249388861
166_47,s0.427202491361842,s-3.500707585547568,s125.630277781255359
166_48,s3.517286535841928,s-2.307674912785474,s125.419574023003278
166_49,s1.457118262602088,s-2.298078377304247,s125.654928357386069
166_50,s-2.492528677825963,s-3.083748103622907,s305.653968747208921
166_51,s2.486820183766762,s-2.297963236311894,s125.651060088174731
166_52,s2.654526875178468,s1.719124426198477,s306.011139976964500
166_53,s-1.529863222320162,s2.892497366891441,s306.202433179261902
166_54,s0.597461085001444,s-1.881051938454585,s305.652545126050256
166_55,s-2.656717059967176,s0.719797697164500,s125.623824202793713
166_56,s-1.632299866331451,s-2.899520488785677,s125.653969084091202
166_57,s2.633586788065680,s2.310930615409689,s306.153432076776880
166_58,s-2.658875991333876,s-2.285654909265810,s125.653969183876413
166_59,s3.497524905702035,s2.495052832935905,s126.155476176345701
166_60,s-1.654318924130010,s1.899092690223202,s125.626818742682772
166_61,s-2.490214848422202,s-1.279415989562478,s305.650737831340507
166_62,s-2.491896470174708,s-2.482493609149476,s305.653969036236219
166_63,s2.491905157326352,s1.308142318624492,s125.524565708922097
166_64,s0.599884795392468,s1.124887743929033,s305.840885738097143
166_65,s-0.599363975699852,s0.106296967036754,s125.644196789687086
166_66,s-1.463009451624587,s-3.083867513071200,s305.653971491908806
166_67,s2.656957561812015,s-0.088391100260833,s305.559538690288605
166_68,s1.620350857982227,s1.722901868900567,s306.053081530598831
166_69,s-1.461783982245626,s-1.881537938279384,s305.653938897255443
166_70,s-1.505916449654620,s2.304554721731046,s306.202432888672888
166_71,s-1.677438848750284,s2.486872614525163,s126.202433198175399
166_72,s-1.482760635587230,s1.714732845308439,s306.213423482803705
166_73,s-1.631739391999795,s-3.500782136907077,s125.629354132962874
166_74,s-2.656866019575765,s-0.481351730186150,s125.625762272047410
166_75,s2.487395308214757,s-1.696860665043445,s125.648141558415844
166_76,s1.459180592729291,s-0.494295540460816,s125.652298601336824
166_77,s-2.657756306878973,s-1.683279436625982,s125.653939254368439
166_78,s-0.430657184282875,s-0.678832383864367,s305.650563508614539
166_79,s3.517376339938609,s0.697144743049085,s125.559536301503570
166_80,s2.656395922717980,s-0.688702857884583,s305.533360846853384
166_81,s1.629931414810488,s0.524237825818365,s305.601697248656819
166_82,s-0.470873505658203,s2.306940982590741,s306.202158084673272
166_83,s2.488804470918087,s-0.494536397704445,s125.643775435836758
166_84,s1.626492041660757,s-2.482016352211463,s305.651061064876274
166_85,s1.460640416369575,s0.708298697405404,s125.623461373629567
166_86,s2.485659190239873,s-3.500205145227360,s125.645416622554151
166_87,s1.627076821544769,s-1.880897618136058,s305.648141697678625
166_88,s-1.628862535896282,s0.707291324751375,s125.625072624440620
166_89,s0.427450867042991,s-2.298354866495479,s125.654928532258666
166_90,s-3.517376343370972,s-3.078381937442821,s305.653968856081804
166_91,s-3.517376342014716,s-2.472395651640512,s305.653969172717268
166_92,s-1.630955755402104,s-1.696550069988330,s125.653939339976304
166_93,s-0.601722962889585,s1.308344027617235,s126.059522428215018
166_94,s3.517376343370972,s0.094582638638477,s125.559538602806100
166_95,s2.462386759798038,s2.493777336683024,s126.038570318151315
166_96,s2.610610949716739,s2.899224637431290,s306.155477751839328
166_97,s-0.429965196744193,s-0.077620582268764,s305.657954813465381
166_98,s0.415397995518827,s1.903273226320199,s126.202157992298325
166_99,s-1.629059482391097,s0.106664131419239,s125.603066900537257
166_100,s2.659425014677101,s1.116144810426169,s305.526465978330634
166_101,s0.600257537732330,s0.524011797970502,s305.657825583221438
166_102,s-1.459730544499311,s-0.077629265401973,s305.644195585613033
166_103,s-2.656750306876837,s0.119251177675074,s125.622583729931705
166_104,s0.426965357210053,s-2.899499422600888,s125.654928711793914
166_105,s1.456470776108514,s-3.500539033824875,s125.630316836663155
166_106,s0.430279888865737,s0.106624586891277,s125.657955323387142
166_107,s0.368500042066765,s3.081784083731981,s126.111210507570263
166_108,s-1.630097104254764,s-1.095060276031979,s125.650737924746579
166_109,s1.459885558100267,s0.107043498034805,s125.657826050961361
166_110,s-3.517360448201404,s-3.684851328811266,s305.629567232721342
166_111,s2.655390797864587,s-3.086287320250589,s305.409639667060901
166_112,s2.439598591243647,s3.081787366618213,s126.108134474637652
166_113,s-1.460304413728728,s-0.678800481864595,s305.639371614414870
166_114,s0.430868135971636,s0.707879236279953,s125.657827345776624
166_115,s-2.659018221036467,s1.323673375490338,s125.623823539652150
166_116,s2.484496454006800,s1.905638208078978,s126.053080608353383
166_117,s-0.619277412760117,s1.900424026370399,s126.181140487202924
166_118,s3.517359440827002,s-0.506795886960468,s125.533361408249206
166_119,s-2.660064005669887,s-2.889913863707553,s125.653968766940253
166_120,s1.457722280600662,s-1.696886129368098,s125.652544470202955
166_121,s-1.462463231291594,s-3.684851564888374,s305.629355682229516
166_122,s-0.432183339280068,s-1.881338386239902,s305.653938731318021
166_123,s1.449555603741035,s1.905701906394523,s126.093241967730606
166_124,s2.488076181712656,s-1.095708479598884,s125.644546558173488
166_125,s-0.429491099192842,s0.523515680374503,s305.674227233223462
166_126,s-3.517374237744692,s-1.266222525174540,s305.650738522782206
166_127,s-1.633827791220472,s1.309722929435473,s125.623823865318755
166_128,s0.598187797547060,s-1.279820290754336,s305.651940704034018
166_129,s-1.462453038471496,s-2.482741435898285,s305.653971428878833
166_130,s-0.432823125961532,s-2.482526715233845,s305.654928850563238
166_131,s0.391706415127697,s2.493691397174883,s126.170074207325726
166_132,s3.517298749710343,s-1.707982573194174,s125.438726096129528
166_133,s-0.602713468336594,s-2.899737530971882,s125.653971661117680
166_134,s0.539339098969879,s2.899262774307164,s306.111212562156254
166_135,s-3.517376323534629,s-1.868391912273745,s305.653939386696550
166_136,s0.598977716807796,s-0.678543594993188,s305.652298720841941
166_137,s2.489680702312974,s0.106569596758733,s125.612060539306981
166_138,s-3.517355904142919,s-0.064103434545021,s305.622583761036481
166_139,s-2.489647190245004,s-0.076554942980881,s305.605397519634096
166_140,s2.656012502257470,s-1.288498086445840,s305.467787208635968
166_141,s2.655696053771356,s-1.887969045194887,s305.438725665120046
166_142,s-2.491902011319890,s-3.684851566011669,s305.629353951769417
166_143,s1.456619447404124,s-2.899203581152602,s125.654928586717318
166_144,s-2.745043124961934,s2.626218537742867,s125.613815741970356
166_145,s-0.600014076282209,s-0.494813304669995,s125.639371626674773
166_146,s2.486325845376526,s-2.899030493961658,s125.651354361826080
166_147,s1.629269795955194,s-0.077116320268723,s305.621053639105753
166_148,s3.516668457320108,s1.904294967393882,s126.011136268543567
166_149,s-1.702738331181279,s3.085155290862457,s123.323136251990789
166_150,s-0.431187733178687,s1.123669759490184,s305.896359424288846
166_151,s1.630953664652530,s1.125703551042653,s305.559222531216164
166_152,s0.599669783500072,s-0.077242947111472,s305.657826271344788
166_153,s-3.517356713223420,s1.137005904773426,s305.623823566992655
166_154,s-0.642003102758197,s2.489191078242770,s126.202433193805362
166_155,s0.596345454525768,s-3.083375423279691,s305.654928578862268
166_156,s2.655504711412542,s-2.487198802330866,s305.419573824271879
166_157,s-0.667090030015968,s3.081706233715579,s-2753.894732909127015
166_158,s3.517355008456442,s1.302411913696092,s125.526465967610292
166_159,s-0.433335541515313,s-3.083632151251309,s305.654928858488859
166_160,s-2.492686646106368,s1.123812899892409,s305.623823767238036
166_161,s-2.525568615983093,s1.731166679880564,s305.623827234739281
166_162,s-0.602215156887745,s-3.500890827993894,s125.630253559246185
166_163,s-2.687790761303610,s1.953175973933957,s125.623824004795424
166_164,s1.626001874101159,s-3.083092700117708,s305.651354350947940
166_165,s1.460793526395860,s1.310064649885364,s125.840887330158182
167_0,s1.597747210404120,s2.311197724779093,s306.005730436070394
167_1,s1.625704902779344,s-3.684850417493330,s305.556739931201207
167_2,s-0.431437434458452,s-1.280088627753530,s305.577091139806896
167_3,s0.429606060823071,s-0.494659820774826,s125.578653661017100
167_4,s-0.598947830225866,s0.707368025738947,s125.591936493370483
167_5,s2.657835087798261,s0.512890611390629,s305.485891417909386
167_6,s-2.489888936225876,s-0.677766259129233,s305.552249147351006
167_7,s2.655192427686798,s-3.685155290862457,s305.286426311752507
167_8,s0.596467610765646,s-3.684850501663106,s305.556665790803038
167_9,s0.596830962164824,s-2.482230870340146,s305.581283436993317
167_10,s3.517280208841955,s-2.907025054736861,s125.335995382592088
167_11,s-0.602188721534632,s-2.298565421209717,s125.580326484522828
167_12,s-2.588205347595550,s2.367084670360716,s305.781499620726720
167_13,s-1.631708672699463,s-2.298206364650226,s125.580323979488341
167_14,s-3.435261610669617,s3.004937883400356,s305.540089975502212
167_15,s-0.495993056106046,s2.897757513692605,s306.082174148668230
167_16,s0.428083529169123,s-1.697166420111463,s125.580293762914494
167_17,s-0.600767996320813,s-1.096005226005271,s125.577092954917489
167_18,s0.562774859600827,s2.310909306195224,s306.006965705721541
167_19,s-0.601537484304686,s-1.697336352140108,s125.580293666574022
167_20,s-1.460969314194357,s-1.280239415273770,s305.577092918205608
167_21,s1.628496272587482,s-0.678543158715444,s305.570131010955549
167_22,s-1.463460706460934,s1.122091573482089,s305.985877088600660
167_23,s-2.490959393162310,s-1.881104770373638,s305.580294288906146
167_24,s-0.432916179280615,s-3.684850540308520,s305.556629444380235
167_25,s0.586593684454844,s1.720664026020992,s306.030410592779788
167_26,s-1.459424657816650,s0.523298680289457,s305.591206376083619
167_27,s2.490700745018472,s0.707436128564680,s125.485888426389508
167_28,s-2.639326139792033,s3.037643744311376,s300.817769581318544
167_29,s0.428816513428617,s-1.095930991780313,s125.577091039888160
167_30,s1.574903966456725,s2.899256791236673,s306.034440377822648
167_31,s3.517317329608191,s-1.107772327807547,s125.394142347909408
167_32,s3.502672247633132,s3.084910623129279,s120.311895099679290
167_33,s0.429867522295902,s1.309210050374330,s125.822714506903523
167_34,s1.404074891204897,s3.081787419218216,s126.034440540476936
167_35,s-1.629500986289466,s-0.494060564333718,s125.552249251911192
167_36,s-2.657096571971814,s-1.082099353089031,s125.577093626227196
167_37,s-3.517357973034160,s-0.664904689964094,s305.552117428323413
167_38,s1.458426802980310,s-1.095628470445389,s125.578295755594709
167_39,s-3.517356712359373,s1.741375283491169,s305.550178947313555
167_40,s1.427005861878824,s2.493814591151185,s126.006699980641457
167_41,s-2.660332607634979,s-3.496217662290517,s125.555922099608466
167_42,s-2.489605787673510,s0.524111270555626,s305.551426339243676
167_43,s1.627768241362921,s-1.279723594500751,s305.570902031186733
167_44,s-3.517350206828328,s2.377153753170111,s305.540170481226312
167_45,s-0.448134447171299,s1.718097121102527,s306.128511945376488
167_46,s3.517248736977146,s-3.506656588560764,s125.286426617588376
167_47,s-3.517356710499628,s0.536479799582485,s305.550179232933203
167_48,s0.427202491361842,s-3.500707585547568,s125.556632764799716
167_49,s3.517286535841928,s-2.307674912785474,s125.345929006547635
167_50,s1.457118262602088,s-2.298078377304247,s125.581283340930426
167_51,s-2.492528677825963,s-3.083748103622907,s305.580323730753264
167_52,s2.486820183766762,s-2.297963236311894,s125.577415071719088
167_53,s2.654526875178468,s1.719124426198477,s305.937494960508843
167_54,s-1.529863222320162,s2.892497366891441,s306.128788162806245
167_55,s0.597461085001444,s-1.881051938454585,s305.578900109594599
167_56,s-2.656717059967176,s0.719797697164500,s125.550179186338070
167_57,s-1.632299866331451,s-2.899520488785677,s125.580324067635559
167_58,s2.633586788065680,s2.310930615409689,s306.079787060321223
167_59,s-2.658875991333876,s-2.285654909265810,s125.580324167420770
167_60,s3.497524905702035,s2.495052832935905,s126.081831159890058
167_61,s-1.654318924130010,s1.899092690223202,s125.553173726227129
167_62,s-2.490214848422202,s-1.279415989562478,s305.577092814884850
167_63,s-2.491896470174708,s-2.482493609149476,s305.580324019780562
167_64,s2.491905157326352,s1.308142318624492,s125.450920692466454
167_65,s0.599884795392468,s1.124887743929033,s305.767240721641485
167_66,s-0.599363975699852,s0.106296967036754,s125.570551773231443
167_67,s-1.463009451624587,s-3.083867513071200,s305.580326475453148
167_68,s2.656957561812015,s-0.088391100260833,s305.485893673832948
167_69,s1.620350857982227,s1.722901868900567,s305.979436514143174
167_70,s-1.461783982245626,s-1.881537938279384,s305.580293880799786
167_71,s-1.505916449654620,s2.304554721731046,s306.128787872217231
167_72,s-1.677438848750284,s2.486872614525163,s126.128788181719756
167_73,s-1.482760635587230,s1.714732845308439,s306.139778466348048
167_74,s-1.631739391999795,s-3.500782136907077,s125.555709116507231
167_75,s-2.656866019575765,s-0.481351730186150,s125.552117255591767
167_76,s2.487395308214757,s-1.696860665043445,s125.574496541960201
167_77,s1.459180592729291,s-0.494295540460816,s125.578653584881181
167_78,s-2.657756306878973,s-1.683279436625982,s125.580294237912796
167_79,s-0.430657184282875,s-0.678832383864367,s305.576918492158882
167_80,s3.517376339938609,s0.697144743049085,s125.485891285047927
167_81,s2.656395922717980,s-0.688702857884583,s305.459715830397727
167_82,s1.629931414810488,s0.524237825818365,s305.528052232201162
167_83,s-0.470873505658203,s2.306940982590741,s306.128513068217615
167_84,s2.488804470918087,s-0.494536397704445,s125.570130419381115
167_85,s1.626492041660757,s-2.482016352211463,s305.577416048420616
167_86,s1.460640416369575,s0.708298697405404,s125.549816357173924
167_87,s2.485659190239873,s-3.500205145227360,s125.571771606098508
167_88,s1.627076821544769,s-1.880897618136058,s305.574496681222968
167_89,s-1.628862535896282,s0.707291324751375,s125.551427607984976
167_90,s0.427450867042991,s-2.298354866495479,s125.581283515803023
167_91,s-3.517376343370972,s-3.078381937442821,s305.580323839626146
167_92,s-3.517376342014716,s-2.472395651640512,s305.580324156261611
167_93,s-1.630955755402104,s-1.696550069988330,s125.580294323520661
167_94,s-0.601722962889585,s1.308344027617235,s125.985877411759375
167_95,s3.517376343370972,s0.094582638638477,s125.485893586350457
167_96,s2.462386759798038,s2.493777336683024,s125.964925301695672
167_97,s2.610610949716739,s2.899224637431290,s306.081832735383671
167_98,s-0.429965196744193,s-0.077620582268764,s305.584309797009723
167_99,s0.415397995518827,s1.903273226320199,s126.128512975842682
167_100,s-1.629059482391097,s0.106664131419239,s125.529421884081614
167_101,s2.659425014677101,s1.116144810426169,s305.452820961874977
167_102,s0.600257537732330,s0.524011797970502,s305.584180566765781
167_103,s-1.459730544499311,s-0.077629265401973,s305.570550569157376
167_104,s-2.656750306876837,s0.119251177675074,s125.548938713476062
167_105,s0.426965357210053,s-2.899499422600888,s125.581283695338271
167_106,s1.456470776108514,s-3.500539033824875,s125.556671820207512
167_107,s0.430279888865737,s0.106624586891277,s125.584310306931499
167_108,s0.368500042066765,s3.081784083731981,s126.037565491114620
167_109,s-1.630097104254764,s-1.095060276031979,s125.577092908290936
167_110,s1.459885558100267,s0.107043498034805,s125.584181034505718
167_111,s-3.517360448201404,s-3.684851328811266,s305.555922216265685
167_112,s2.655390797864587,s-3.086287320250589,s305.335994650605244
167_113,s2.439598591243647,s3.081787366618213,s126.034489458182009
167_114,s-1.460304413728728,s-0.678800481864595,s305.565726597959213
167_115,s0.430868135971636,s0.707879236279953,s125.584182329320981
167_116,s-2.659018221036467,s1.323673375490338,s125.550178523196507
167_117,s2.484496454006800,s1.905638208078978,s125.979435591897740
167_118,s-0.619277412760117,s1.900424026370399,s126.107495470747281
167_119,s3.517359440827002,s-0.506795886960468,s125.459716391793563
167_120,s-2.660064005669887,s-2.889913863707553,s125.580323750484609
167_121,s1.457722280600662,s-1.696886129368098,s125.578899453747312
167_122,s-1.462463231291594,s-3.684851564888374,s305.555710665773859
167_123,s-0.432183339280068,s-1.881338386239902,s305.580293714862364
167_124,s1.449555603741035,s1.905701906394523,s126.019596951274963
167_125,s2.488076181712656,s-1.095708479598884,s125.570901541717845
167_126,s-0.429491099192842,s0.523515680374503,s305.600582216767805
167_127,s-3.517374237744692,s-1.266222525174540,s305.577093506326548
167_128,s-1.633827791220472,s1.309722929435473,s125.550178848863112
167_129,s0.598187797547060,s-1.279820290754336,s305.578295687578361
167_130,s-1.462453038471496,s-2.482741435898285,s305.580326412423176
167_131,s-0.432823125961532,s-2.482526715233845,s305.581283834107580
167_132,s0.391706415127697,s2.493691397174883,s126.096429190870083
167_133,s3.517298749710343,s-1.707982573194174,s125.365081079673885
167_134,s-0.602713468336594,s-2.899737530971882,s125.580326644662037
167_135,s0.539339098969879,s2.899262774307164,s306.037567545700597
167_136,s-3.517376323534629,s-1.868391912273745,s305.580294370240892
167_137,s0.598977716807796,s-0.678543594993188,s305.578653704386284
167_138,s2.489680702312974,s0.106569596758733,s125.538415522851338
167_139,s-3.517355904142919,s-0.064103434545021,s305.548938744580823
167_140,s-2.489647190245004,s-0.076554942980881,s305.531752503178438
167_141,s2.656012502257470,s-1.288498086445840,s305.394142192180311
167_142,s2.655696053771356,s-1.887969045194887,s305.365080648664389
167_143,s-2.491902011319890,s-3.684851566011669,s305.555708935313760
167_144,s1.456619447404124,s-2.899203581152602,s125.581283570261675
167_145,s-2.745043124961934,s2.626218537742867,s125.540170725514713
167_146,s-0.600014076282209,s-0.494813304669995,s125.565726610219130
167_147,s2.486325845376526,s-2.899030493961658,s125.577709345370437
167_148,s1.629269795955194,s-0.077116320268723,s305.547408622650096
167_149,s3.516668457320108,s1.904294967393882,s125.937491252087923
167_150,s-1.702738331181279,s3.085155290862457,s123.249491235535146
167_151,s-0.431187733178687,s1.123669759490184,s305.822714407833189
167_152,s1.630953664652530,s1.125703551042653,s305.485577514760507
167_153,s0.599669783500072,s-0.077242947111472,s305.584181254889131
167_154,s-3.517356713223420,s1.137005904773426,s305.550178550536998
167_155,s-0.642003102758197,s2.489191078242770,s126.128788177349719
167_156,s0.596345454525768,s-3.083375423279691,s305.581283562406611
167_157,s2.655504711412542,s-2.487198802330866,s305.345928807816222
167_158,s-0.667090030015968,s3.081706233715579,s-2753.968377925582899
167_159,s3.517355008456442,s1.302411913696092,s125.452820951154649
167_160,s-0.433335541515313,s-3.083632151251309,s305.581283842033201
167_161,s-2.492686646106368,s1.123812899892409,s305.550178750782379
167_162,s-2.525568615983093,s1.731166679880564,s305.550182218283624
167_163,s-0.602215156887745,s-3.500890827993894,s125.556608542790542
167_164,s-2.687790761303610,s1.953175973933957,s125.550178988339781
167_165,s1.626001874101159,s-3.083092700117708,s305.577709334492283
167_166,s1.460793526395860,s1.310064649885364,s125.767242313702539
168_0,s-2.662721698598290,s1.292198411963998,s125.860509870233642
168_1,s1.456530928781760,s1.892414729552702,s125.863177892037754
168_2,s0.599147003979714,s-0.091874876235801,s305.862276955510993
168_3,s-1.627289361168112,s-1.708514551355916,s125.860510218946132
168_4,s3.518123379317073,s1.292095868218704,s125.844580050567430
168_5,s-2.661621754820547,s0.692084979865708,s125.857993305760701
168_6,s1.628159259233350,s0.508315684319476,s305.862321803940063
168_7,s-0.593788152376230,s-3.508841962757025,s125.862633389086923
168_8,s-1.634877760961717,s2.492425336593524,s125.863123414609035
168_9,s2.663644496122826,s-2.492391285616691,s305.864213150286446
168_10,s-1.461018648825308,s-0.091898033273915,s305.860800783991579
168_11,s3.522116787909386,s-1.108360277725937,s125.857580431444674
168_12,s0.598078803827155,s0.508279829989334,s305.863340257773018
168_13,s0.603443455781356,s-2.492468093791243,s305.863465624150251
168_14,s1.635846655910544,s-3.692661005086787,s305.862523926200936
168_15,s1.465262994339177,s-2.908730573596142,s125.864021685188931
168_16,s2.495381021155542,s-2.908673685688606,s125.867329206717201
168_17,s1.634714042488033,s-3.092546121556651,s305.865118308145441
168_18,s-1.625042201306254,s-2.908733418832147,s125.861151307871779
168_19,s-1.466490807764481,s2.908789824597685,s305.859673701233248
168_20,s-3.521398249039383,s-0.091721790571015,s305.847327108344189
168_21,s0.433998261036981,s-2.308649563867583,s125.862877406177986
168_22,s0.436308401916540,s-3.508841989213970,s125.862600766314870
168_23,s-0.599318358245925,s-0.508224963558145,s125.860677698899281
168_24,s-2.658455256436172,s-1.108294384446709,s125.849325396618440
168_25,s0.596991231304109,s1.108431011694157,s305.863984864473082
168_26,s3.516015251399375,s2.492167573804609,s125.837213853397813
168_27,s-0.432006481932639,s0.508249213528829,s305.862292435423512
168_28,s1.458718103620784,s0.692135566379096,s125.862297553691192
168_29,s-2.659490404432350,s-0.508164732731297,s125.855857622629784
168_30,s0.605750438512221,s-3.692660921596651,s305.862598936395784
168_31,s1.464102965645663,s-2.308625435964380,s125.864747464548785
168_32,s3.525514826444010,s-2.908634032908339,s125.864302819818334
168_33,s-1.462092081213707,s0.508241370573206,s305.861653808633548
168_34,s2.665932502243423,s-3.692665828064571,s305.858175579744682
168_35,s-0.605882535413439,s3.092646792174722,s125.859661250467170
168_36,s1.462978547147874,s-1.708495064292981,s125.863867204212951
168_37,s-3.516536961580542,s2.918881410089603,s305.849948244451127
168_38,s0.432886365467770,s-1.708522969307679,s125.862287354973844
168_39,s-1.459960326500072,s-0.692043973181641,s305.860381185202243
168_40,s-2.490056067442249,s-0.692019301384086,s305.858758827926181
168_41,s-2.655313449562112,s-2.908605613076396,s125.851371098698067
168_42,s1.457639243458394,s1.292284123208032,s125.862944679599508
168_43,s-1.630455054551204,s0.091927003051173,s125.860587462127242
168_44,s-2.665943849447800,s3.092658172523660,s125.849947429458652
168_45,s0.427544582518236,s1.292246475315749,s125.863975733008388
168_46,s-2.656331602083038,s-2.308487371173529,s125.850574614916653
168_47,s-1.454447869232209,s-3.692660315416846,s305.862152519630285
168_48,s2.661422515796834,s-1.292138799652573,s305.860584306853468
168_49,s-0.435334884252537,s2.308647098162916,s305.864415487938459
168_50,s-1.457853626804606,s-1.892340418603828,s305.860566768571971
168_51,s2.664840554533866,s-3.092481659040849,s305.866596143461379
168_52,s-0.597205318618829,s-1.708523652863683,s125.861150696554915
168_53,s1.623730996404545,s2.908820338250139,s305.861311041876490
168_54,s-0.427767898636973,s-1.892347054943200,s305.861099913628607
168_55,s0.601256336341593,s-1.292193646685950,s305.861830582163691
168_56,s2.658262716009033,s0.508303999608004,s305.857874731206266
168_57,s-3.517482187879398,s-2.492106697720678,s305.843161215829525
168_58,s2.485513672549689,s2.492523003751165,s125.862676058906771
168_59,s0.602327395952112,s-1.892342825718189,s305.862286784750268
168_60,s3.519108157679280,s0.692003134767586,s125.848133912649516
168_61,s-2.487966014375513,s-1.892301040455570,s305.857621201199379
168_62,s0.426432514313544,s1.892382136377956,s125.864262762033206
168_63,s3.520594631979661,s3.092298339664803,s124.862958577165813
168_64,s1.627083244306655,s1.108463594536753,s305.862717138043479
168_65,s-3.520400595778587,s-0.691830267732492,s305.846203356406875
168_66,s-0.601447935788272,s0.692070807763365,s125.861974684292562
168_67,s-3.522382634472532,s0.508390184280858,s305.850051517677912
168_68,s-1.628343433708418,s-1.108366428221210,s125.860106661639051
168_69,s3.517017955543146,s1.892082808887193,s125.840594704170613
168_70,s-1.626197086991735,s-2.308642110037370,s125.862396469246050
168_71,s-2.663840935174810,s1.892308319285460,s125.861612172142742
168_72,s2.659317079536521,s-0.091839120869670,s305.859403084725272
168_73,s1.455406210347910,s2.492530527124412,s125.862352009001100
168_74,s-1.629395366065906,s-0.508218040165389,s125.860265668885347
168_75,s-2.492184466672577,s0.508250422761988,s305.860536319014784
168_76,s-2.486889916613081,s-2.492428421082464,s305.859928043379227
168_77,s-0.596099974209386,s-2.308651649132834,s125.862787055383436
168_78,s-0.603657502579134,s1.892334103838028,s125.863462689449250
168_79,s-3.524566205336118,s1.708542964175441,s305.856517600507914
168_80,s-1.632630571856780,s1.292191689781138,s125.861986320038469
168_81,s1.459777470063551,s0.091977101657380,s125.862318209356800
168_82,s0.431816764367681,s-1.108372441336810,s125.861831565812395
168_83,s2.653944950084383,s2.908750259991485,s305.840021393120480
168_84,s-0.426656752605683,s-2.492470307639263,s305.862876908129635
168_85,s1.460833462557627,s-0.508183685434187,s125.862299385388994
168_86,s-2.493282001456737,s1.108372446810290,s305.861634131880464
168_87,s2.494194426974622,s-2.308576592644644,s125.864953464492018
168_88,s-2.485732204248810,s-3.092532003216951,s305.861633870568255
168_89,s-1.455598197857253,s-3.092564703942817,s305.862646876494694
168_90,s1.454292455160888,s3.092645499207727,s125.861171938828733
168_91,s0.594752576450157,s2.308690498338869,s305.863628950526675
168_92,s-0.594941994864942,s-2.908745520194143,s125.862791643450137
168_93,s2.489872162319286,s0.091992145383541,s125.860617424114920
168_94,s-1.456755347837985,s-2.492471017820266,s305.862784981221296
168_95,s-0.429881878531878,s-0.692049690705062,s305.860836439566583
168_96,s2.662510271404163,s-1.892274460812438,s305.862358059699943
168_97,s-0.430937504493113,s-0.091898253577453,s305.861444854033721
168_98,s-0.434209898385114,s1.708517194852132,s305.864140919942997
168_99,s2.654961877013648,s2.308598322590689,s305.849868080519059
168_100,s0.430761665349976,s-0.508214038161317,s125.861950328592982
168_101,s2.656101864669768,s1.708556128171510,s305.853953746193440
168_102,s2.493065875929048,s-1.708454221247912,s125.863170054876122
168_103,s2.491982106042111,s-1.108313002434077,s125.861805918104253
168_104,s-2.484632171939364,s-3.692658425270330,s305.854541286672259
168_105,s-3.519332022629738,s-1.291792704202691,s305.830682593416327
168_106,s0.593634656022691,s2.908821117228653,s305.862427321432847
168_107,s3.524323183499481,s-2.308568535843902,s125.861111181366724
168_108,s-0.602542640901220,s1.292206929630384,s125.862848488756782
168_109,s-2.654244696919007,s-3.508746314617344,s125.882197784090863
168_110,s-1.465432744813250,s2.308607715244396,s305.863461431016049
168_111,s2.660364081396428,s-0.691995410079527,s305.857938456141937
168_112,s-0.433096651488877,s1.108387947282614,s305.863143343463946
168_113,s2.486650213656865,s1.892413718325034,s125.862102122166164
168_114,s-2.660543706667092,s0.091962682759746,s125.856892195321350
168_115,s2.496488868038725,s-3.508825331133529,s125.862523883275301
168_116,s-1.631531352631888,s0.692064633232733,s125.861235037407880
168_117,s0.604600755484120,s-3.092562727800431,s305.862599116372223
168_118,s-1.458909143798082,s-1.292192821482460,s305.860153679134669
168_119,s-2.496514305531235,s2.908796639213453,s305.857226290710457
168_120,s2.484561614188329,s3.092665828064572,s125.833249847847540
168_121,s0.435157053389660,s-2.908743483905849,s125.862877346089050
168_122,s0.595880569912397,s1.708566065723119,s305.863914543837780
168_123,s1.631337314395440,s-1.292162163870492,s305.862759014107894
168_124,s-0.600376027685226,s0.091925191167885,s125.861144919694098
168_125,s-1.463188868254006,s1.108370644765915,s305.862411088483782
168_126,s-0.424345923447356,s-3.692660916089816,s305.862603541421322
168_127,s1.461894716856087,s-1.108343615222608,s125.862738287356976
168_128,s-0.436442818781324,s2.908797204187419,s305.862428046730315
168_129,s-3.516693906693565,s-3.092697710343919,s305.877084610822124
168_130,s1.624856345922332,s2.308703579625349,s305.862098510821056
168_131,s0.600201975781647,s-0.692034960877409,s305.862037105881711
168_132,s0.424193261398746,s3.092642697005328,s125.862354915776194
168_133,s3.516536961580542,s-3.518820344459801,s125.858175706281486
168_134,s1.630274791083786,s-0.692003604369452,s305.862329426567385
168_135,s1.629218679813303,s-0.091842930300344,s305.862292163466122
168_136,s1.466404577134457,s-3.508841799343789,s125.862599086806256
168_137,s-0.598266770392873,s-1.108376447230933,s125.860468259701619
168_138,s-2.495530529195935,s2.308594883227591,s305.862569437646926
168_139,s-1.623897755928514,s-3.508837346255829,s125.862409909822432
168_140,s3.520081070404881,s0.091869804832734,s125.849185764214027
168_141,s-0.428831576772060,s-1.292201678786224,s305.860468352885391
168_142,s2.490924320650319,s-0.508160070317345,s125.861146231835306
168_143,s-1.464304706629319,s1.708491634427799,s305.862849817802896
168_144,s2.487749646018186,s1.292281676633311,s125.860888433577827
168_145,s-3.525683461074016,s2.308624201017119,s305.858741629338624
168_146,s1.633552695582784,s-2.492438163527456,s305.864955433276634
168_147,s-2.664981010239538,s2.492415494042102,s125.863417572919218
168_148,s1.625976253356466,s1.708591005472777,s305.861456572799739
168_149,s-0.604783424755294,s2.492462701170381,s125.864458679039771
168_150,s-3.522632119689302,s-3.691227229329108,s304.584362401114049
168_151,s0.425304371755362,s2.492508478945393,s125.864321173193460
168_152,s3.523209714375911,s-1.708465832786788,s125.859234937680910
168_153,s-0.425498394494916,s-3.092564129821222,s305.862801363649510
168_154,s0.429705542422750,s0.091945466057414,s125.862240817768253
168_155,s-2.489009083696660,s-1.292162478239918,s305.858468440630702
168_156,s-3.518460628074521,s-1.891960296217117,s305.840478230470751
168_157,s-1.633747804883098,s1.892310867408600,s125.862569604463673
168_158,s2.488827583864255,s0.692147153347270,s125.860292866510690
168_159,s-2.494400309151484,s1.708486138231754,s305.862068140160545
168_160,s-3.523458680755305,s1.108469233936457,s305.853605132776693
168_161,s-2.657433872284984,s-1.708420897001712,s125.853585991640159
168_162,s3.521068278716062,s-0.508252637772732,s125.852900649718819
168_163,s-1.635920990864349,s3.092649593089554,s125.857222106286656
168_164,s-2.491108720221439,s-0.091879097819088,s305.859592416486521
168_165,s0.428633610507533,s0.692098567656917,s125.862980193729925
168_166,s2.657187679959408,s1.108439004185510,s305.857752723675674
168_167,s1.632424653704437,s-1.892310251964170,s305.863867020008627
169_0,s2.831451351885454,s0.776675340680103,s253.802141222581952
169_1,s-0.076043926731299,s1.131318638890875,s74.688639843451114
169_2,s0.953858465915620,s-3.765193132465527,s254.007346919234294
169_3,s-1.799267845442786,s0.361203766898806,s254.646628789812240
169_4,s-2.844627726941518,s0.684004730489414,s74.445537660020506
169_5,s-1.888820502954367,s2.668704528647952,s70.766120704237807
169_6,s3.592914050024775,s-1.125958587606824,s73.802140947734728
169_7,s0.802762210629162,s-3.565848796316915,s74.050778589029889
169_8,s-0.091648231670861,s0.480725539486557,s74.659720151246063
169_9,s0.867073190836176,s1.117662580841020,s74.688639844602847
169_10,s1.017018763281596,s-2.518869401456955,s254.586676045204655
169_11,s3.592914050093547,s1.702132105055928,s73.802141218609819
169_12,s-0.070501822690024,s1.816240027131780,s74.738806815202608
169_13,s2.714233920343759,s2.477832578605486,s74.612454446094802
169_14,s1.792123330970352,s0.413750672574722,s74.593963768189340
169_15,s-2.846120408790297,s-1.359279597611687,s74.438475283450956
169_16,s-3.589338101045791,s-2.304943734577418,s254.346448260921733
169_17,s0.844373898987673,s-0.888673116640811,s74.629807902438941
169_18,s-1.783229609196725,s-0.328211988028202,s254.639725287314064
169_19,s2.676191764567412,s-2.415372461207753,s72.758740122252675
169_20,s-0.086548561996169,s3.168365936336228,s74.978636320802252
169_21,s0.861671634400087,s-1.577257063195354,s74.590825298980064
169_22,s1.777325581230341,s3.168818110338975,s74.695638386997217
169_23,s3.592914050097176,s2.437100964575782,s73.802141218006426
169_24,s1.926870708647274,s-0.519791998005824,s253.802141221750418
169_25,s-2.842649629376199,s-2.090476634186987,s74.357270838664547
169_26,s-1.976624687323516,s3.175942564698142,s250.766120704535297
169_27,s1.799680801428685,s1.097928816731600,s74.593963773061958
169_28,s1.930641075576088,s2.971348215926286,s254.695638386843370
169_29,s-0.894246678012959,s-2.363934044975915,s254.467476986308384
169_30,s-0.084774119287000,s-2.196488940162876,s74.549868215134893
169_31,s3.093965437101742,s-3.725437827028379,s242.859753166687142
169_32,s-0.882102136136939,s0.297387770879456,s254.659720151211104
169_33,s-2.727798721735206,s1.825767235225506,s254.211820827989015
169_34,s2.810946059783860,s-1.998262841598507,s253.752547418882642
169_35,s-2.796818979615219,s3.171381244625842,s286.820885384639894
169_36,s2.821179450769603,s-3.775942543745259,s68.526100736773515
169_37,s-2.696509292829254,s-3.764826528420389,s254.226633550636990
169_38,s-0.119736976472016,s-2.862556395879746,s74.269686051586703
169_39,s-0.865422503768394,s2.306478566131454,s254.904860828319272
169_40,s1.962239724158136,s-3.220443725576161,s253.980669911749033
169_41,s0.864028134934922,s0.440913364152469,s74.659721726492663
169_42,s0.984289785932503,s-1.134417626484545,s254.593668063573688
169_43,s-1.010220263970591,s-0.131480572960154,s74.639735815100636
169_44,s1.928143400030147,s-2.612510722513070,s252.758740122254693
169_45,s2.823205684192668,s-0.620417141137497,s253.802141222263003
169_46,s2.693937363826457,s-1.026029855177767,s73.802140947549574
169_47,s-2.844015761625406,s1.413851339430036,s74.389690350210586
169_48,s-1.045729320165529,s-2.162094321587937,s74.467476986289697
169_49,s-1.019467790958734,s0.552709291173471,s74.646628790545108
169_50,s1.778494346294085,s-0.954759457056356,s74.593668063360909
169_51,s0.080529519657140,s-1.767098965234835,s254.590825298697467
169_52,s0.858811234735779,s-2.916093969290039,s74.079453032956593
169_53,s-0.852055451825844,s1.625007949699799,s254.712955996439064
169_54,s2.805430023659928,s-2.676651749578377,s252.081063469175405
169_55,s-1.002955795745104,s-0.822540072006935,s74.588039328967071
169_56,s3.592914050102898,s0.267356412462748,s73.802141222327236
169_57,s-2.735414535679771,s-0.215066523667962,s254.511122777346912
169_58,s2.847875243299225,s1.491971384667370,s253.802141222137294
169_59,s2.818899702314140,s-1.312807610818284,s253.802140947514602
169_60,s-1.916057412314208,s-0.056078700321374,s74.511122777850503
169_61,s0.089670617993944,s2.286206932822728,s254.904860828585640
169_62,s2.852644601364140,s2.223103152222959,s253.802141218367638
169_63,s-1.936674480587623,s-3.561998578628423,s74.236111234066385
169_64,s0.040934358639390,s-3.765120132784734,s254.050778585190500
169_65,s-0.896545909821610,s0.971072217649901,s254.688639843416638
169_66,s-0.064081749083057,s2.484165559634489,s74.904860828649944
169_67,s-1.006394003377238,s2.570603457757777,s70.766120695416063
169_68,s-1.816844699792916,s1.044262857468052,s254.646628790879276
169_69,s-2.843857130349249,s-3.550722006989548,s74.226642013187316
169_70,s-1.786110433701926,s-3.764810800667378,s254.236111078795005
169_71,s-0.907572607026857,s-1.707002703944078,s254.590788465946531
169_72,s-1.033891263518413,s-2.863099446278888,s74.357065514760464
169_73,s-1.945562622225539,s-2.855355867075305,s74.357065925801692
169_74,s1.949113205998444,s0.883538450101566,s253.802141222196610
169_75,s-3.135592626691306,s3.063914163934192,s56.419179464261234
169_76,s1.935341913533331,s0.176810446977900,s253.802141222195331
169_77,s-3.589367695179391,s-0.845003081741874,s254.438475283434599
169_78,s1.803739766862079,s-3.018880374846574,s74.006142920455488
169_79,s-0.070168568568671,s-1.561163839237233,s74.590788465952016
169_80,s-2.716312999128581,s2.549808244762617,s251.609438993839660
169_81,s0.077174899095865,s0.933565038473629,s254.688639844612567
169_82,s-3.589369988985004,s0.467150263163343,s254.445537660834788
169_83,s0.061496084013986,s-2.418622575275524,s254.586676041341519
169_84,s-0.864869451400300,s2.971686394838694,s255.006233556576433
169_85,s1.795660806091623,s1.790513259874123,s74.722515883600366
169_86,s1.023206624891546,s1.592454984974422,s254.722515883474188
169_87,s1.018779564182032,s2.283541657110650,s254.793869248220659
169_88,s-1.032471318503583,s1.232198746271487,s74.646628790872924
169_89,s2.851337619691496,s2.957353428953178,s253.802141233792213
169_90,s-1.971192840776939,s-0.717320624175258,s74.473758210262076
169_91,s-3.592768929470775,s2.827252987559429,s236.423072278915214
169_92,s0.999752933451860,s2.971615363768227,s254.942177733687600
169_93,s-0.872895293861749,s-0.386609717411396,s254.639763183086473
169_94,s-1.952649758316037,s2.018109590924518,s73.556376579476137
169_95,s-1.834122515015219,s-0.973222938914820,s254.588039328641401
169_96,s2.698907749616229,s-0.331352169060773,s73.802141222147526
169_97,s2.702054156037207,s0.369534236447530,s73.802141222384890
169_98,s-0.993783469700228,s1.870631441853293,s73.556376579418057
169_99,s-0.093000203630417,s-0.195253921437392,s74.639763184176985
169_100,s3.592900080078075,s-1.818352771632545,s73.752547419534352
169_101,s-1.961581485019281,s-1.429020933023616,s74.467474677061361
169_102,s-3.589351937362622,s1.927337235798847,s254.389686808407504
169_103,s-1.796554175730076,s-3.064933079202395,s254.357065514687719
169_104,s0.057883282061438,s0.269817121950183,s254.659721726485770
169_105,s0.865458135831068,s2.483654403246537,s74.904860828620514
169_106,s-2.846917437672417,s2.145449884077586,s74.389686804804427
169_107,s-2.716237827675341,s-1.638393470135365,s254.438507968871221
169_108,s-0.863073321581632,s-1.068433911444048,s254.629809596102632
169_109,s-2.704952835308741,s-3.060093533938701,s254.248924945534412
169_110,s-2.725730324915150,s-0.926783520032830,s254.467474676961103
169_111,s3.592914049903955,s3.170299735858576,s73.802141145713250
169_112,s-1.953616756418786,s-2.141735999244803,s74.438507969096278
169_113,s0.080518837342352,s1.609929666561872,s254.738807848038618
169_114,s2.882349446461311,s-3.193246627730890,s72.081063469120139
169_115,s-1.932067577855690,s0.633576619526459,s74.511122738574969
169_116,s0.861149175034253,s-0.221020273212672,s74.639762284815220
169_117,s2.711273667227784,s1.079924284524945,s73.802141223193544
169_118,s-2.705102292063413,s0.438255973628368,s254.511122738460983
169_119,s1.786687830929348,s-0.271835280137196,s74.593962031725056
169_120,s1.944469430371658,s2.278860313816590,s254.612454446663406
169_121,s-2.849338925219724,s-0.624512724373014,s74.438475283763267
169_122,s0.070154314224287,s-1.084351964115802,s254.629807902452598
169_123,s-1.946925928978403,s1.327131499540113,s74.389690351176554
169_124,s1.916609819041394,s-1.210213311663153,s253.802140946257310
169_125,s1.949131295954740,s1.588869526237599,s253.802141223926924
169_126,s1.000830085778662,s-1.825060207457764,s254.590825298710001
169_127,s-1.049157208643769,s-1.467693289562595,s74.527909387218870
169_128,s1.017414711099492,s0.908931224100664,s254.593963769092113
169_129,s2.684764887290689,s-1.716411279324865,s73.752547418832862
169_130,s-1.023226515309210,s-3.564065124896703,s74.262806608186835
169_131,s0.870918993912984,s1.794202708983722,s74.738807848015767
169_132,s-1.827664338524943,s1.735048363534291,s253.556376579485260
169_133,s0.881203936116794,s-2.258993338427160,s74.586676041603440
169_134,s-0.871992962803305,s-3.764766534385764,s254.262806610188136
169_135,s-1.019253154022337,s3.168322282625944,s75.006233556293495
169_136,s-0.110244488474230,s-3.563153779855775,s74.266394563643829
169_137,s1.003040400325041,s-0.459752626130318,s254.593962031749641
169_138,s-3.589300340394610,s-3.764826397444550,s254.226641950034690
169_139,s1.011792818412454,s0.223239431314893,s254.593963768197000
169_140,s-0.882224924112618,s-3.063607944583056,s254.269686044697181
169_141,s-2.845191724934868,s-2.820546573430412,s74.248924953709093
169_142,s3.584797406667783,s-3.444143591869245,s50.823477935054640
169_143,s-1.819640940536716,s-1.665348460365897,s254.476507463883053
169_144,s-1.808131476054774,s-2.365295451373642,s254.467476986272288
169_145,s0.031666490560085,s-3.063636367062441,s254.079453032876614
169_146,s0.059442957244983,s-0.395347533449700,s254.639762284801748
169_147,s1.772531849179508,s-1.627834986202170,s74.590825298685758
169_148,s-0.080823300104201,s-0.879026866069441,s74.629809596109126
169_149,s1.906324989762286,s-1.899153580795227,s253.752547418916635
169_150,s-2.707964423924430,s-2.351208760738022,s254.357270838094564
169_151,s1.785303072889370,s-2.318970297680752,s74.589998919443076
169_152,s0.845589163236017,s3.168423727298546,s74.942177734610894
169_153,s0.992189476629325,s-3.177969558189031,s254.006142920593504
169_154,s-3.589351938501392,s1.198024526167221,s254.389690350302971
169_155,s3.592914050102952,s-0.430103823066818,s73.802141222361811
169_156,s-3.589307337058380,s-3.035926045478180,s254.248920011163079
169_157,s3.592914050102614,s0.973622546427106,s73.802141222082653
169_158,s0.067740410563276,s2.971655710501463,s254.978636320624616
169_159,s-3.076778282227555,s-0.068035554566427,s114.943636322011599
169_160,s2.824949335138526,s0.075640274760239,s253.802141222459937
169_161,s1.832427778422300,s-3.672779489295378,s74.007346919192528
169_162,s3.592522626859371,s-2.519818052132845,s72.081063469179639
169_163,s-3.589367695104063,s-1.577238925386320,s254.438475052710629
169_164,s1.792100732657533,s2.481696653054604,s74.793869248683208
169_165,s2.722243414671790,s1.776444422826517,s73.802141224476941
169_166,s-1.768497498496121,s2.406449949538031,s250.766120695372877
169_167,s2.704927961233563,s3.170299633363375,s73.802201655496816
169_168,s-2.715723376925830,s1.129786901461902,s254.389690351056856
170_0,s1.424870966911127,s-0.238383411777367,s344.488758524731793
170_1,s3.265575422189007,s0.485878730294835,s164.410890465773974
170_2,s3.470189029210999,s1.601389316683993,s342.737290519628289
170_3,s-2.243218770056545,s-3.895900785873085,s344.117637166075781
170_4,s1.508380959057904,s3.297347373629848,s163.479245175260189
170_5,s-2.455118538298647,s-3.149063473930173,s164.117632661777208
170_6,s2.767930607658099,s-3.030177981471031,s344.261933437754521
170_7,s-2.099252337856060,s1.493591168322418,s164.659000852128656
170_8,s-0.174991036493416,s-1.315776331969612,s164.401511106439159
170_9,s3.268011612655203,s-2.257960442732197,s164.205487035351553
170_10,s2.718572503413200,s-3.895938529972752,s344.240286952219208
170_11,s-2.612356759052646,s-1.166183714535127,s344.957306984239835
170_12,s1.522066111027429,s0.701758419847935,s344.488774038863653
170_13,s1.328149136097545,s1.476273287212156,s164.488774038872691
170_14,s-2.749675439526825,s3.297416627856638,s163.735128595246181
170_15,s-2.589827156241300,s1.642464038271634,s344.464356453741061
170_16,s0.047947137212899,s-1.169504553592416,s344.591745199937577
170_17,s-0.801262861396947,s-0.365565488258320,s164.625866881908337
170_18,s3.241922160898559,s-3.165393520896934,s164.205557559799985
170_19,s-1.390465577788037,s2.412512765925917,s163.735128595286483
170_20,s0.200242847071673,s1.640298535759179,s343.735128595100832
170_21,s0.706969925451712,s2.407515959273775,s163.735128595100122
170_22,s-0.029157644435111,s1.494925043976315,s164.591746204272113
170_23,s-0.250594021492746,s-3.381243287159725,s204.572722033234726
170_24,s2.069777099679847,s-1.214359031742239,s344.415209817530922
170_25,s-1.813618813445530,s2.547510815944598,s343.735128595544381
170_26,s2.774712891533555,s0.622832597500627,s344.410393066288520
170_27,s0.517083697990392,s-1.316498885819342,s164.359217916820626
170_28,s2.567109283244319,s-0.439393813005243,s164.410892918296099
170_29,s-0.144559465425096,s-0.391756663941306,s164.591745200785311
170_30,s0.108536862258620,s3.297416627866129,s163.735128595044955
170_31,s-3.478793576538164,s3.297416627846806,s163.735128594427948
170_32,s-2.326712943018095,s-2.254176029946377,s163.564206933324414
170_33,s-1.216006280989996,s0.714835275894919,s344.658993068786629
170_34,s-2.137555495041847,s-3.031464363468679,s344.106047637402696
170_35,s-1.358290182059991,s-2.117965109450806,s344.435139662707229
170_36,s2.067243572291242,s-0.299502288740547,s344.410891453821250
170_37,s2.058370086756114,s-3.023887939485819,s344.261933437929315
170_38,s1.406853356058975,s2.411566877887771,s163.778047849667217
170_39,s-3.279934529794768,s1.627802551875533,s344.887363821265581
170_40,s-2.859247021293250,s-3.017716347406262,s341.540431347539823
170_41,s-3.484281074907284,s-2.278290970104339,s340.786459542483328
170_42,s0.617616750965819,s-3.032680256299812,s344.273775372939326
170_43,s1.163076116689161,s-1.376468119926172,s164.359216861681546
170_44,s0.657720367961172,s1.501110004296740,s164.569182358472176
170_45,s1.034949208329347,s-3.150268375888627,s164.261938061298622
170_46,s-0.261835640865321,s-2.218493931318046,s164.340606943448080
170_47,s3.146640625557560,s3.292733333338252,s141.846327157343978
170_48,s-2.123354910845562,s-0.367051397321532,s164.793165757363482
170_49,s2.104512104636282,s2.401520262801311,s161.362783441258102
170_50,s0.405733972934205,s-2.283829920807618,s164.273775473048431
170_51,s-0.590738336599485,s3.297416627865824,s163.735128595164610
170_52,s-3.476778382011500,s-0.389190057194127,s164.957789644067333
170_53,s-0.670928915500217,s-2.102366884918248,s344.435139660095729
170_54,s-2.086170709673891,s2.418690923871809,s163.735128596352638
170_55,s-0.553744354188646,s-0.226200658937923,s344.625866883154686
170_56,s-3.268863716587893,s2.552926957228351,s343.735128595488391
170_57,s0.304703979259650,s-3.152363551859131,s164.261938061312492
170_58,s2.564821927825593,s0.473753278522087,s164.410890465972614
170_59,s-1.289136754201172,s-1.193009000076792,s344.671368287484256
170_60,s-2.019180780034930,s3.297416627865689,s163.735128596021582
170_61,s1.864362218628725,s-1.364775786999454,s164.358503112943765
170_62,s-1.728632028211210,s-3.148644233011260,s164.117643139036460
170_63,s0.018838354411450,s-2.089359032218777,s344.359218066866049
170_64,s2.915545395997135,s2.572445490505876,s160.882889151897615
170_65,s-0.498766227933570,s1.639168562372418,s343.735128595214348
170_66,s0.832092441028011,s0.700508818515013,s344.569182358477406
170_67,s-0.732367459670494,s0.569799275040523,s164.625866883155595
170_68,s-0.524261591479316,s0.720047062741109,s344.591919464137391
170_69,s1.867533412414059,s-0.451439105879037,s164.415209817777679
170_70,s1.249223326217419,s-3.895945294151350,s344.261938061375361
170_71,s-1.419264053694985,s0.563155320818313,s164.671374641133781
170_72,s-2.878577255746547,s-1.306834022606767,s160.786459542582463
170_73,s0.728761080455950,s-1.167164206331583,s344.569184879677039
170_74,s-1.198957550044617,s1.645180219186447,s343.735128595343667
170_75,s-3.476806594936076,s0.542474814917319,s164.940004254153905
170_76,s-2.792330687267065,s0.561600030276172,s164.957309029915734
170_77,s0.520636209600281,s-3.895945294152353,s344.261938061296291
170_78,s0.998466597184838,s2.530849957585215,s343.704789637527597
170_79,s0.763524513539123,s-0.236422802524159,s344.569184879040620
170_80,s-2.179541313120854,s-1.293098028985815,s163.564206933194527
170_81,s-3.478793442773503,s2.405836396488909,s163.735206780426296
170_82,s3.267370785145472,s-1.343875480311903,s164.210198725179964
170_83,s-1.933530946845321,s-1.151092743047794,s344.793165757367376
170_84,s2.881554860359986,s1.650386824751870,s340.882889126821453
170_85,s2.390227927951668,s2.516332003476073,s341.381087251645397
170_86,s-1.517065720481484,s-3.895900787688368,s344.117643139030747
170_87,s3.435349115533956,s2.800639779291591,s332.526296301147568
170_88,s-2.715012061728089,s-2.069838627100372,s340.786459542640102
170_89,s-2.592354204914686,s0.715011579236882,s344.914344575478935
170_90,s0.541765459615988,s-0.382690962265755,s164.569184879676243
170_91,s0.299761490860454,s2.529732669205824,s343.735128595075253
170_92,s2.066610241754510,s-2.127048251037017,s344.327965061939949
170_93,s3.465379886003408,s0.639122065456126,s704.274426775925235
170_94,s2.266227899055913,s1.629351428670423,s341.362783441253612
170_95,s-3.280012032205265,s-0.234972666513768,s344.957789641568809
170_96,s2.566859711996014,s-2.267817651972857,s164.261933437947249
170_97,s3.467627848695115,s-0.277981216838936,s344.211326433335955
170_98,s-0.061682638468780,s0.571993361726853,s164.591746203412356
170_99,s-0.721364951911978,s1.491919721198423,s164.591919464136765
170_100,s2.018025377912052,s1.487170610689087,s164.399331727501249
170_101,s3.265798953728869,s1.448592445249496,s164.410393067565906
170_102,s-2.977074153480564,s-2.190306910164058,s160.786459542395278
170_103,s-3.476890289146277,s1.473827135422556,s164.887363827858394
170_104,s3.467629723126776,s-1.192661907239103,s344.210198725046951
170_105,s1.256002139232620,s0.568040905465208,s164.488772953165665
170_106,s0.900938804559062,s1.642509390323557,s343.778012430962633
170_107,s-1.903029784090202,s0.719662694042104,s344.659000851584608
170_108,s-0.398573581044015,s2.530898416636161,s343.735128595032506
170_109,s2.565277137662128,s-1.354459975497966,s164.327958876053714
170_110,s-1.100838222630192,s2.536350806674941,s343.735128595024662
170_111,s-2.102521568121875,s0.566450463871166,s164.793169107849252
170_112,s-3.479774860539249,s-3.098264477537175,s16.828912984566223
170_113,s2.235707726552610,s3.296939913992501,s161.381157292235173
170_114,s0.806658002775123,s3.297408194679582,s163.704789637531121
170_115,s1.576066659500225,s1.615976595290534,s343.778047849648146
170_116,s-2.045245178842235,s-2.128686902673648,s343.564206933198079
170_117,s1.922089871699857,s0.535884886729840,s164.410891453989080
170_118,s-1.297400104606568,s3.297416627865029,s163.735128595013919
170_119,s2.670115109249847,s1.497344342564482,s164.410393066156672
170_120,s-1.446166862648897,s-3.021068993896461,s344.118638178103652
170_121,s-0.104391387550838,s-3.037185726877980,s344.340606943447995
170_122,s-2.538926154059030,s2.553943036221837,s343.735128595130107
170_123,s0.095796456385767,s-0.250542383682829,s344.591746203314756
170_124,s-0.863278006094078,s-1.326599263327116,s164.435139662637795
170_125,s2.768455529421577,s-1.203396028188763,s344.410892918177808
170_126,s-2.593984938608886,s-0.213762575924942,s344.957309029944099
170_127,s-1.441482516329020,s-0.362644733041549,s164.671370715264999
170_128,s-0.689514227970892,s2.407443535389781,s163.735128595228048
170_129,s1.224696594863530,s-0.390388258463032,s164.488265340871976
170_130,s-0.947313415938210,s-2.233123560933347,s164.340606943434750
170_131,s1.700961985011758,s2.534698664694220,s343.479245175229721
170_132,s3.467637556128506,s-2.106580767180816,s344.205487034975476
170_133,s2.768075985062441,s-0.287825289576097,s344.410890466055264
170_134,s1.975119940834386,s-3.895945292699156,s344.261933436302968
170_135,s0.586519066424531,s0.560813993860374,s164.569184879038403
170_136,s-1.408174780041485,s1.493959906061088,s164.658993068687863
170_137,s1.370426110395837,s-1.226282078888821,s344.488265340845658
170_138,s-1.898147622423247,s1.647037087935598,s343.735128596366565
170_139,s1.366110016400301,s-2.137638049218979,s344.359155136500476
170_140,s-0.757879661044881,s-3.011279459895655,s344.340606943439923
170_141,s-1.225738912937237,s-0.214404015602642,s344.671374641133980
170_142,s0.163512315520757,s0.717386016735825,s344.591746203413834
170_143,s-1.542117060892026,s-1.331361745575036,s164.435139662715699
170_144,s-3.280012100293466,s-1.166606922920675,s344.957851188361872
170_145,s3.467637438857829,s-3.895927743392462,s344.205557559217539
170_146,s-1.001106470460384,s-3.151108480614859,s164.117643139325395
170_147,s-3.279992383420566,s0.696631119220210,s344.940004248724904
170_148,s1.847838755835288,s-2.273481523755854,s164.261945746819038
170_149,s1.127081281628180,s-2.278522795166523,s164.273775372819955
170_150,s2.178872617929420,s0.671896425154829,s344.399331727346350
170_151,s3.484279903072522,s2.545356011947740,s155.766785174217176
170_152,s0.664320057127105,s-2.148420395601912,s344.359216861771415
170_153,s-1.637414827921937,s-2.248257264774287,s164.118638178102145
170_154,s-3.136287391323338,s-3.897416353480261,s326.596177854734947
170_155,s-0.787579855651390,s-3.895900787687819,s344.117643139311610
170_156,s-3.476778284440758,s-1.320824524956587,s164.957851188334246
170_157,s-0.637763062248081,s-1.180926551744460,s344.625866880386297
170_158,s3.467637556131466,s-3.021393393918136,s344.205487032613348
170_159,s1.338489637851984,s-3.028017646175547,s344.261945746847402
170_160,s0.007867705726485,s2.406555870842696,s163.735128595100491
170_161,s2.767456107842484,s-2.116436317702601,s344.291229652719949
170_162,s-3.374325400724477,s-3.440961948896557,s146.593528105036683
170_163,s-1.912354412063786,s-0.217148914680907,s344.793169107797553
170_164,s-2.791277559446206,s1.489023320765499,s164.914344575804250
170_165,s-2.785806572369070,s2.414016248096179,s164.464356453510618
170_166,s3.267854497917962,s-0.429335193518964,s164.211326433141039
170_167,s-2.792673040147288,s-0.367462199660443,s164.957306984318279
170_168,s2.495565864991605,s-3.161214086695279,s164.261933436848096
170_169,s1.762421116282204,s-3.148277907026448,s164.261933437798518
171_0,s3.607750916569959,s3.188097247065417,s74.422505129131423
171_1,s3.607750916590337,s1.003180500537861,s74.422505132945545
171_2,s2.833590618328935,s-0.596613094381241,s254.422505132236978
171_3,s2.675354158117992,s-3.013850024087302,s74.458854053333908
171_4,s-0.123662027793807,s-0.137372898884839,s74.561422886424637
171_5,s0.749877310811733,s-2.876298712564623,s74.266205600878180
171_6,s-0.899798743769462,s-0.330808985987756,s254.561422886372952
171_7,s-1.854605722952401,s-1.668425473424760,s254.309519363136815
171_8,s1.870444167154325,s-3.183556881578821,s254.458854052967069
171_9,s2.730230642494337,s1.105762379922881,s74.422505132296479
171_10,s-3.605149580983635,s2.848069593297738,s236.942058540768812
171_11,s-1.997377901137533,s-0.696969826288054,s74.333725003196079
171_12,s-0.850578706701548,s1.656143581221075,s255.070435170111125
171_13,s-1.014299528423619,s3.186985415774175,s75.115316406723252
171_14,s1.822445461011939,s-3.779462140117214,s254.027704741565401
171_15,s-2.869150416949509,s-2.812977485379692,s74.165035960670266
171_16,s3.607750916588670,s0.288662035003665,s74.422505132070839
171_17,s1.671688675603433,s-3.579234648682443,s74.036299091126466
171_18,s-1.975526597885994,s-3.574416651170221,s74.165035378950307
171_19,s-2.755730726924690,s-0.190352305593265,s254.333925592651383
171_20,s0.911232167987577,s-3.779447697373404,s254.036299090041695
171_21,s0.815734498042874,s-0.850365896455963,s74.448078745276675
171_22,s0.052866582938443,s0.295866067236789,s254.681626498498673
171_23,s2.690639217077170,s-0.998059680766048,s74.422505132434736
171_24,s0.959348155099009,s-1.080286575003033,s254.448086917186487
171_25,s-0.152418423284728,s-3.576760045923818,s74.302636773011812
171_26,s-3.607814549913267,s0.494286518429367,s254.305232492761860
171_27,s-2.873185568862563,s0.717725642686890,s74.305232492528191
171_28,s0.887995132982426,s1.819119546206411,s75.070435170119467
171_29,s-0.091424119727065,s0.526144708390436,s74.681627203091139
171_30,s1.856295455520860,s-2.522578881193278,s254.458854053298836
171_31,s2.790290958279571,s-2.601228822179918,s254.642023657316201
171_32,s1.954960642053315,s2.301479649789630,s254.523510647071816
171_33,s-2.736124345323292,s-2.347735545445212,s254.303476948698716
171_34,s-0.123667374978575,s-0.827591455060327,s74.411850498426986
171_35,s-0.001468374484684,s-3.779078084657462,s254.257797044205290
171_36,s2.705583760778191,s-0.311014479687707,s74.422505132233468
171_37,s2.708289409283067,s0.386103345839526,s74.422505132224572
171_38,s1.944377726294266,s2.990035440713730,s254.555257465516405
171_39,s-1.834569854807311,s-3.075956220460983,s254.303476946650392
171_40,s3.607750916589356,s1.723754896357400,s74.422505132632722
171_41,s-1.891011623264230,s2.687620958761197,s70.603298668899924
171_42,s-2.726482498408868,s2.575551898284684,s251.585706051549835
171_43,s0.094013727642085,s1.633857733259306,s255.070435170116809
171_44,s-3.607792097312435,s1.961023534327966,s254.233637349331190
171_45,s3.607823460267690,s-1.772147910062406,s74.641909870833359
171_46,s0.023463632469608,s-0.355938021634120,s254.561420693714922
171_47,s1.901655597020018,s-1.179872381636288,s254.422526309440315
171_48,s-1.048361416807686,s0.578062912516215,s74.377496724033875
171_49,s2.866563960924230,s2.239319700656696,s254.422505132500987
171_50,s2.812715882622222,s-3.269777885486062,s254.642023656471224
171_51,s2.820481859131533,s-1.277073269246555,s254.422505132316928
171_52,s2.715025990557465,s3.188097079234674,s74.422607439690836
171_53,s1.961861952731467,s1.605996994564929,s254.422505132363909
171_54,s0.855625834522360,s3.186986517246692,s75.114614470701682
171_55,s-0.901007348075145,s0.357471700221063,s254.681627203090841
171_56,s-1.986068876134653,s-2.136421016605791,s74.309761499965603
171_57,s3.607823498700790,s-2.439230316327599,s74.642023657231036
171_58,s3.607750916590284,s-0.403136997542832,s74.422505132234789
171_59,s-0.996088991413259,s1.894922108829291,s73.388485111775623
171_60,s-0.022629910436040,s-2.376946360380070,s254.306302236175611
171_61,s0.791629313381009,s-2.214989315918592,s74.401527055442344
171_62,s1.010381217910147,s2.990643013871922,s255.114614467705820
171_63,s-2.857500591093489,s1.449035855766703,s74.243328594254876
171_64,s-0.903002527910953,s1.014947137593170,s254.859471631779968
171_65,s-1.953836087417181,s-0.019730131557128,s74.333925592645315
171_66,s2.834593495142607,s0.094396826756876,s254.422505132215719
171_67,s-2.731886652817615,s-3.779232262830579,s254.165035360843405
171_68,s-3.607770895110861,s-3.779232261700690,s254.165035388207087
171_69,s-0.053330986437601,s2.506280087015873,s75.114675161804186
171_70,s2.729613794072013,s1.804515571587819,s74.422505132791926
171_71,s-1.064625875829619,s-3.576317866002883,s74.303459233195440
171_72,s-1.768629687279664,s2.432991309859422,s250.603298668901402
171_73,s1.819847748618573,s1.115368376858814,s74.517355771032541
171_74,s2.729832480909253,s2.495494005261170,s74.523510646963487
171_75,s-1.864784861546468,s-0.964835153662216,s254.333725003154797
171_76,s1.791546514467349,s3.187880381751828,s74.555257466057427
171_77,s-1.991635550571828,s-1.416654218044812,s74.312132695543610
171_78,s3.607823498700888,s-3.090273070879358,s74.642023657346840
171_79,s-0.162890934147675,s-2.875443081483739,s74.303247621279183
171_80,s-1.825729548850175,s-3.779232263474663,s254.165035252142388
171_81,s-2.870498456683673,s-0.599562970411104,s74.333106110324650
171_82,s-0.945897244739074,s-1.675432607656200,s254.309519365429566
171_83,s-1.044937793927302,s1.258509423599578,s74.377496723641755
171_84,s-2.799358078254711,s3.190081697854658,s286.758093095483844
171_85,s1.029590094680521,s2.301165457553614,s255.114612575103479
171_86,s1.799830170072538,s0.440395197422260,s74.499946372992596
171_87,s-2.733001846371362,s-3.065913700669153,s254.165035958942070
171_88,s-0.924465316723038,s-3.077569984687214,s254.303247621268724
171_89,s3.607750916582880,s2.458740799311752,s74.422505132139705
171_90,s0.026830180963673,s-1.032598982645392,s254.424623736418056
171_91,s-2.857421178607460,s2.171294545887404,s74.233621065002495
171_92,s-3.607770895335356,s-3.031880979426651,s254.165035869872384
171_93,s-1.977373995816725,s3.195106466544297,s250.603298668626195
171_94,s-2.737850551115455,s1.858254389612744,s254.134093925097545
171_95,s-3.150150645179758,s3.088851587012683,s56.942058547374302
171_96,s-2.747546133066917,s-0.908420406345568,s254.333725002532219
171_97,s-1.084604438180171,s-2.168727890473791,s74.307335792583928
171_98,s1.873121860810750,s-1.849682974798801,s254.426221037254237
171_99,s-1.822126229535056,s0.384763729178435,s254.377496724031687
171_100,s1.801103540157952,s2.504173141943217,s75.114612575224015
171_101,s0.018328862649843,s-1.717339664702077,s254.407407319819470
171_102,s-0.057458182193755,s1.842067152029288,s75.070435170111793
171_103,s-3.607811205160386,s-2.293523593806897,s254.294633823424277
171_104,s-1.825557495471434,s-0.302982519848441,s254.333929719780656
171_105,s-3.607823381100172,s-0.821145464894099,s254.333106110109100
171_106,s1.968536781246971,s0.902477094649080,s254.422505132229645
171_107,s0.901351747379730,s-3.076178375334967,s254.266205600775265
171_108,s1.937939757740381,s0.189628850045830,s254.422505132223733
171_109,s-2.729886748263606,s1.162974993043254,s254.333925584367023
171_110,s-1.844551261712941,s-2.372183683130052,s254.307335792000202
171_111,s2.851412283996285,s0.795681465412529,s254.422505132266735
171_112,s1.025533852084481,s0.936666817052992,s254.517355771027610
171_113,s0.800287093157428,s-1.530033878178966,s74.416841501696652
171_114,s-1.094538041069445,s-1.465042328839276,s74.309519365553570
171_115,s2.696445213557755,s-3.678561295017173,s74.027704741513389
171_116,s-1.053298838783505,s-0.801783314647886,s74.333929719822223
171_117,s1.724573090363827,s-2.249611218550044,s74.426221042584785
171_118,s0.100501615601894,s2.306464319682138,s255.114675162609188
171_119,s2.652688098431438,s-2.346178911761058,s74.458854053291390
171_120,s1.733199233710970,s-2.929759451511374,s74.284693546239851
171_121,s1.741645633334603,s-1.576474083870429,s74.426221042607537
171_122,s-0.067903237026090,s1.165959648359871,s74.859471631779670
171_123,s-0.173459155075276,s-2.174378723052952,s74.306302236205582
171_124,s1.809151650667863,s1.812661245248839,s75.061382061993953
171_125,s0.938346583649355,s-2.433634647336040,s254.426221042559177
171_126,s1.786491682784668,s-0.239862498994598,s74.499940059650896
171_127,s-0.935205510189876,s-2.376401830636181,s254.306302236182688
171_128,s-1.830976859270885,s1.074883830099004,s254.377496723641883
171_129,s0.075424561706123,s2.990643274143270,s255.114844434737478
171_130,s-2.732631388196515,s0.478105609286978,s254.333925592192600
171_131,s3.087701967390798,s-3.795106351200916,s246.355852449414925
171_132,s-1.833682094854405,s1.764492643969624,s253.388485111776674
171_133,s0.876997976286496,s2.505648434183082,s75.114675162580227
171_134,s-1.959426162973563,s1.358409764178649,s74.333925584376914
171_135,s0.843975276109166,s-0.197244403894082,s74.561420693715263
171_136,s-1.951469366767180,s0.665093158826984,s74.333925592183775
171_137,s2.862396576157343,s2.971955245911037,s254.422505130813704
171_138,s2.674509419746393,s-1.677587394577441,s74.426221037210297
171_139,s0.945799096291871,s-1.752929023169723,s254.426221042597405
171_140,s-0.859541739626232,s2.990643808347077,s255.115316406611271
171_141,s-1.074601180777187,s-2.872522707173461,s74.306104124225783
171_142,s0.990781147735744,s-0.417269313491964,s254.499940059650726
171_143,s2.807954166512387,s-1.947934143111479,s254.641909870746872
171_144,s-3.095250586779653,s-0.041678101364558,s114.940711687528520
171_145,s-2.867176622849132,s-2.074820820989712,s74.303476950488118
171_146,s0.760088153349428,s-3.577414519699531,s74.257797044208175
171_147,s0.083006943896506,s0.957954972312473,s254.859471632050088
171_148,s1.768090848327162,s-0.913718904683493,s74.448086917200854
171_149,s3.607750916589753,s-1.093911770632637,s74.422505132338287
171_150,s-0.856816970537583,s2.327809723335236,s255.114675161808293
171_151,s-0.011967101873130,s-3.077822818572349,s254.266205600762959
171_152,s-3.607823153881579,s-1.557916040464369,s254.332390929354574
171_153,s1.039014602923311,s1.609167269323499,s255.061382062032067
171_154,s0.873790508713003,s1.143293244272183,s74.859471632093545
171_155,s-0.079331609735656,s3.186986156380581,s75.114844436720162
171_156,s-0.999727001534764,s2.589270347212544,s70.603298668902639
171_157,s-1.980550183092348,s-2.856162102180585,s74.303476947344436
171_158,s-2.876118434919820,s-3.554795123086586,s74.165035553949664
171_159,s-0.132507156336466,s-1.513520059841071,s74.353403790675770
171_160,s1.012410070894138,s0.256483123143724,s254.499946372805994
171_161,s-1.047388578931731,s-0.113024091394140,s74.377496724506940
171_162,s-2.868091496415748,s-1.338231225576496,s74.333106109734501
171_163,s-0.913836725921333,s-3.779003873357905,s254.302636769711057
171_164,s0.861903406738406,s0.464965017366825,s74.681626498499099
171_165,s1.922667656403992,s-0.497601089824584,s254.422505132434253
171_166,s-2.741623298164572,s-1.628027612669396,s254.312115974306238
171_167,s-1.958264689723839,s2.046487089545094,s73.388485111777229
171_168,s2.855895380600424,s1.512728346562894,s254.422505132889398
171_169,s-0.905342386630534,s-1.015205047199479,s254.355480617325014
171_170,s-3.607795128203743,s1.238605191085484,s254.243364232947982
172_0,s3.503759979930186,s2.443892051884221,s338.159540550731890
172_1,s-0.892346280229499,s-1.400075870411092,s163.329720001618625
172_2,s-0.556874176449813,s3.313665711305961,s163.664998848924512
172_3,s0.118032238213686,s-3.748158103863787,s118.232787986393504
172_4,s-0.109016410997699,s-3.146976111590011,s343.989504963532113
172_5,s-2.591505869434692,s1.676769147823115,s344.043901839173031
172_6,s2.102265777836868,s0.569273283892467,s344.512368883269971
172_7,s2.058373287606792,s-3.056879888775880,s343.932420737891107
172_8,s-3.268951250471071,s2.582067526106780,s343.681023365880321
172_9,s-0.821655356593494,s-0.430817825173731,s164.133797292261619
172_10,s-3.501465760456075,s-3.286876300287880,s157.426074094493458
172_11,s-1.096314836028287,s-3.181741786053376,s163.534474787029808
172_12,s2.593084842442059,s-1.399672262684401,s164.310668800820537
172_13,s-0.264294871328910,s-2.329368551000289,s163.577385493372560
172_14,s1.397122817237035,s-1.269591270850589,s344.319287146988984
172_15,s0.989749594123775,s2.515651258734292,s343.664998707182747
172_16,s-0.717322591578433,s1.509516638498633,s163.919353037703587
172_17,s0.513351171365603,s-0.494893687015229,s164.191436017175619
172_18,s0.721540599834272,s2.385846079906994,s163.664998708241171
172_19,s3.495589895742233,s-3.064023081663267,s342.094778602764563
172_20,s-2.791237239357804,s0.606331412162727,s164.333063739594110
172_21,s1.895452988304035,s-0.495153427788907,s164.400284742922707
172_22,s-0.717517693795047,s-2.182488106804660,s343.329720001154669
172_23,s1.893726190167269,s0.419374916376440,s164.403863920490835
172_24,s-1.512379610880939,s-3.057277179055343,s343.300110327362574
172_25,s2.094174577474326,s-2.172091736277468,s344.310668775030592
172_26,s2.106916168729452,s3.313666090968627,s163.666382211186772
172_27,s-2.350065144181866,s-2.230565132387678,s159.614767675540350
172_28,s-3.488751047521093,s3.313670055757584,s163.680997811495104
172_29,s2.794770064150611,s-1.248212192737637,s344.400284262966522
172_30,s-2.382409962496591,s-3.913546271470574,s343.534439308878973
172_31,s0.138625651624145,s3.313665711282631,s163.664998752376789
172_32,s2.657344520271620,s2.361769516976990,s165.005770977268952
172_33,s-0.543404863608811,s0.717769636954419,s343.919353037804456
172_34,s-1.899191820122183,s0.760329756400626,s344.125635535097842
172_35,s-1.955089155581368,s-1.123835132405077,s344.133729342237586
172_36,s-2.940649840937836,s-2.180192500103638,s164.490421321113956
172_37,s-2.889830842709236,s-1.261359871848927,s160.732964073390519
172_38,s0.696411898479820,s-1.279018400598090,s344.191436017478622
172_39,s1.248359226996737,s1.363233848855172,s163.917301725974369
172_40,s-3.289141100105642,s1.668479899969226,s344.322571925439433
172_41,s-2.630934083805267,s-1.121772898543603,s344.333063293575037
172_42,s-2.527185980939469,s2.576242172011531,s343.681023822663974
172_43,s-2.098196076658728,s0.608919769835163,s164.143256090553137
172_44,s0.317857221120903,s2.532076606995379,s343.664998751499468
172_45,s-2.787836409886951,s2.442205350086395,s164.044605958674651
172_46,s3.503183268050547,s-3.913033800976989,s338.414342403500996
172_47,s-3.487670830098585,s2.434866685814476,s164.322572659298174
172_48,s2.800527720553250,s0.584236607988676,s344.854901924355943
172_49,s1.117211706424237,s-2.310520045674769,s163.989504220284232
172_50,s-2.592444213231623,s0.758308555517895,s344.322454474741562
172_51,s0.823797600144719,s3.313665711273223,s163.664998707298963
172_52,s-0.744877730351189,s0.566820628045416,s164.133798087581255
172_53,s-0.670415350672348,s-1.254158108973719,s344.133797293545626
172_54,s-0.664475848975464,s2.421636812974546,s163.664998806743483
172_55,s-0.113731223727495,s0.498494729195997,s164.141580912056156
172_56,s1.893026862127254,s-1.409135746415767,s164.299194739449064
172_57,s-1.547713600456689,s-1.348075624573999,s162.526272327507854
172_58,s0.386261913446885,s-2.308790272639433,s163.989504960054887
172_59,s1.493877210712825,s3.313666090964799,s163.666382204093679
172_60,s2.095917729189263,s-0.343459396066557,s344.403863919075889
172_61,s1.428440943311224,s0.579098811661428,s343.923540324522151
172_62,s3.491715446733007,s-0.319146051142138,s344.288265494557606
172_63,s2.594689826396028,s-0.482744669232759,s164.400284443388870
172_64,s-1.793531641890140,s2.570116288485176,s343.665079754390774
172_65,s-0.613860592342178,s-0.281955992417255,s344.133798134440326
172_66,s0.096297245045021,s0.647049368739945,s343.916365624360481
172_67,s3.492302330754375,s-2.154852899573896,s343.937301968987867
172_68,s-1.891349554179760,s1.682961355359053,s343.713691862557312
172_69,s3.255549850855156,s-3.202738291127751,s163.367945127823617
172_70,s2.777202302430197,s3.313139894938922,s160.727211429306095
172_71,s-2.680235573856541,s-3.355198659630069,s164.168141827750986
172_72,s3.491718906725624,s-1.236810207669489,s344.286174010458922
172_73,s1.609643224449321,s2.453554303310711,s343.666382204449235
172_74,s-2.132291159825479,s-0.333150807903774,s164.133729943148978
172_75,s-1.379219111714811,s2.441649462626684,s163.664998871622942
172_76,s-0.039178962200935,s1.486730771400874,s163.916365621682473
172_77,s-0.991592758745759,s-2.309225721559757,s163.304352836583035
172_78,s-2.249716921557094,s-3.047769600138374,s339.614767675549672
172_79,s1.847052509955277,s-2.310863431234695,s163.980864424565681
172_80,s-3.487597412546810,s-0.322505221489899,s164.367284266737613
172_81,s0.744167774117043,s0.594239563978839,s343.917301644301745
172_82,s-3.487597412627800,s0.596900064194811,s164.367284224252188
172_83,s0.012474279458402,s-1.266435514610638,s344.151548180964198
172_84,s-3.476792251779966,s-2.239092262394117,s343.415546638471994
172_85,s2.713628483046527,s-3.913613796729400,s-1096.219008871002416
172_86,s-0.368552947203745,s2.543319497584216,s343.664998818844197
172_87,s2.172251822648975,s1.509745018877302,s344.512368818360414
172_88,s0.598955750959571,s-3.053015367107343,s343.989504262038679
172_89,s2.596577311084877,s1.350928594920229,s164.854901950467791
172_90,s2.794874253041163,s-0.330972393680532,s344.403863593061999
172_91,s-2.742278635924302,s3.313670116822555,s163.681023712570493
172_92,s1.223774990482511,s-3.913650975137726,s343.910881202904307
172_93,s3.293081365594617,s0.446690762909673,s164.290808926266124
172_94,s-0.023358412877286,s-2.190471996714708,s343.866717702102221
172_95,s-0.878090245742581,s-3.913546413406773,s343.534973032551136
172_96,s0.032813878909388,s-0.330872620671401,s344.141580915998020
172_97,s-1.221000413027024,s0.739049349162364,s344.037281346277950
172_98,s0.484769009959957,s-1.427242309165418,s163.980858258467919
172_99,s3.292971856005792,s-1.388658204488353,s164.286095525781832
172_100,s-2.891330361056843,s-3.086963547095100,s344.530350037514154
172_101,s2.097296558307309,s-1.258381734154232,s344.400284745237229
172_102,s-1.849706973615797,s-3.190944773869978,s163.534474421995554
172_103,s-3.249083914986090,s-3.913679232885390,s344.158757342553088
172_104,s2.487876280940515,s-3.186179746290780,s163.910879334967575
172_105,s-1.453782485439880,s-0.352984141550643,s164.133729342725871
172_106,s-3.290991733738799,s-1.119730519670498,s345.900183501367849
172_107,s3.282666005061085,s2.288281256141649,s165.005783518722382
172_108,s-0.790898131956532,s-3.063457828148552,s343.534474788593002
172_109,s0.861556331302511,s1.555751372989556,s343.664998707383290
172_110,s-3.289252135940265,s-0.170323910937180,s344.367284287004622
172_111,s3.290767092188809,s1.371295231159070,s164.854901907236126
172_112,s-3.503995443862202,s-2.860698260695425,s23.629377668457430
172_113,s-2.598227514776761,s-0.167189527727017,s344.333063677289374
172_114,s0.491092722266395,s-3.913650470739467,s343.909143718385451
172_115,s3.491711239552912,s0.598584232551603,s344.290809024346061
172_116,s-1.412027567891240,s-2.166304111960469,s342.526272352898104
172_117,s3.473027630937648,s3.313139991275685,s158.159540451712644
172_118,s1.391406152169496,s-2.180372826494790,s344.126840932237997
172_119,s-2.800256667694085,s-0.318244631989119,s164.333063388949341
172_120,s2.779633416631264,s-3.062065553754556,s343.930189603763324
172_121,s3.290194450388292,s-2.304794977746697,s163.930189682224039
172_122,s0.712298718866355,s-0.343359872038869,s344.191561876332628
172_123,s-2.791003369667842,s1.524656724110175,s164.322474037864367
172_124,s-2.183761098751002,s-1.271021947386971,s160.733074888346579
172_125,s1.010193384983785,s-3.171517054230059,s163.910881197861812
172_126,s-1.071548511942829,s2.559889088607259,s343.664998863735946
172_127,s-2.003518348441397,s3.313665733513641,s163.665079776785348
172_128,s-3.487630917376918,s1.516361269648186,s164.346938413636565
172_129,s-0.207550528544296,s-1.412264406603880,s163.864698974974658
172_130,s1.329674143879996,s-3.055067193028772,s343.980864311415473
172_131,s-1.322910840941078,s-1.201942638643149,s344.133729342156471
172_132,s-2.085333388987074,s2.446942141385492,s163.713691910673703
172_133,s-2.728958609896902,s-2.026725172027596,s340.732964073506764
172_134,s0.211923293873641,s1.622819190749190,s343.664998744155469
172_135,s3.490793425811431,s1.524354497686820,s344.855614815370188
172_136,s2.244687410083999,s2.480773651600906,s343.666382211337520
172_137,s1.373619642745623,s2.314311390632243,s163.666382201249291
172_138,s1.212000176890987,s0.431529696961357,s164.334093978910403
172_139,s2.574301785757548,s-2.309352934595379,s163.932420744417300
172_140,s3.293069880734381,s-0.471028185976332,s164.288265676216810
172_141,s2.793773809754756,s1.505364619367483,s345.005771001270830
172_142,s1.928463257332382,s1.369760875979275,s164.512368876513364
172_143,s-0.310044986927266,s-3.297975158835988,s163.535227965014201
172_144,s-1.396462566903768,s1.530543013372832,s164.037281365344967
172_145,s1.960697597807031,s-3.913650973913445,s343.910880900743791
172_146,s1.196383816034195,s-0.506046211029638,s164.319287141808815
172_147,s1.395436652868215,s-0.354133419036273,s344.334093984721221
172_148,s-1.246159888509007,s-0.204073283161158,s344.133798088098843
172_149,s2.794042462175995,s-2.162825403103514,s344.310667745083663
172_150,s2.902634975874594,s2.508335890071613,s340.727211429335796
172_151,s-0.169404031644914,s-0.481382469293930,s164.151548121407814
172_152,s1.744593861732971,s-3.174664174018930,s163.910881204969371
172_153,s-1.698218536462083,s-2.285888233944699,s162.526272357366054
172_154,s0.533185829479898,s0.445742490727354,s164.191561846049467
172_155,s-2.087865413491056,s-2.108839730484064,s340.733074888409476
172_156,s-1.624013435577869,s-3.913546280902399,s343.534474781634231
172_157,s-1.185012282738754,s1.678583076851943,s343.664998834600624
172_158,s1.520956266600793,s1.493118581664115,s343.673382138251043
172_159,s0.034543266664114,s2.406698445694023,s163.664998753371265
172_160,s-3.485195034194076,s-1.277163292952349,s165.900183498580674
172_161,s2.593221038859832,s0.432545611036529,s164.403863640035866
172_162,s-3.289250999476346,s0.749085436111281,s344.368358223633322
172_163,s-1.422129606233428,s0.588161981206278,s164.133798091139568
172_164,s0.685425463777806,s-2.186562528251746,s343.989504858722228
172_165,s-1.273265934526723,s3.313665711333785,s163.664998929004867
172_166,s-2.091864826268921,s1.531487691957511,s164.128103496614756
172_167,s-1.923161671501112,s-0.184627814559001,s344.143256089487863
172_168,s2.017848357130112,s2.334966476961880,s164.512368794275716
172_169,s-0.477994904810422,s1.649014373127342,s343.664998788469404
172_170,s1.190457462473873,s-1.419588256614224,s164.111037704943868
172_171,s0.599729371667401,s1.422750252827481,s163.917301255101819
173_0,s-2.742126036491369,s3.200585667471882,s71.365132369777839
173_1,s2.870844005204768,s0.757144533419410,s253.476356908933269
173_2,s-0.873655259788923,s-3.793568163812813,s254.861236392527758
173_3,s0.037441451634695,s-3.107458761607540,s254.868052272740414
173_4,s1.887269353382470,s-3.293635306149372,s250.952153036440365
173_5,s0.985587239944716,s-2.503954998669367,s253.098613180647504
173_6,s1.078128813513035,s2.296642709859610,s254.180001160414861
173_7,s-3.618849759489786,s-3.065318889586265,s254.044834937489782
173_8,s-1.970672077505857,s-2.900849694062146,s74.455536511646031
173_9,s1.995834222434135,s0.150900948222110,s253.368875884971516
173_10,s-0.859372797336275,s-1.066867079837604,s254.280208964189654
173_11,s-2.654130882272397,s1.060982915458426,s254.108999952974187
173_12,s2.878070976733919,s1.486047503256839,s253.735915673210286
173_13,s0.026190821197477,s-2.450854072849010,s254.505765584939780
173_14,s0.919000368250033,s3.195493506955923,s74.180056562697544
173_15,s1.985550281247359,s2.996340670877066,s253.853291920403109
173_16,s0.147892255109291,s-0.478813442589812,s254.232154740094444
173_17,s-0.097795406962428,s-3.596550169007976,s74.868530140584838
173_18,s-0.913170949040568,s3.195423388180169,s74.222216818666425
173_19,s2.749395986494135,s0.349866615935846,s73.378429684075812
173_20,s2.855221520473868,s-2.085198742467340,s253.320574669196532
173_21,s0.028191593944693,s1.094002899491433,s74.226422892411634
173_22,s-2.844303724285691,s-0.006691271333516,s74.044834946568088
173_23,s-0.082895134042514,s-1.565449788086840,s74.356613567188077
173_24,s-1.010470551817534,s-0.865512580956119,s74.280208964138524
173_25,s-1.838715974646322,s1.218250632774446,s74.110691321809966
173_26,s1.976719984509346,s-3.800585599135845,s70.952149919317222
173_27,s3.618871379235804,s0.963847943506379,s73.647499504094085
173_28,s3.618785511227822,s-1.895045466510216,s73.320576526095579
173_29,s-1.818923416842662,s-3.105423868128606,s254.708350019574027
173_30,s2.860710295703662,s-0.674403094829602,s253.344395011888167
173_31,s-1.753233116202201,s0.294612555952518,s254.226455755178193
173_32,s1.850794840499175,s-0.325322964317926,s73.568957747019567
173_33,s-0.115981264777368,s-2.908651601109284,s74.868129237377673
173_34,s-0.977176928819904,s-0.204849674649746,s74.244942168766329
173_35,s2.735168824755937,s-1.789053986169229,s73.320574669157509
173_36,s1.855838672566346,s0.385614885346823,s73.659152285336305
173_37,s0.881222914679877,s-1.629615879126945,s74.356613566984151
173_38,s-2.848988021710751,s-0.698375306804770,s74.044834946767224
173_39,s-0.894588197292656,s-1.728608015942767,s254.356613567189612
173_40,s0.155453745674332,s0.210392419730677,s254.196697520127145
173_41,s-1.046670568684303,s-1.529656748705529,s74.283101108699441
173_42,s1.093314717066732,s0.896794590376048,s254.095401875378400
173_43,s2.811994520091162,s-3.783315691105130,s84.036864876823714
173_44,s-1.675977276350816,s2.994421669466393,s254.274120714821834
173_45,s-1.956553849605732,s-3.596176723428524,s74.517234937144025
173_46,s-0.930889814860578,s0.447779214719255,s74.226455755103942
173_47,s1.968492631216594,s-1.976659992697949,s253.320574669162255
173_48,s-1.707282993445133,s0.947250994696369,s254.226455755110010
173_49,s-1.665598698420852,s2.293369311131144,s254.274120714392609
173_50,s0.103879841935667,s-1.131137898045010,s254.280208962604604
173_51,s-2.727108421174226,s-3.794904836338898,s254.044835415250560
173_52,s-1.052744989517634,s-2.214376349038202,s74.522007434931240
173_53,s0.926705323930608,s2.496108699031165,s74.196670610614788
173_54,s0.179886232901723,s0.895145938809171,s254.196670611414277
173_55,s-0.893724600544229,s1.793839197936008,s74.274120714392623
173_56,s-1.818878272273309,s-1.030358066212606,s254.280208964128889
173_57,s-2.809455410576270,s2.610787089919688,s73.914530725171431
173_58,s-0.761492358649733,s2.996693292263355,s254.222216818573429
173_59,s2.736526999788906,s-1.087992855184801,s73.332334265691003
173_60,s-3.618811343924014,s2.451034379420279,s253.914530725353643
173_61,s3.592228104229474,s-3.461036152502503,s59.056605317646046
173_62,s-1.043870076156826,s-2.909542692963492,s74.708349989861645
173_63,s-2.648705562494516,s1.714762929864105,s254.274120714357196
173_64,s1.849481152308317,s1.795842601649697,s74.164951411244530
173_65,s-3.618281530632709,s3.137190660001008,s251.365132369785613
173_66,s-0.889905155592420,s-3.107142640259827,s254.868129237444236
173_67,s-2.822664487894422,s0.667075576519935,s74.044834946521846
173_68,s0.926812932824943,s-0.977780191885917,s74.280208962604135
173_69,s-3.618849759544851,s-0.891176460709066,s254.044834945742508
173_70,s3.618788394776619,s-1.189545890980090,s73.332000325957722
173_71,s1.822335417506608,s-2.376532200977265,s73.098613180650119
173_72,s-2.725761264681728,s-0.994936690329298,s254.044834946565516
173_73,s-2.716357515773741,s-0.286745230376016,s254.044834946561934
173_74,s0.851156578004958,s-2.939780235654572,s74.868052272267391
173_75,s-1.827850415567890,s3.194652289914407,s2594.032161733904104
173_76,s-2.745804494309471,s-2.400075032570157,s254.044834946922975
173_77,s-2.589576551206060,s2.991354456901980,s254.274120714946633
173_78,s3.618895793811333,s1.698940733886342,s73.735915674271368
173_79,s-3.618849759093993,s-3.794904818057969,s254.044833590881126
173_80,s-1.788943735246250,s-0.366617777825960,s254.244942168764197
173_81,s1.095264114204433,s0.189454885877880,s253.659152285303634
173_82,s1.856649377313805,s1.095335833872858,s74.095401875388163
173_83,s-1.924943384064824,s-0.111133753430507,s74.044834946873337
173_84,s1.835154397828056,s3.196043145202293,s73.853291920267182
173_85,s-1.027540846292115,s-3.596542209394629,s74.861236279403911
173_86,s0.171338743613225,s1.597012411119016,s254.196670611392676
173_87,s-2.876369411192251,s-2.850678990376851,s74.044834942219069
173_88,s1.971321441290244,s-1.276927864509136,s253.332334265679350
173_89,s0.003363034665138,s3.195491782859289,s74.181091896142931
173_90,s-1.803853964344601,s-3.794123042656146,s254.517235093942531
173_91,s1.998232047039464,s1.585598073268446,s253.798836640130531
173_92,s1.992530322071196,s2.293077748876171,s253.847256684688034
173_93,s0.162314670494258,s2.297335569030119,s254.196670610618128
173_94,s-2.789070796091936,s1.954537780713469,s74.198573148619175
173_95,s-0.041508998512147,s-0.909500187965996,s74.280208964189484
173_96,s0.019744316010362,s1.796224135600767,s74.226422892351053
173_97,s-2.873816331782284,s-2.120250626695671,s74.044834946923274
173_98,s1.073513247964164,s-0.506981491626435,s253.568957747018089
173_99,s-1.961479455091181,s-0.797685118323740,s74.044834946550466
173_100,s-3.618849759545794,s-0.195756340972025,s254.044834946557245
173_101,s3.146194888745010,s-3.718615359591366,s238.995570946758306
173_102,s-0.741885294604652,s1.594948114157539,s254.226422892409829
173_103,s3.618781383841410,s-2.597632047325663,s73.304166255965470
173_104,s2.742996561427368,s-0.370052072955327,s73.345703916690297
173_105,s0.943549134908596,s0.390362162069155,s74.196670611461869
173_106,s0.056115259876754,s-3.793556530926903,s254.868530141491192
173_107,s0.831962150757258,s-3.596550169041321,s74.868530166945320
173_108,s-0.119154604722050,s-2.226102495787729,s74.529258895593316
173_109,s-2.737663390218632,s-3.100318516540767,s254.455536512509070
173_110,s2.756579665719675,s1.785017377173373,s73.798866865108494
173_111,s-1.977856769278769,s-1.509749225355981,s74.044834946588566
173_112,s-3.618869080999169,s1.166331886197839,s254.108999953633088
173_113,s-0.751951951129946,s2.296263329845243,s254.226422892353042
173_114,s1.023797517722145,s-1.866203665913959,s253.507783083348045
173_115,s0.010758536795953,s2.496682859901557,s74.226422892352034
173_116,s0.941693695135829,s1.095968184125600,s74.196670611392079
173_117,s0.985872817680335,s-3.793556530888012,s254.868530166585259
173_118,s2.893220893365620,s2.971105792521125,s253.738355029870547
173_119,s1.085563632811293,s1.597029635143714,s254.164951411223825
173_120,s2.731770129930544,s-2.491873365881986,s73.069306946005270
173_121,s-1.693057436632049,s1.621887078759573,s254.274120714404262
173_122,s-1.827830280730108,s-1.716084042300261,s254.283101109176158
173_123,s3.618896474585653,s2.441626619890713,s73.738355029670132
173_124,s-0.783051661639331,s0.235412451071773,s254.226442069920580
173_125,s2.001318450547891,s0.870263702618471,s253.468205172933949
173_126,s2.755066036476543,s1.070083851283140,s73.476356908433672
173_127,s1.839608552137418,s-1.016320917707233,s73.517310101570231
173_128,s0.926088109176606,s-0.290495440020466,s74.196697520130101
173_129,s2.725613810902161,s-3.195337271143917,s70.952155328435282
173_130,s0.836982782418445,s-2.285127028531112,s74.477343288942734
173_131,s0.993367015008841,s-3.201171947604015,s250.127584967889987
173_132,s2.861385783914759,s-2.792662783628678,s253.304166255391181
173_133,s-1.820224013068820,s-2.414170626855959,s254.522007435959040
173_134,s-0.903825462122852,s2.495032935923276,s74.274120714391429
173_135,s-1.887334035959649,s0.556482151880479,s74.044841667307608
173_136,s-1.830475048885806,s1.871766049186986,s74.274120714440556
173_137,s1.071652242411897,s-1.204990687420021,s253.517310101590567
173_138,s-0.913363321803537,s1.122940621675150,s74.226455755088892
173_139,s-1.817457296311772,s2.491961773846826,s74.274120714939244
173_140,s0.062659725531782,s-1.787355559555118,s254.356613566985743
173_141,s3.618802902444450,s0.236776213259213,s73.388974494360653
173_142,s-3.618849759543704,s-1.603843694639901,s254.044834946063503
173_143,s-2.741410044699350,s-1.707581858899673,s254.044834946885260
173_144,s-3.618849759543853,s-2.332854250447452,s254.044834942082588
173_145,s3.618792500308292,s-0.479462834913443,s73.348207692518429
173_146,s-2.693184903061550,s0.392384972492900,s254.044834946890603
173_147,s2.753454398832146,s2.490932364205034,s73.847256686251882
173_148,s-2.790300941133154,s1.313107521806299,s74.108999953754747
173_149,s-2.874241614193077,s-3.581961994864137,s74.044834937731835
173_150,s0.000926195393725,s-0.263098817588021,s74.244942168655498
173_151,s1.988161859882488,s-0.567610205705301,s253.345703916624643
173_152,s1.837238830322746,s-1.714616683336305,s73.507783083348016
173_153,s-0.900724089690072,s-2.414929477470069,s254.529258895618995
173_154,s-3.618896499922516,s1.807647290084754,s254.198573148586661
173_155,s0.934250705548324,s1.796958512523771,s74.196670611390800
173_156,s0.005486918559345,s0.415365974022868,s74.226422892618700
173_157,s0.154898901590683,s2.996652717313659,s254.181091895905524
173_158,s1.759513454220829,s-3.047592923518058,s70.127584967937665
173_159,s2.864989496579936,s0.037904225806393,s253.378429684034955
173_160,s-2.861736194979288,s-1.400874900824700,s74.044834946075909
173_161,s1.945170582558018,s-2.660335607328359,s253.069306946011494
173_162,s1.841678730608076,s2.495906630135742,s74.180001160964579
173_163,s2.749131052642190,s3.194138200642814,s73.487865265899103
173_164,s2.884396626561832,s2.223608920924296,s253.738355029022756
173_165,s-2.670995239399078,s2.362888581751027,s254.274120715101816
173_166,s1.070532740514258,s2.996651833343867,s254.180011357292500
173_167,s-1.971975506777838,s-2.210438062702984,s74.044834947022977
173_168,s-0.763775837137419,s0.916766685008445,s254.226422892611765
173_169,s2.857394554241119,s-1.381595848375054,s253.332000325952549
173_170,s-3.618849759545121,s0.495269447365093,s254.044834946532177
173_171,s-0.827680060929223,s-0.411532133383916,s254.244942168829169
173_172,s3.618896474583515,s3.196239076643089,s73.738355019359673
174_0,s2.689323300693494,s-2.954569933988266,s74.636350186397095
174_1,s-0.036222297321349,s3.203793572140668,s74.642769405958276
174_2,s-0.143695464491273,s-0.142878761785356,s74.545075485762936
174_3,s-0.141600461438295,s-2.909929576554477,s74.607262536643574
174_4,s-1.032703941762743,s1.241068686896372,s74.138374655402501
174_5,s0.006377002744933,s-0.350601871520758,s254.545075484110328
174_6,s-1.943882706355591,s1.992917706179750,s72.311902275626878
174_7,s1.828675649040524,s1.122943836337220,s74.439690326355020
174_8,s0.020948425423520,s-3.802184965172169,s254.454151636485363
174_9,s-0.994234510260967,s1.904518668749935,s74.210857071158188
174_10,s-3.092587616667059,s3.146838300957997,s61.039036443043670
174_11,s-1.063171513154250,s-2.909097609318550,s74.425245700399913
174_12,s-1.844018102545029,s-1.715609972761626,s254.128940261460855
174_13,s2.876587258297385,s1.534724564994943,s254.043240812600658
174_14,s-3.626617862207764,s1.953656298811326,s253.556517458535012
174_15,s-3.626617868512969,s-2.324705086285880,s253.556541080228726
174_16,s0.125989366891261,s2.312515794625452,s254.642451554203433
174_17,s-1.069710954896949,s-2.215810338836391,s74.400785338947117
174_18,s3.628096691820972,s2.470974287831418,s74.043240784834822
174_19,s3.628182066166018,s-1.752085080572737,s74.320492865702704
174_20,s-1.988806371988785,s-0.790682855313611,s73.556535561353016
174_21,s0.920238347881628,s-2.406124212336576,s254.626142506035649
174_22,s1.048440537290278,s2.314545031670772,s254.642391218803255
174_23,s-2.750727709218970,s-3.106002592201655,s254.341204723550675
174_24,s0.814998256371717,s-0.182792083477696,s74.545075473317254
174_25,s1.976902989326023,s1.620560517819117,s254.137577722377841
174_26,s-0.960933715098719,s3.203757523097130,s4034.295344504483182
174_27,s-1.844310935784567,s-0.310469677349267,s254.098500028986336
174_28,s-1.976211846688253,s-3.604040560932324,s74.425763721155178
174_29,s-1.983902146654488,s-2.907620967688220,s74.341204671622222
174_30,s0.930433235669570,s-1.724440444551744,s254.565412439500278
174_31,s1.981232064256578,s0.923321699895589,s254.043240868648155
174_32,s1.889948798678001,s-1.146883839223457,s254.220935509807703
174_33,s0.941800219945088,s-3.802198735369393,s254.445743875275895
174_34,s1.836760628709957,s0.422785163790556,s74.439545935949923
174_35,s-2.889996244467051,s-3.585262983025846,s73.564659399916124
174_36,s-2.865389067031122,s0.728026522495645,s73.556535558055558
174_37,s3.628096692786646,s-0.389446660236015,s74.043240810875076
174_38,s-2.872741476575224,s-1.393946606239894,s73.556535565663779
174_39,s0.895308397035166,s2.512157385754252,s74.642451559537719
174_40,s2.747771954125646,s1.813558008269075,s74.137577759637040
174_41,s-1.804528251664145,s1.741988430967664,s254.210529908508533
174_42,s0.037903235378809,s0.312613923045316,s254.545075462340463
174_43,s2.727969378044354,s-0.309787586135882,s74.043240814097260
174_44,s0.003032790115761,s-1.030945304645908,s254.552035628891957
174_45,s-2.753883137441859,s-1.697770026069714,s253.556535576895044
174_46,s0.789370626451775,s-3.603855503511071,s74.454151710476381
174_47,s1.973566961358450,s2.313708638609940,s254.417298768737851
174_48,s1.755419961441150,s-0.881739588539325,s74.525348630946326
174_49,s-0.059857332752943,s1.171832351546470,s74.545075462488185
174_50,s2.660310291120818,s-1.647991926232532,s74.320492849726747
174_51,s-1.823828004971294,s-3.802232332956901,s254.425245734689753
174_52,s3.628174499208472,s-3.037132490489386,s74.296557364477394
174_53,s0.934742469282445,s-3.106990222323611,s254.633230575974068
174_54,s-3.626617863857561,s1.239540291048773,s253.556523624162963
174_55,s-0.922281006400766,s-0.334218222297436,s254.545075488433326
174_56,s2.861012041424960,s0.114728064778341,s254.043240825340035
174_57,s1.789570798531161,s-0.231735244579368,s74.439545938464988
174_58,s-0.016136235053695,s1.812383484633120,s74.614418762396198
174_59,s1.016259289780370,s0.265565138046322,s254.439545936289761
174_60,s1.863305852517903,s-3.799659360809496,s-1905.362860635982315
174_61,s3.628182066164851,s-2.391394563685378,s74.320492870986513
174_62,s1.813890455411995,s3.203793751663809,s74.642658416715733
174_63,s-3.628432784007842,s2.866524224891238,s240.910064388854948
174_64,s1.850585762953682,s-1.814940339043107,s254.500207019136610
174_65,s1.041968188942023,s3.006182136028749,s254.642659397108901
174_66,s2.661777477320624,s-2.306305721404492,s74.626129777423301
174_67,s2.738476936168760,s0.413682984424869,s74.043240836879704
174_68,s3.628096687172058,s3.204781944183996,s74.043240404124262
174_69,s-0.805779102875469,s3.004334073053906,s254.642778334536871
174_70,s-1.085471920182837,s-0.818763958568397,s74.098500030108468
174_71,s-1.970671833238374,s2.624476831899558,s66.656908045668800
174_72,s-3.626617867041551,s-0.172474049713781,s253.556535559320565
174_73,s1.845052685518058,s-2.468743454895214,s254.626129801813505
174_74,s2.623602694636849,s-3.593027770366915,s74.636350428274028
174_75,s-2.746540886271712,s-0.988069525397601,s253.556535561108689
174_76,s1.718780760134917,s-1.540519691745409,s74.565412426598087
174_77,s-2.817945030465258,s3.208156682868627,s251.992569242155298
174_78,s-1.992389051699408,s-1.503434683351584,s73.556535576432324
174_79,s3.627520550886964,s-3.773906941729281,s67.591119732388137
174_80,s0.777566960652612,s-1.526622593995444,s74.565412420221804
174_81,s2.737610538796135,s3.203900365804509,s74.576895198194464
174_82,s1.054441352606919,s1.620208353410313,s254.617779786841908
174_83,s0.966256539506492,s-0.386743285054016,s254.439545962867697
174_84,s-1.974136368303623,s1.323480517274420,s73.557253897192922
174_85,s0.011370333236459,s-3.107856070332743,s254.612348267189446
174_86,s-0.910634252603887,s-3.109417321489216,s254.607262536387367
174_87,s3.628096692778198,s0.309727142032967,s74.043240828302061
174_88,s-2.887181736249314,s-2.848105816896848,s73.564654687423086
174_89,s-0.886325960751770,s1.018004016133352,s254.545075457370473
174_90,s0.788981713789796,s-0.845296429058772,s74.552035623136632
174_91,s0.089720925599949,s0.962321722709815,s254.545075462588784
174_92,s-1.074490797193928,s-1.521638709477565,s74.128940215698236
174_93,s0.136899181954952,s1.614696456011685,s254.614418676402977
174_94,s2.858112831927822,s-0.582133264726202,s254.043240810954842
174_95,s-3.626617867050256,s-1.594464590620549,s253.556535571419403
174_96,s-1.840192854523883,s-2.411947261109082,s254.400785338685978
174_97,s0.901386162800733,s1.817888653496918,s74.619939284406556
174_98,s-1.979163748128618,s0.627481145341599,s73.557253897080329
174_99,s2.882930378831263,s2.258492666568405,s254.043240806567979
174_100,s-0.160822005078237,s-1.515691374690455,s74.583083225334619
174_101,s-2.871327536516361,s1.438910578347905,s73.556523571414729
174_102,s1.823607279102249,s1.820042138256654,s74.642391133305324
174_103,s-0.791708229712689,s2.307041205121207,s254.642778315691373
174_104,s1.928804627054113,s-0.479198878122619,s254.043240807839112
174_105,s1.065055704192299,s0.920992672385202,s254.439690321489763
174_106,s-0.903259854978402,s-3.802232326034666,s254.425248444124719
174_107,s1.848590620564326,s-3.098384824025119,s254.636350428040060
174_108,s2.870620931622178,s0.819237645615600,s254.043240831285146
174_109,s-2.985719694101109,s2.195262260676531,s64.429221051220836
174_110,s0.116910918863994,s3.006182291728484,s254.642769383622550
174_111,s-0.944961740718694,s2.506010576788132,s74.276281774346884
174_112,s-0.932530123097532,s-1.018291279424677,s254.545858694522366
174_113,s-0.918167909897295,s0.352856922786783,s254.545075465621238
174_114,s3.628096692200935,s1.021900983328209,s74.043240810571390
174_115,s-0.916860810647784,s-2.414977860885022,s254.598150525087647
174_116,s-0.146528159428723,s-2.216603196696870,s74.598150523743527
174_117,s-1.840176693941626,s0.382828670182567,s254.098500028364384
174_118,s-0.132100523176270,s-3.603865291079466,s74.607262006087822
174_119,s-1.817161297596784,s2.398549519490330,s254.233732812067473
174_120,s2.698203941696714,s-0.982088279785335,s74.043240809173369
174_121,s-2.883220053076007,s-2.115682469325198,s73.556540910510833
174_122,s2.828531526868150,s-1.253789982371437,s254.043240810726729
174_123,s2.886611411610896,s2.989364251390136,s254.043240296155233
174_124,s-1.836369628773785,s1.074090985219937,s254.124370125043185
174_125,s2.744780774527132,s2.509447092361020,s74.417298893153699
174_126,s-2.744807674162963,s1.136585790958378,s253.557253897421930
174_127,s-1.905504724958301,s3.208440498681584,s71.992569242012976
174_128,s0.767156583334494,s-2.208403359116966,s74.608595380043155
174_129,s-0.921514896677242,s-1.721445621834286,s254.583083233554646
174_130,s2.748158556141394,s1.118446929017599,s74.043240864205018
174_131,s-0.149137255138724,s-0.830709094180226,s74.545846845437396
174_132,s0.864190396261832,s0.466584417933744,s74.545075460219380
174_133,s-2.804932968589366,s2.579841879201950,s246.656908045732848
174_134,s1.706132464982862,s-2.219604202196442,s74.626142463407845
174_135,s-1.987050343668597,s-0.078985288191591,s73.556535568004264
174_136,s1.820360354754663,s2.512155665179830,s74.642391216668855
174_137,s-1.065511094310593,s0.572560798044056,s74.111323351063049
174_138,s-3.626620039946301,s-3.060422353341149,s253.564654767992494
174_139,s0.781635124678361,s-2.909275927953753,s74.612348266616991
174_140,s-1.845451934172739,s-1.020008379675144,s254.098500029939771
174_141,s2.827485008358389,s-3.208272021044202,s254.296557363960346
174_142,s1.967044886433778,s3.005936266498942,s254.576895230176973
174_143,s-0.027082969318745,s2.510350447724075,s74.642778318104988
174_144,s-2.743755034306431,s1.844296654067529,s252.311902276152125
174_145,s-1.071092548365147,s-0.119763596148480,s74.098500029034525
174_146,s-1.753249169525344,s3.001521348191775,s254.226150625594926
174_147,s-0.852128085199719,s1.665142783365253,s254.614418682279535
174_148,s3.628096692297013,s1.742146774317747,s74.043240805224926
174_149,s-2.743268827414624,s0.435255128896070,s253.556535568511578
174_150,s-2.744829210318597,s-0.276335961282330,s253.556535561414762
174_151,s1.710336515794271,s-3.601487930073007,s74.633230575162756
174_152,s-3.626281146480484,s-3.817481869807737,s246.883275632788923
174_153,s3.628096692789063,s-1.084698070142493,s74.043240810306159
174_154,s-2.745881436009572,s-3.803639478431627,s253.555411481803816
174_155,s0.941320746566444,s-1.045021792032757,s254.525348635390657
174_156,s-3.626617867049974,s0.533475869889928,s253.556535559530175
174_157,s1.985038319180457,s0.207799533275630,s254.043240836291432
174_158,s-0.007798136791659,s-1.713488667462894,s254.608595380410776
174_159,s0.888835295720664,s3.203793725984669,s74.642674311159638
174_160,s-1.055638362552516,s-3.604028953141693,s74.425245734702727
174_161,s0.006467749600875,s-2.414427805412648,s254.608595382075777
174_162,s2.804152165358047,s-2.544379323757687,s254.320492871212707
174_163,s-1.992045780606813,s-2.210268893811521,s74.021372448587158
174_164,s1.695478491864231,s-2.900744806105601,s74.633230575684280
174_165,s0.912225004631029,s1.119255882075618,s74.545077853818569
174_166,s2.777778388301095,s-3.815829527866541,s247.582836517792515
174_167,s-2.865304717218587,s0.022008143253419,s73.556535559475591
174_168,s-0.111627412885021,s0.522296754281636,s74.545075465740936
174_169,s-2.757730012604261,s-2.406152426651518,s254.021372544257275
174_170,s-1.831738505502483,s-3.107004101033910,s254.425245699847778
174_171,s-3.626617867051428,s-0.878431542322036,s253.556535565039979
174_172,s2.797379469769413,s-1.899721208420691,s254.320492866089069
174_173,s-2.865310302598481,s-0.683944816103555,s73.556535560851060
175_0,s1.069663105246174,s2.318695124886124,s299.178305301193461
175_1,s3.636910858896911,s-1.762740714319361,s119.036330040128064
175_2,s-3.635935544082971,s0.516097434205714,s298.800063134916059
175_3,s1.842239476467095,s-3.809775558749233,s-420.931910556702860
175_4,s-1.749419224599933,s2.369603560224300,s299.124461223474214
175_5,s-2.891021073286530,s-3.598930324451763,s118.820047380397867
175_6,s2.894202532111066,s3.000110153987749,s298.923214002834357
175_7,s-1.840389661237442,s3.215898010092200,s118.314178854278637
175_8,s1.853270691971968,s0.417989864019973,s119.026370371579191
175_9,s2.747506465809825,s3.214857677833620,s118.923141415035616
175_10,s1.084380562313740,s0.920239858031879,s299.096254806801142
175_11,s1.988095593874621,s2.318544581459799,s299.104207017078579
175_12,s-0.821997216083548,s1.669348439425760,s299.175756931406056
175_13,s-2.687764302445981,s1.789260162817932,s298.858091946542402
175_14,s1.830107222303037,s3.214553650778401,s119.105750952031997
175_15,s1.745227717825930,s-1.578739058228960,s119.029767827051671
175_16,s-0.987694127095030,s1.200171424027352,s118.881699488894640
175_17,s0.905333599148058,s-2.410467460246400,s299.177813818599020
175_18,s-0.925293136871487,s3.214574922829000,s119.092924565797460
175_19,s-2.889166061535134,s-2.142199615341326,s118.819630391570101
175_20,s-2.757963605940070,s-2.411426071709118,s298.907375017929951
175_21,s-1.061404307061250,s-3.611741749887891,s119.122332478713815
175_22,s2.764217162650238,s1.118322654217266,s118.924012486720088
175_23,s-1.090738952440304,s-0.811674769519474,s118.908106635480053
175_24,s2.867487430540103,s-0.592656891509445,s298.924011267169874
175_25,s1.780046230911284,s-0.911807026275885,s119.026372038263048
175_26,s-1.774551466574147,s1.700250038134983,s299.117432515482335
175_27,s-1.852358525651315,s-1.011165210639012,s298.908108299989976
175_28,s-3.635941352688834,s-3.081842415468057,s298.819917802051123
175_29,s-3.635941255966007,s-3.810850553336117,s298.819960266414512
175_30,s0.974523969564750,s-1.077686941508250,s299.026374707550929
175_31,s2.872967182126763,s0.106507713851030,s298.924010814609858
175_32,s-0.924927307391073,s-2.413311613118473,s299.113440976095376
175_33,s0.917624613300927,s2.517150836772127,s119.178071419735602
175_34,s-1.068705523581056,s-2.913998926922696,s119.111591828220156
175_35,s0.160535496451104,s1.618796649419386,s299.175761654688586
175_36,s-3.635935543662566,s1.216419345743048,s298.800063255175985
175_37,s0.025367543401898,s-1.050601225147134,s299.026375728505116
175_38,s-2.891169483352489,s-2.869805091689120,s118.819915980879671
175_39,s-0.000794744069358,s2.517028891220355,s119.177672763249177
175_40,s-3.636125002992282,s2.546701644130397,s299.406510123931412
175_41,s0.916228687775015,s-3.111425428947380,s299.185242883463957
175_42,s-0.916800843296262,s-3.112658099431157,s299.137371442078006
175_43,s-1.999075952204563,s-1.513577872466402,s118.854017061549825
175_44,s1.994283760691340,s1.620926137534349,s299.016964447009116
175_45,s1.720845940568154,s-2.250695539812785,s119.177814112653380
175_46,s1.677992381718586,s-2.909135927649831,s119.185244016420995
175_47,s-1.688420289965961,s3.014335587436483,s299.092924828015612
175_48,s2.836905493804069,s-1.264407091786907,s298.924011559550593
175_49,s1.882849698245442,s-1.826756365971085,s299.036329665067683
175_50,s2.760334808300378,s1.818041868676097,s119.016967917192943
175_51,s1.842194830181183,s1.819979777954009,s119.178305379316825
175_52,s1.689211183796891,s-3.609982215335220,s119.185244320847190
175_53,s-0.006933838246511,s3.214434686818908,s119.177672179338543
175_54,s2.828188861492815,s-3.228247879848655,s296.279430750562085
175_55,s3.636876666162264,s-1.095308302191657,s118.924011329558084
175_56,s-2.885939197403512,s-1.418271297546446,s118.810198708758904
175_57,s3.636876659668631,s0.304340772323340,s118.924010155664490
175_58,s-0.973323400165650,s1.870598560085070,s119.117434800475749
175_59,s2.889773124078793,s1.541007488222622,s298.924004439473435
175_60,s-1.884785706194037,s2.628018912647886,s118.858091421034899
175_61,s-0.043466636596762,s1.170440956848747,s119.083314166719177
175_62,s-2.839304863381522,s2.723861356770153,s119.406510519920090
175_63,s-1.950493430427270,s0.611088806531597,s118.800063689720119
175_64,s-2.700577434955023,s2.472321391967621,s298.858091543966282
175_65,s0.008505884680567,s1.817258239394318,s119.175762838353506
175_66,s-2.003250635196440,s-0.810751391031227,s118.800063785970806
175_67,s2.886343333717219,s0.817475085831140,s298.924008687221772
175_68,s-3.635941341573874,s-2.352635408680256,s298.819913976390694
175_69,s-1.016445062447916,s0.525703566555472,s118.870906192896598
175_70,s1.836036680470339,s2.517274075007938,s119.177570618363063
175_71,s2.602937471476221,s-3.606028718795174,s119.199194041116840
175_72,s0.823096141593695,s-0.878533978130083,s119.026375115953101
175_73,s-2.743822489004398,s-3.810851363101629,s298.819432277688975
175_74,s0.947284347902558,s-1.750674963452975,s299.029767820697543
175_75,s-0.837579352519529,s0.994852057821474,s299.083312686900797
175_76,s2.707526161865866,s-0.988974326776943,s118.924012649601082
175_77,s-1.784902039268851,s1.029326401639181,s298.870906309872566
175_78,s0.053603116574625,s-0.376815209935076,s299.026373743164299
175_79,s-3.635935641339402,s-0.903804516122207,s298.800413343306332
175_80,s-0.909559596015703,s-3.810345089708713,s299.122393673308238
175_81,s-1.815314528822412,s0.356341938389976,s298.870906345890717
175_82,s1.830089340792177,s-3.107582029777459,s299.194371320211360
175_83,s1.862130769062676,s-2.487468233414931,s299.177813995823044
175_84,s-2.761903717075628,s-1.711534264288235,s298.854017808538174
175_85,s-1.083748451288905,s-1.514590709826013,s118.982333917621432
175_86,s-2.718214890017116,s1.115723485389996,s298.800063381136624
175_87,s1.998771496971586,s0.921713622897516,s298.924012618717995
175_88,s0.932626484186293,s1.118912229913528,s119.096260844673324
175_89,s0.753297764635121,s-2.211701949089963,s119.114512606499702
175_90,s-0.018526082457218,s-1.711984756091935,s299.109495174423330
175_91,s1.846944737373613,s1.121030811707159,s119.101477025155944
175_92,s-0.170343332934770,s-1.513141230883173,s119.053964918749273
175_93,s2.686421033250153,s-2.979822402914163,s119.194371051683873
175_94,s-1.834513442372486,s-3.112313472047379,s299.111592351752904
175_95,s2.694827035574317,s-1.665882191169854,s119.036329737227703
175_96,s1.800794689705636,s-0.234447610278468,s119.026369809156662
175_97,s3.636308245514818,s-3.097288509654271,s116.279430831155892
175_98,s-0.932211539681959,s-1.713967986687847,s299.053968675378087
175_99,s-0.143575691413473,s-3.611763286894145,s119.143804004332921
175_100,s3.636876665021300,s-0.399190148053435,s118.924010525973515
175_101,s1.937282028501296,s-0.486798204615286,s298.924013371730098
175_102,s-2.884515796576901,s-0.697282659575616,s118.800064921168286
175_103,s-0.773230223555135,s3.015803739978925,s299.177672707434397
175_104,s-0.097711898224120,s-0.177264246082559,s119.026374668118976
175_105,s3.636876612105688,s1.752231981115918,s118.923893231481813
175_106,s1.063471641917221,s3.015977468284812,s299.177531334692048
175_107,s0.773142648409096,s-3.610847754181822,s119.144380347866132
175_108,s-2.846653385002607,s1.392633415011889,s118.800063493219881
175_109,s-1.827083335243355,s-3.810435696912355,s299.067765325807159
175_110,s0.857920762611208,s-0.209978978289051,s119.026373858523883
175_111,s2.755789550770479,s-3.815898010092200,s296.058634117705481
175_112,s-2.001322871190317,s-0.084433779601061,s118.800063788440966
175_113,s-1.992563476724457,s-2.214957519947428,s118.907372722249391
175_114,s-1.919637980064301,s1.285344605718255,s118.858091831096132
175_115,s-1.847677680677458,s-1.713028309543576,s298.982568420588223
175_116,s-0.895342888812651,s-0.349408971127986,s299.026374797487620
175_117,s-2.869413766201200,s0.010799174233107,s118.800062878224836
175_118,s3.636876455288813,s2.482599531587285,s118.923388468496427
175_119,s-0.916089073930176,s2.514637728607976,s119.124464062490901
175_120,s2.811879125464481,s-2.573429416039623,s299.036330067904601
175_121,s0.151245659595201,s2.318571196674647,s299.178779536506397
175_122,s3.636874797850430,s3.214858491968239,s118.922854640095508
175_123,s-0.865061418382702,s0.325651208412762,s299.026374200895020
175_124,s-0.152625569424966,s-2.912778632090371,s119.137370481363320
175_125,s2.828815330185118,s-1.926695535529118,s299.036330329693101
175_126,s3.636910857943295,s-2.422915318193256,s119.036330156504576
175_127,s2.000085470696515,s0.202072726943566,s298.924012331617178
175_128,s-1.986328595586867,s-2.913285142729673,s119.023401051363308
175_129,s2.892804599191257,s2.268959759254615,s298.923857684041138
175_130,s-0.063421266908869,s0.494613087272615,s119.026374309399017
175_131,s0.145069039223073,s3.015859303005536,s299.177674119228129
175_132,s1.008800078767036,s-0.411066993576994,s299.026371888352287
175_133,s0.878804513578038,s0.467272959155216,s119.026374800301937
175_134,s-1.076743780482792,s-2.214651154088755,s119.104392172954235
175_135,s-2.751452115234722,s-3.111205753829043,s299.023402066854715
175_136,s2.673774148840574,s-2.324641415264955,s119.177814049270935
175_137,s-2.748987406144482,s-0.293956583433587,s298.800063432602713
175_138,s1.075817725356159,s1.621404908279620,s299.178370550451916
175_139,s-2.740895102459366,s0.435770743579612,s298.800063553074381
175_140,s-2.869852098775096,s0.710878652595506,s118.800063241645717
175_141,s0.764204505012629,s-2.912654832966246,s119.144410269436747
175_142,s0.107174998311478,s0.967953885061409,s299.083314024597598
175_143,s2.751545933416768,s0.409825281548925,s118.924012026732527
175_144,s-2.821558094737688,s2.053083620288665,s119.115065193620453
175_145,s1.029745482158163,s0.266402405804819,s299.026370217139231
175_146,s-0.160138641159205,s-2.214170705708922,s119.113419584506772
175_147,s-1.906070590176615,s1.972191478008795,s118.858091606198727
175_148,s2.737839204788766,s-0.318166322055893,s118.924012340966598
175_149,s-3.636030973585298,s1.893244237362187,s299.115064102127008
175_150,s0.923777533353798,s1.819860008989004,s119.178779626157649
175_151,s-1.840720476963807,s-2.414339580238178,s299.104440631841214
175_152,s-3.635938515688736,s-1.626028789561397,s298.810204277920036
175_153,s1.916286176354221,s-1.165030368018337,s298.924022906743289
175_154,s-1.856821752769524,s-0.306630367079344,s298.870910390617325
175_155,s0.795760936122610,s-1.551826602653096,s119.029760406303780
175_156,s-0.939196162999454,s-1.010988334440383,s299.026378844082274
175_157,s0.911436062794063,s3.214434915185917,s119.177532634849896
175_158,s-0.008450903655704,s-2.413259973254620,s299.114512967186158
175_159,s-0.125991915333871,s-0.851207037311733,s119.026376717879103
175_160,s2.754508992583999,s2.516301322172152,s119.104208694836345
175_161,s3.636876662607276,s1.025966361404166,s118.924005856073862
175_162,s-2.719701818529061,s3.131673288169599,s298.314178604564177
175_163,s-0.764043270351317,s2.315985645515100,s299.175763304539998
175_164,s-3.635935541028076,s-0.183631218396495,s298.800064599446500
175_165,s0.008343193176272,s-3.810309656969752,s299.143802434475049
175_166,s-0.000859040950475,s-3.111906559630969,s299.144407238259930
175_167,s-3.569882426451736,s3.146856392127717,s301.389716758931456
175_168,s3.635558467217893,s-3.762693994280419,s116.058622139960804
175_169,s-1.046003927801671,s-0.146807359790003,s118.870906598808574
175_170,s0.924805907715344,s-3.810308695977625,s299.144385829174837
175_171,s0.086674551763356,s0.290761010123042,s299.026374607512480
175_172,s-1.978738606565390,s-3.611687897643278,s119.067770028655701
175_173,s1.981894237522397,s3.015906150978435,s299.105676625276203
175_174,s-2.765888332113005,s-1.008290417413913,s298.800065248982719
176_0,s-3.512900106594253,s-1.282853958402183,s152.208944527550386
176_1,s1.526074268937661,s2.101420904459879,s247.561859001127090
176_2,s1.278746002314592,s-2.272252787863195,s67.587999162393558
176_3,s2.679028979975853,s1.562881715269945,s247.560996322408840
176_4,s-3.511185024430910,s-3.330202475204311,s150.225909280282934
176_5,s0.123815877694939,s-3.349088804346799,s67.673945128025679
176_6,s-1.945401057742844,s-3.832291567149730,s246.208764308186630
176_7,s1.278429323802261,s-2.810680405368681,s67.620240642894117
176_8,s-1.031657393857123,s-2.810475979417277,s67.677975282764180
176_9,s3.586710206294450,s-3.887587302776817,s67.625162867037645
176_10,s0.368051338511299,s-0.052262842333962,s247.443894538652643
176_11,s0.123914042313271,s-1.195158177210277,s67.588549783501620
176_12,s0.123523655504982,s-2.810585473281864,s67.666475561440635
176_13,s-1.031408780497306,s-3.887815678012680,s67.575492250288022
176_14,s1.278620302804407,s-3.348992028475136,s67.694561838658828
176_15,s-2.197761964935851,s-1.761610709791873,s68.884098803855764
176_16,s-3.524917005550782,s-0.078270915332079,s-922.991279289205863
176_17,s1.523071775045536,s-0.052836514921815,s247.626190191568753
176_18,s2.677178737213263,s-0.052852449012890,s247.602554134801125
176_19,s0.372333579421246,s2.101476715910398,s247.560603215206129
176_20,s0.369655102599001,s0.486124494434601,s247.489882966972573
176_21,s-3.541943731863158,s1.054158155267856,s-205.399508749502786
176_22,s2.433588260463937,s-2.271825085821813,s67.615701642187119
176_23,s-2.361462741252571,s-3.434624715505247,s45.495073008655666
176_24,s0.372970414720374,s3.178208597921260,s247.669702554531966
176_25,s2.432920043559968,s-3.348881637995367,s67.618767853027265
176_26,s1.285833313434871,s3.113580254352787,s67.595729375019900
176_27,s-0.781073939559932,s3.178338566720406,s247.611153755073815
176_28,s2.675911764915138,s-1.129898144520954,s247.605679631560406
176_29,s1.522434904517995,s-0.591036984024296,s247.510860395097154
176_30,s2.674406588465859,s-3.283970422954512,s247.604527378251618
176_31,s-2.180632749808789,s0.958356183599427,s-1372.464358832123025
176_32,s-0.789296200862358,s-2.745701145456189,s247.673787596180603
176_33,s-3.132114565679502,s-2.769551452566148,s350.215890485151249
176_34,s-1.937305765899398,s1.562989769686060,s247.532377046446953
176_35,s2.675284103426974,s-2.206905101114427,s247.594840844543171
176_36,s0.365448507556687,s-2.745338361836700,s247.623929801769577
176_37,s-3.091256477102466,s1.562357104679597,s247.548073623865008
176_38,s2.435919508458430,s0.420740941118823,s67.571033224473311
176_39,s1.525336986848481,s1.562911087359511,s247.558860981004301
176_40,s-0.789463901015875,s-3.822776793290638,s247.637441681260242
176_41,s-1.031261497029630,s-3.348981162206588,s67.683210538828092
176_42,s-2.219139746034145,s-2.315203156260917,s70.526930411022533
176_43,s-1.031059347655002,s-1.733671104806735,s67.589639421904806
176_44,s0.128798580240773,s1.497235249778497,s67.503309481158141
176_45,s1.283571264846495,s1.497718558269140,s67.551619011342112
176_46,s-0.789264743458442,s-1.668387028993617,s247.574242051974267
176_47,s-2.179354701194422,s1.497293813533839,s67.549939182462936
176_48,s-3.573905795606370,s-1.012907508981684,s340.240743556765494
176_49,s2.676551368403332,s-0.591192752371283,s247.538495734496024
176_50,s3.591763522828985,s2.036343679139732,s67.561165415710519
176_51,s2.680959026488628,s3.178374084966387,s247.592443363798225
176_52,s0.124273374128727,s-3.887535344050536,s67.699255869263141
176_53,s-3.089665053557384,s2.639625355629617,s247.561812106284549
176_54,s2.437337841215583,s1.497754167542054,s67.558408500825678
176_55,s2.679762688333884,s2.101404499547555,s247.562269709389795
176_56,s1.284400054869240,s2.036303562394042,s67.563938249284092
176_57,s-3.531598676121400,s-2.290168152388247,s-3252.089594370163923
176_58,s0.371561532118696,s1.562985869515913,s247.551499856223245
176_59,s-1.026459540383834,s0.958803726609231,s67.524784613047345
176_60,s2.438093360407514,s2.036299752458676,s67.562156428706345
176_61,s2.674819640844106,s-2.745400466844116,s247.585311209731060
176_62,s3.587056344898270,s-3.349099355581701,s67.586684982488819
176_63,s-0.783286875190799,s1.562998477771705,s247.525528658796077
176_64,s1.523665138748067,s0.485951779860930,s247.527857834666719
176_65,s-2.176569806452852,s3.113270223526717,s67.590955656345272
176_66,s-2.193857287226921,s-1.211973516919316,s69.763703206020509
176_67,s-0.789522512581153,s-2.207119894987655,s247.651661960800482
176_68,s-0.785441143129837,s0.485885248569305,s247.541824418605671
176_69,s2.680432868894950,s2.639909071074586,s247.572494620763848
176_70,s0.123564978121787,s-1.733605079216974,s67.617003844101404
176_71,s-3.089010617917958,s3.178101714276058,s247.601059807731758
176_72,s1.281557231113770,s0.420255899925555,s67.503395320073253
176_73,s3.589434617383211,s-0.117705621749275,s67.598246296781127
176_74,s3.589805260610525,s0.420821224602072,s67.600052262259240
176_75,s2.433799316625584,s-1.733263239649846,s67.625270249433669
176_76,s-1.934928200502241,s3.178338701705400,s247.611838423910825
176_77,s-3.147763379862934,s-1.228462841495260,s255.762713961116845
176_78,s-3.207016184429123,s-3.110008861209322,s227.612172201434362
176_79,s2.678290017793822,s1.024370556408485,s247.558845063470756
176_80,s1.279781895318604,s-0.656697105801627,s67.590232115780097
176_81,s-3.096006637792386,s-0.631176061952080,s248.407584472361407
176_82,s-0.787644945026171,s-0.591237070509233,s247.542916938504845
176_83,s-0.784367984389939,s1.024489833343935,s247.520314528403588
176_84,s3.588775808267259,s-0.656388404330812,s67.548824739434949
176_85,s3.582243030708839,s3.165774395594802,s68.490059845346707
176_86,s3.590333287676624,s0.959247228085929,s67.564300839732454
176_87,s-3.591342210324200,s1.305765777974282,s332.681736387505680
176_88,s0.372912073322053,s2.639906612607266,s247.591909313244940
176_89,s3.587445663115276,s-2.810393450900682,s67.626473742484322
176_90,s0.370747843761755,s1.024468392841621,s247.552084536388691
176_91,s-3.583321532135947,s-2.944969263291028,s-1417.755342690631323
176_92,s1.521115864551485,s-2.206890057057542,s247.619403442698911
176_93,s1.524566588689658,s1.024391965090732,s247.557158783432811
176_94,s2.434006026389249,s-1.194790559887882,s67.607525990506119
176_95,s1.520358673503574,s-3.822678665097506,s247.603688426269542
176_96,s-1.943244569790498,s-1.668708771401862,s247.591064380955942
176_97,s-1.028556052400183,s-0.118274905617896,s67.523804641752164
176_98,s1.521499699946549,s-1.129714796301582,s247.569308412494905
176_99,s-1.940484134325522,s-0.052666074740718,s247.524138798173539
176_100,s3.588225928821001,s-1.194739863878331,s67.609160265774207
176_101,s-1.939472052913435,s0.485871975887291,s247.537350707013957
176_102,s-3.591378409441274,s2.420994916866136,s332.641393871436435
176_103,s-1.025321486269984,s1.497391023686796,s-292.467037869338753
176_104,s2.433214173024080,s-2.810429161317096,s67.594212813063805
176_105,s0.365633531916761,s-3.284049280624180,s247.694576758712884
176_106,s2.432567465077434,s-3.887483327401529,s67.603935893040997
176_107,s-3.092663455233811,s1.022826422510900,s247.579684433922722
176_108,s1.526776054318010,s2.639926849506125,s247.567528708428171
176_109,s1.279010306428715,s-1.733609355275360,s67.634100133178535
176_110,s0.126639803977529,s0.420278167529662,s67.535411043035168
176_111,s-2.189340462563358,s-0.668734631683310,s-651.598544487483537
176_112,s-1.944640865821752,s-2.746342488678394,s247.722258292490125
176_113,s2.436595302820046,s0.959237918285476,s67.560903901827103
176_114,s2.439460024741867,s3.113591023758325,s67.588761956651666
176_115,s-3.583408662392408,s0.172425113260343,s334.618860056160713
176_116,s-0.789265182669657,s-3.284036270191530,s247.607232007953940
176_117,s-0.788559058084974,s-1.129811563193890,s247.553523988633998
176_118,s1.521180423219519,s-1.668436651066193,s247.643140296476190
176_119,s0.130810711106095,s2.574487465625431,s67.568751395509366
176_120,s0.365868723512822,s-3.822387604932756,s247.629971240940023
176_121,s2.438804125518658,s2.574909494544544,s67.565360497728975
176_122,s-2.178318002220888,s2.035988071899316,s67.566135614343125
176_123,s0.365952886067265,s-1.129758627783306,s247.612903710961177
176_124,s1.520451324052096,s-3.283949496360816,s247.627220480244176
176_125,s-2.206251827338436,s-2.861564657229888,s67.667855819422741
176_126,s-3.086974586465515,s0.467910025392511,s247.627793151159125
176_127,s-1.022609295205232,s3.113456473471988,s67.610238782769088
176_128,s1.278811808608717,s-3.887697672079386,s67.627560066920523
176_129,s0.123420151542464,s-2.272091698779294,s67.634795513782834
176_130,s1.282785879248278,s0.959138420586389,s67.553908781746415
176_131,s1.527326167957397,s3.178380557294609,s247.591512878869963
176_132,s-3.102917264941047,s-1.746428418714150,s249.346322416563311
176_133,s-1.944028205570953,s-3.284866947174077,s247.683850471278447
176_134,s2.675619391249813,s-1.668430436037459,s247.610229021095932
176_135,s0.365601576731545,s-2.206811993439006,s247.620332565471699
176_136,s2.677566652862821,s0.485694151741167,s247.593529619819350
176_137,s-1.024269096625824,s2.035962296636941,s67.535552297617926
176_138,s-3.448023641579941,s-3.883040601722293,s-6234.152796046389085
176_139,s-1.030413629104673,s-1.195264802104300,s67.548703152093083
176_140,s2.435495319480184,s-0.117661537002308,s67.616117232535956
176_141,s-1.941579676769495,s-0.591455779816263,s247.553982176800019
176_142,s-0.782328965854623,s2.101467941703032,s247.549384886445750
176_143,s0.129966821397527,s2.035847618115411,s67.530121816444975
176_144,s-1.936330972368111,s2.101500697659083,s247.536651117263574
176_145,s-1.938417969915732,s1.024466856147225,s247.522535240355069
176_146,s2.674093541751551,s-3.822519296036500,s247.608553339798760
176_147,s-0.781552503320249,s2.639957492957672,s247.562051269729750
176_148,s0.365758760897729,s-1.668302450451684,s247.622842540694705
176_149,s1.279288132603439,s-1.195237293640721,s67.581694480848014
176_150,s-3.539044315403093,s3.289380756395964,s152.506564015568358
176_151,s1.520771571590872,s-2.745309979138552,s247.582975316891634
176_152,s-1.029538490069221,s-0.656735220609021,s67.547572029017999
176_153,s-0.786452931399795,s-0.052573492401244,s247.518425769548884
176_154,s3.588002521543876,s-1.733254581429257,s67.618557411650528
176_155,s-1.944121244590528,s-2.206983313665510,s247.498300259081674
176_156,s1.285136239146793,s2.574914840436112,s67.580621036082903
176_157,s-2.177442813147023,s2.574521764729699,s67.536078936815841
176_158,s-1.031570776615612,s-2.272221947769944,s67.578941968441569
176_159,s-1.023337660772021,s2.574612485161163,s67.559522348811015
176_160,s0.131374314482059,s3.113167309380166,s67.610794440728228
176_161,s-2.188286746368247,s-0.121884635323688,s-650.591978427790195
176_162,s-1.935457482140279,s2.639974771155704,s247.553883042593583
176_163,s3.591064377914017,s1.497772652566415,s67.562715665157157
176_164,s2.434671615731037,s-0.656501839392478,s67.524840936162050
176_165,s-3.117254988046827,s-0.101523286421761,s251.506782864742092
176_166,s-1.942388247439217,s-1.129983155434403,s247.548347323254859
176_167,s-3.090456584858042,s2.100938556179395,s247.578710924906062
176_168,s0.127645033389209,s0.958783653849161,s67.528254461745135
176_169,s1.280511295572332,s-0.118315583407444,s67.536338274151575
176_170,s0.124526829344231,s-0.656723565279882,s67.557315111140625
176_171,s-2.181719892187947,s0.419807770911312,s67.627522281174237
176_172,s3.587697812726016,s-2.271845916088320,s67.608290485719252
176_173,s0.366604874174884,s-0.591009027438564,s247.528059457894614
176_174,s-1.027463461086530,s0.420316498871299,s67.538329670867952
176_175,s0.125511011939643,s-0.118321712120403,s67.512378535327954
177_0,s-3.512900106594253,s-1.282853958402183,s152.208944527550386
177_1,s1.526074268937661,s2.101420904459879,s247.561859001127090
177_2,s1.278746002314592,s-2.272252787863195,s67.587999162393558
177_3,s2.679028979975853,s1.562881715269945,s247.560996322408840
177_4,s-3.511185024430910,s-3.330202475204311,s150.225909280282934
177_5,s0.123815877694939,s-3.349088804346799,s67.673945128025679
177_6,s-1.945401057742844,s-3.832291567149730,s246.208764308186630
177_7,s1.278429323802261,s-2.810680405368681,s67.620240642894117
177_8,s-1.031657393857123,s-2.810475979417277,s67.677975282764180
177_9,s3.586710206294450,s-3.887587302776817,s67.625162867037645
177_10,s0.368051338511299,s-0.052262842333962,s247.443894538652643
177_11,s0.123914042313271,s-1.195158177210277,s67.588549783501620
177_12,s0.123523655504982,s-2.810585473281864,s67.666475561440635
177_13,s-1.031408780497306,s-3.887815678012680,s67.575492250288022
177_14,s1.278620302804407,s-3.348992028475136,s67.694561838658828
177_15,s-2.197761964935851,s-1.761610709791873,s68.884098803855764
177_16,s-3.524917005550782,s-0.078270915332079,s-922.991279289205863
177_17,s1.523071775045536,s-0.052836514921815,s247.626190191568753
177_18,s2.677178737213263,s-0.052852449012890,s247.602554134801125
177_19,s0.372333579421246,s2.101476715910398,s247.560603215206129
177_20,s0.369655102599001,s0.486124494434601,s247.489882966972573
177_21,s-3.541943731863158,s1.054158155267856,s-205.399508749502786
177_22,s2.433588260463937,s-2.271825085821813,s67.615701642187119
177_23,s-2.361462741252571,s-3.434624715505247,s45.495073008655666
177_24,s0.372970414720374,s3.178208597921260,s247.669702554531966
177_25,s2.432920043559968,s-3.348881637995367,s67.618767853027265
177_26,s1.285833313434871,s3.113580254352787,s67.595729375019900
177_27,s-0.781073939559932,s3.178338566720406,s247.611153755073815
177_28,s2.675911764915138,s-1.129898144520954,s247.605679631560406
177_29,s1.522434904517995,s-0.591036984024296,s247.510860395097154
177_30,s2.674406588465859,s-3.283970422954512,s247.604527378251618
177_31,s-2.180632749808789,s0.958356183599427,s-1372.464358832123025
177_32,s-0.789296200862358,s-2.745701145456189,s247.673787596180603
177_33,s-3.132114565679502,s-2.769551452566148,s350.215890485151249
177_34,s-1.937305765899398,s1.562989769686060,s247.532377046446953
177_35,s2.675284103426974,s-2.206905101114427,s247.594840844543171
177_36,s0.365448507556687,s-2.745338361836700,s247.623929801769577
177_37,s-3.091256477102466,s1.562357104679597,s247.548073623865008
177_38,s2.435919508458430,s0.420740941118823,s67.571033224473311
177_39,s1.525336986848481,s1.562911087359511,s247.558860981004301
177_40,s-0.789463901015875,s-3.822776793290638,s247.637441681260242
177_41,s-1.031261497029630,s-3.348981162206588,s67.683210538828092
177_42,s-2.219139746034145,s-2.315203156260917,s70.526930411022533
177_43,s-1.031059347655002,s-1.733671104806735,s67.589639421904806
177_44,s0.128798580240773,s1.497235249778497,s67.503309481158141
177_45,s1.283571264846495,s1.497718558269140,s67.551619011342112
177_46,s-0.789264743458442,s-1.668387028993617,s247.574242051974267
177_47,s-2.179354701194422,s1.497293813533839,s67.549939182462936
177_48,s-3.573905795606370,s-1.012907508981684,s340.240743556765494
177_49,s2.676551368403332,s-0.591192752371283,s247.538495734496024
177_50,s3.591763522828985,s2.036343679139732,s67.561165415710519
177_51,s2.680959026488628,s3.178374084966387,s247.592443363798225
177_52,s0.124273374128727,s-3.887535344050536,s67.699255869263141
177_53,s-3.089665053557384,s2.639625355629617,s247.561812106284549
177_54,s2.437337841215583,s1.497754167542054,s67.558408500825678
177_55,s2.679762688333884,s2.101404499547555,s247.562269709389795
177_56,s1.284400054869240,s2.036303562394042,s67.563938249284092
177_57,s-3.531598676121400,s-2.290168152388247,s-3252.089594370163923
177_58,s0.371561532118696,s1.562985869515913,s247.551499856223245
177_59,s-1.026459540383834,s0.958803726609231,s67.524784613047345
177_60,s2.438093360407514,s2.036299752458676,s67.562156428706345
177_61,s2.674819640844106,s-2.745400466844116,s247.585311209731060
177_62,s3.587056344898270,s-3.349099355581701,s67.586684982488819
177_63,s-0.783286875190799,s1.562998477771705,s247.525528658796077
177_64,s1.523665138748067,s0.485951779860930,s247.527857834666719
177_65,s-2.176569806452852,s3.113270223526717,s67.590955656345272
177_66,s-2.193857287226921,s-1.211973516919316,s69.763703206020509
177_67,s-0.789522512581153,s-2.207119894987655,s247.651661960800482
177_68,s-0.785441143129837,s0.485885248569305,s247.541824418605671
177_69,s2.680432868894950,s2.639909071074586,s247.572494620763848
177_70,s0.123564978121787,s-1.733605079216974,s67.617003844101404
177_71,s-3.089010617917958,s3.178101714276058,s247.601059807731758
177_72,s1.281557231113770,s0.420255899925555,s67.503395320073253
177_73,s3.589434617383211,s-0.117705621749275,s67.598246296781127
177_74,s3.589805260610525,s0.420821224602072,s67.600052262259240
177_75,s2.433799316625584,s-1.733263239649846,s67.625270249433669
177_76,s-1.934928200502241,s3.178338701705400,s247.611838423910825
177_77,s-3.147763379862934,s-1.228462841495260,s255.762713961116845
177_78,s-3.207016184429123,s-3.110008861209322,s227.612172201434362
177_79,s2.678290017793822,s1.024370556408485,s247.558845063470756
177_80,s1.279781895318604,s-0.656697105801627,s67.590232115780097
177_81,s-3.096006637792386,s-0.631176061952080,s248.407584472361407
177_82,s-0.787644945026171,s-0.591237070509233,s247.542916938504845
177_83,s-0.784367984389939,s1.024489833343935,s247.520314528403588
177_84,s3.588775808267259,s-0.656388404330812,s67.548824739434949
177_85,s3.582243030708839,s3.165774395594802,s68.490059845346707
177_86,s3.590333287676624,s0.959247228085929,s67.564300839732454
177_87,s-3.591342210324200,s1.305765777974282,s332.681736387505680
177_88,s0.372912073322053,s2.639906612607266,s247.591909313244940
177_89,s3.587445663115276,s-2.810393450900682,s67.626473742484322
177_90,s0.370747843761755,s1.024468392841621,s247.552084536388691
177_91,s-2.429552425894211,s-3.865530338134533,s81.693005226409980
177_92,s-3.583321532135947,s-2.944969263291028,s-1417.755342690631323
177_93,s1.521115864551485,s-2.206890057057542,s247.619403442698911
177_94,s1.524566588689658,s1.024391965090732,s247.557158783432811
177_95,s2.434006026389249,s-1.194790559887882,s67.607525990506119
177_96,s1.520358673503574,s-3.822678665097506,s247.603688426269542
177_97,s-1.943244569790498,s-1.668708771401862,s247.591064380955942
177_98,s-1.028556052400183,s-0.118274905617896,s67.523804641752164
177_99,s1.521499699946549,s-1.129714796301582,s247.569308412494905
177_100,s-1.940484134325522,s-0.052666074740718,s247.524138798173539
177_101,s3.588225928821001,s-1.194739863878331,s67.609160265774207
177_102,s-1.939472052913435,s0.485871975887291,s247.537350707013957
177_103,s-3.591378409441274,s2.420994916866136,s332.641393871436435
177_104,s-1.025321486269984,s1.497391023686796,s-292.467037869338753
177_105,s2.433214173024080,s-2.810429161317096,s67.594212813063805
177_106,s0.365633531916761,s-3.284049280624180,s247.694576758712884
177_107,s2.432567465077434,s-3.887483327401529,s67.603935893040997
177_108,s-3.092663455233811,s1.022826422510900,s247.579684433922722
177_109,s1.526776054318010,s2.639926849506125,s247.567528708428171
177_110,s1.279010306428715,s-1.733609355275360,s67.634100133178535
177_111,s0.126639803977529,s0.420278167529662,s67.535411043035168
177_112,s-2.189340462563358,s-0.668734631683310,s-651.598544487483537
177_113,s-1.944640865821752,s-2.746342488678394,s247.722258292490125
177_114,s2.436595302820046,s0.959237918285476,s67.560903901827103
177_115,s2.439460024741867,s3.113591023758325,s67.588761956651666
177_116,s-3.583408662392408,s0.172425113260343,s334.618860056160713
177_117,s-0.789265182669657,s-3.284036270191530,s247.607232007953940
177_118,s-0.788559058084974,s-1.129811563193890,s247.553523988633998
177_119,s1.521180423219519,s-1.668436651066193,s247.643140296476190
177_120,s0.130810711106095,s2.574487465625431,s67.568751395509366
177_121,s0.365868723512822,s-3.822387604932756,s247.629971240940023
177_122,s2.438804125518658,s2.574909494544544,s67.565360497728975
177_123,s-2.178318002220888,s2.035988071899316,s67.566135614343125
177_124,s0.365952886067265,s-1.129758627783306,s247.612903710961177
177_125,s1.520451324052096,s-3.283949496360816,s247.627220480244176
177_126,s-2.206251827338436,s-2.861564657229888,s67.667855819422741
177_127,s-3.086974586465515,s0.467910025392511,s247.627793151159125
177_128,s-1.022609295205232,s3.113456473471988,s67.610238782769088
177_129,s1.278811808608717,s-3.887697672079386,s67.627560066920523
177_130,s0.123420151542464,s-2.272091698779294,s67.634795513782834
177_131,s1.282785879248278,s0.959138420586389,s67.553908781746415
177_132,s1.527326167957397,s3.178380557294609,s247.591512878869963
177_133,s-3.102917264941047,s-1.746428418714150,s249.346322416563311
177_134,s-1.944028205570953,s-3.284866947174077,s247.683850471278447
177_135,s2.675619391249813,s-1.668430436037459,s247.610229021095932
177_136,s0.365601576731545,s-2.206811993439006,s247.620332565471699
177_137,s2.677566652862821,s0.485694151741167,s247.593529619819350
177_138,s-1.024269096625824,s2.035962296636941,s67.535552297617926
177_139,s-3.448023641579941,s-3.883040601722293,s-6234.152796046389085
177_140,s-1.030413629104673,s-1.195264802104300,s67.548703152093083
177_141,s2.435495319480184,s-0.117661537002308,s67.616117232535956
177_142,s-1.941579676769495,s-0.591455779816263,s247.553982176800019
177_143,s-0.782328965854623,s2.101467941703032,s247.549384886445750
177_144,s0.129966821397527,s2.035847618115411,s67.530121816444975
177_145,s-1.936330972368111,s2.101500697659083,s247.536651117263574
177_146,s-1.938417969915732,s1.024466856147225,s247.522535240355069
177_147,s2.674093541751551,s-3.822519296036500,s247.608553339798760
177_148,s-0.781552503320249,s2.639957492957672,s247.562051269729750
177_149,s0.365758760897729,s-1.668302450451684,s247.622842540694705
177_150,s1.279288132603439,s-1.195237293640721,s67.581694480848014
177_151,s-3.539044315403093,s3.289380756395964,s152.506564015568358
177_152,s1.520771571590872,s-2.745309979138552,s247.582975316891634
177_153,s-1.029538490069221,s-0.656735220609021,s67.547572029017999
177_154,s-0.786452931399795,s-0.052573492401244,s247.518425769548884
177_155,s3.588002521543876,s-1.733254581429257,s67.618557411650528
177_156,s-1.944121244590528,s-2.206983313665510,s247.498300259081674
177_157,s1.285136239146793,s2.574914840436112,s67.580621036082903
177_158,s-2.177442813147023,s2.574521764729699,s67.536078936815841
177_159,s-1.031570776615612,s-2.272221947769944,s67.578941968441569
177_160,s-1.023337660772021,s2.574612485161163,s67.559522348811015
177_161,s0.131374314482059,s3.113167309380166,s67.610794440728228
177_162,s-2.188286746368247,s-0.121884635323688,s-650.591978427790195
177_163,s-1.935457482140279,s2.639974771155704,s247.553883042593583
177_164,s3.591064377914017,s1.497772652566415,s67.562715665157157
177_165,s2.434671615731037,s-0.656501839392478,s67.524840936162050
177_166,s-3.117254988046827,s-0.101523286421761,s251.506782864742092
177_167,s-1.942388247439217,s-1.129983155434403,s247.548347323254859
177_168,s-3.090456584858042,s2.100938556179395,s247.578710924906062
177_169,s0.127645033389209,s0.958783653849161,s67.528254461745135
177_170,s1.280511295572332,s-0.118315583407444,s67.536338274151575
177_171,s0.124526829344231,s-0.656723565279882,s67.557315111140625
177_172,s-2.181719892187947,s0.419807770911312,s67.627522281174237
177_173,s3.587697812726016,s-2.271845916088320,s67.608290485719252
177_174,s0.366604874174884,s-0.591009027438564,s247.528059457894614
177_175,s-1.027463461086530,s0.420316498871299,s67.538329670867952
177_176,s0.125511011939643,s-0.118321712120403,s67.512378535327954
178_0,s-3.512900106594253,s-1.282853958402183,s152.467601172920268
178_1,s1.526074268937661,s2.101420904459879,s247.820515646496972
178_2,s1.278746002314592,s-2.272252787863195,s67.846655807763455
178_3,s2.679028979975853,s1.562881715269945,s247.819652967778723
178_4,s-3.513822702330008,s-3.329680068676125,s150.484565925652817
178_5,s0.123815877694939,s-3.349088804346799,s67.932601773395575
178_6,s-1.945401057742844,s-3.832291567149730,s246.467420953556513
178_7,s1.278429323802261,s-2.810680405368681,s67.878897288264014
178_8,s-1.031657393857123,s-2.810475979417277,s67.936631928134076
178_9,s3.586710206294450,s-3.887587302776817,s67.883819512407541
178_10,s0.368051338511299,s-0.052262842333962,s247.702551184022525
178_11,s0.123914042313271,s-1.195158177210277,s67.847206428871516
178_12,s0.123523655504982,s-2.810585473281864,s67.925132206810531
178_13,s-1.031408780497306,s-3.887815678012680,s67.834148895657918
178_14,s1.278620302804407,s-3.348992028475136,s67.953218484028724
178_15,s-2.197761964935851,s-1.761610709791873,s69.142755449225660
178_16,s-3.524917005550782,s-0.078270915332079,s-1282.732622643836066
178_17,s1.523071775045536,s-0.052836514921815,s247.884846836938635
178_18,s2.677178737213263,s-0.052852449012890,s247.861210780171007
178_19,s0.372333579421246,s2.101476715910398,s247.819259860576011
178_20,s0.369655102599001,s0.486124494434601,s247.748539612342455
178_21,s-3.541943731863158,s1.054158155267856,s-565.140852104132932
178_22,s2.433588260463937,s-2.271825085821813,s67.874358287557016
178_23,s-2.361462741252571,s-3.434624715505247,s45.753729654025555
178_24,s0.372970414720374,s3.178208597921260,s247.928359199901848
178_25,s2.432920043559968,s-3.348881637995367,s67.877424498397161
178_26,s1.285833313434871,s3.113580254352787,s67.854386020389796
178_27,s-0.781073939559932,s3.178338566720406,s247.869810400443697
178_28,s2.675911764915138,s-1.129898144520954,s247.864336276930288
178_29,s1.522434904517995,s-0.591036984024296,s247.769517040467036
178_30,s2.674406588465859,s-3.283970422954512,s247.863184023621500
178_31,s-2.180632749808789,s0.958356183599427,s-1732.205702186753115
178_32,s-0.789296200862358,s-2.745701145456189,s247.932444241550485
178_33,s-3.132114565679502,s-2.769551452566148,s350.474547130521159
178_34,s-1.937305765899398,s1.562989769686060,s247.791033691816835
178_35,s2.675284103426974,s-2.206905101114427,s247.853497489913053
178_36,s0.365448507556687,s-2.745338361836700,s247.882586447139460
178_37,s-3.091256477102466,s1.562357104679597,s247.806730269234890
178_38,s2.435919508458430,s0.420740941118823,s67.829689869843207
178_39,s1.525336986848481,s1.562911087359511,s247.817517626374183
178_40,s-0.789463901015875,s-3.822776793290638,s247.896098326630124
178_41,s-1.031261497029630,s-3.348981162206588,s67.941867184197989
178_42,s-2.219139746034145,s-2.315203156260917,s70.785587056392430
178_43,s-1.031059347655002,s-1.733671104806735,s67.848296067274703
178_44,s0.128798580240773,s1.497235249778497,s67.761966126528037
178_45,s3.592536701452131,s2.575041160649526,s67.835402341650237
178_46,s1.283571264846495,s1.497718558269140,s67.810275656712008
178_47,s-0.789264743458442,s-1.668387028993617,s247.832898697344149
178_48,s-2.179354701194422,s1.497293813533839,s67.808595827832832
178_49,s-3.573905795606370,s-1.012907508981684,s340.499400202135405
178_50,s2.676551368403332,s-0.591192752371283,s247.797152379865906
178_51,s3.591763522828985,s2.036343679139732,s67.819822061080416
178_52,s2.680959026488628,s3.178374084966387,s247.851100009168107
178_53,s0.124273374128727,s-3.887535344050536,s67.957912514633037
178_54,s-3.089665053557384,s2.639625355629617,s247.820468751654431
178_55,s2.437337841215583,s1.497754167542054,s67.817065146195574
178_56,s2.679762688333884,s2.101404499547555,s247.820926354759678
178_57,s1.284400054869240,s2.036303562394042,s67.822594894653989
178_58,s-3.531598676121400,s-2.290168152388247,s-3611.830937724794239
178_59,s0.371561532118696,s1.562985869515913,s247.810156501593127
178_60,s-1.026459540383834,s0.958803726609231,s67.783441258417241
178_61,s2.438093360407514,s2.036299752458676,s67.820813074076241
178_62,s2.674819640844106,s-2.745400466844116,s247.843967855100942
178_63,s3.587056344898270,s-3.349099355581701,s67.845341627858716
178_64,s-0.783286875190799,s1.562998477771705,s247.784185304165959
178_65,s1.523665138748067,s0.485951779860930,s247.786514480036601
178_66,s-2.176569806452852,s3.113270223526717,s67.849612301715169
178_67,s-2.193857287226921,s-1.211973516919316,s70.022359851390405
178_68,s-0.789522512581153,s-2.207119894987655,s247.910318606170364
178_69,s-0.785441143129837,s0.485885248569305,s247.800481063975553
178_70,s2.680432868894950,s2.639909071074586,s247.831151266133730
178_71,s0.123564978121787,s-1.733605079216974,s67.875660489471301
178_72,s-3.089010617917958,s3.178101714276058,s247.859716453101640
178_73,s1.281557231113770,s0.420255899925555,s67.762051965443149
178_74,s3.589434617383211,s-0.117705621749275,s67.856902942151024
178_75,s3.589805260610525,s0.420821224602072,s67.858708907629136
178_76,s2.433799316625584,s-1.733263239649846,s67.883926894803565
178_77,s-1.934928200502241,s3.178338701705400,s247.870495069280707
178_78,s-3.147763379862934,s-1.228462841495260,s256.021370606486755
178_79,s-3.207016184429123,s-3.110008861209322,s227.870828846804244
178_80,s2.678290017793822,s1.024370556408485,s247.817501708840638
178_81,s1.279781895318604,s-0.656697105801627,s67.848888761149993
178_82,s-3.096006637792386,s-0.631176061952080,s248.666241117731289
178_83,s-0.787644945026171,s-0.591237070509233,s247.801573583874728
178_84,s-0.784367984389939,s1.024489833343935,s247.778971173773471
178_85,s3.588775808267259,s-0.656388404330812,s67.807481384804845
178_86,s3.582243030708839,s3.165774395594802,s68.748716490716603
178_87,s3.590333287676624,s0.959247228085929,s67.822957485102350
178_88,s-3.591342210324200,s1.305765777974282,s332.940393032875591
178_89,s0.372912073322053,s2.639906612607266,s247.850565958614823
178_90,s3.587445663115276,s-2.810393450900682,s67.885130387854218
178_91,s0.370747843761755,s1.024468392841621,s247.810741181758573
178_92,s-2.429552425894211,s-3.865530338134533,s81.951661871779876
178_93,s-3.585103860957761,s-2.943676121784625,s-1777.496686045261413
178_94,s1.521115864551485,s-2.206890057057542,s247.878060088068793
178_95,s1.524566588689658,s1.024391965090732,s247.815815428802694
178_96,s2.434006026389249,s-1.194790559887882,s67.866182635876015
178_97,s1.520358673503574,s-3.822678665097506,s247.862345071639425
178_98,s-1.943244569790498,s-1.668708771401862,s247.849721026325824
178_99,s-1.028556052400183,s-0.118274905617896,s67.782461287122061
178_100,s1.521499699946549,s-1.129714796301582,s247.827965057864787
178_101,s-1.940484134325522,s-0.052666074740718,s247.782795443543421
178_102,s3.588225928821001,s-1.194739863878331,s67.867816911144104
178_103,s-1.939472052913435,s0.485871975887291,s247.796007352383839
178_104,s-3.591378409441274,s2.420994916866136,s332.900050516806346
178_105,s-1.025321486269984,s1.497391023686796,s-652.208381223968900
178_106,s2.433214173024080,s-2.810429161317096,s67.852869458433702
178_107,s0.365633531916761,s-3.284049280624180,s247.953233404082766
178_108,s2.432567465077434,s-3.887483327401529,s67.862592538410894
178_109,s-3.092663455233811,s1.022826422510900,s247.838341079292604
178_110,s1.526776054318010,s2.639926849506125,s247.826185353798053
178_111,s1.279010306428715,s-1.733609355275360,s67.892756778548431
178_112,s0.126639803977529,s0.420278167529662,s67.794067688405065
178_113,s-2.189340462563358,s-0.668734631683310,s-1011.339887842113740
178_114,s-1.944640865821752,s-2.746342488678394,s247.980914937860007
178_115,s2.436595302820046,s0.959237918285476,s67.819560547197000
178_116,s2.439460024741867,s3.113591023758325,s67.847418602021563
178_117,s-3.583408662392408,s0.172425113260343,s334.877516701530624
178_118,s-0.789265182669657,s-3.284036270191530,s247.865888653323822
178_119,s-0.788559058084974,s-1.129811563193890,s247.812180634003880
178_120,s1.521180423219519,s-1.668436651066193,s247.901796941846072
178_121,s0.130810711106095,s2.574487465625431,s67.827408040879263
178_122,s0.365868723512822,s-3.822387604932756,s247.888627886309905
178_123,s2.438804125518658,s2.574909494544544,s67.824017143098871
178_124,s-2.178318002220888,s2.035988071899316,s67.824792259713021
178_125,s0.365952886067265,s-1.129758627783306,s247.871560356331059
178_126,s1.520451324052096,s-3.283949496360816,s247.885877125614059
178_127,s-2.206251827338436,s-2.861564657229888,s67.926512464792637
178_128,s-3.086974586465515,s0.467910025392511,s247.886449796529007
178_129,s-1.022609295205232,s3.113456473471988,s67.868895428138984
178_130,s1.278811808608717,s-3.887697672079386,s67.886216712290420
178_131,s0.123420151542464,s-2.272091698779294,s67.893452159152730
178_132,s1.282785879248278,s0.959138420586389,s67.812565427116311
178_133,s1.527326167957397,s3.178380557294609,s247.850169524239845
178_134,s-3.102917264941047,s-1.746428418714150,s249.604979061933193
178_135,s-1.944028205570953,s-3.284866947174077,s247.942507116648329
178_136,s2.675619391249813,s-1.668430436037459,s247.868885666465815
178_137,s0.365601576731545,s-2.206811993439006,s247.878989210841581
178_138,s2.677566652862821,s0.485694151741167,s247.852186265189232
178_139,s-1.024269096625824,s2.035962296636941,s67.794208942987822
178_140,s-3.450797752651704,s-3.885922321306416,s-6593.894139401018947
178_141,s-1.030413629104673,s-1.195264802104300,s67.807359797462979
178_142,s2.435495319480184,s-0.117661537002308,s67.874773877905852
178_143,s-1.941579676769495,s-0.591455779816263,s247.812638822169902
178_144,s-0.782328965854623,s2.101467941703032,s247.808041531815633
178_145,s0.129966821397527,s2.035847618115411,s67.788778461814871
178_146,s-1.936330972368111,s2.101500697659083,s247.795307762633456
178_147,s-1.938417969915732,s1.024466856147225,s247.781191885724951
178_148,s2.674093541751551,s-3.822519296036500,s247.867209985168643
178_149,s-0.781552503320249,s2.639957492957672,s247.820707915099632
178_150,s0.365758760897729,s-1.668302450451684,s247.881499186064588
178_151,s1.279288132603439,s-1.195237293640721,s67.840351126217911
178_152,s-3.542549590047662,s3.289975720256548,s152.765220660938240
178_153,s1.520771571590872,s-2.745309979138552,s247.841631962261516
178_154,s-1.029538490069221,s-0.656735220609021,s67.806228674387896
178_155,s-0.786452931399795,s-0.052573492401244,s247.777082414918766
178_156,s3.588002521543876,s-1.733254581429257,s67.877214057020424
178_157,s-1.944121244590528,s-2.206983313665510,s247.756956904451556
178_158,s1.285136239146793,s2.574914840436112,s67.839277681452799
178_159,s-2.177442813147023,s2.574521764729699,s67.794735582185737
178_160,s-1.031570776615612,s-2.272221947769944,s67.837598613811465
178_161,s-1.023337660772021,s2.574612485161163,s67.818178994180911
178_162,s0.131374314482059,s3.113167309380166,s67.869451086098124
178_163,s-2.188286746368247,s-0.121884635323688,s-1010.333321782420398
178_164,s-1.935457482140279,s2.639974771155704,s247.812539687963465
178_165,s3.591064377914017,s1.497772652566415,s67.821372310527053
178_166,s2.434671615731037,s-0.656501839392478,s67.783497581531947
178_167,s-3.117254988046827,s-0.101523286421761,s251.765439510111975
178_168,s-1.942388247439217,s-1.129983155434403,s247.807003968624741
178_169,s-3.090456584858042,s2.100938556179395,s247.837367570275944
178_170,s0.127645033389209,s0.958783653849161,s67.786911107115031
178_171,s1.280511295572332,s-0.118315583407444,s67.794994919521471
178_172,s0.124526829344231,s-0.656723565279882,s67.815971756510521
178_173,s-2.181719892187947,s0.419807770911312,s67.886178926544133
178_174,s3.587697812726016,s-2.271845916088320,s67.866947131089148
178_175,s0.366604874174884,s-0.591009027438564,s247.786716103264496
178_176,s-1.027463461086530,s0.420316498871299,s67.796986316237849
178_177,s0.125511011939643,s-0.118321712120403,s67.771035180697851
179_0,s-3.512900106594253,s-1.282853958402183,s152.467601172920268
179_1,s1.526074268937661,s2.101420904459879,s247.820515646496972
179_2,s1.278746002314592,s-2.272252787863195,s67.846655807763455
179_3,s2.679028979975853,s1.562881715269945,s247.819652967778723
179_4,s-3.513822702330008,s-3.329680068676125,s150.484565925652817
179_5,s0.123815877694939,s-3.349088804346799,s67.932601773395575
179_6,s-1.945401057742844,s-3.832291567149730,s246.467420953556513
179_7,s1.278429323802261,s-2.810680405368681,s67.878897288264014
179_8,s-1.031657393857123,s-2.810475979417277,s67.936631928134076
179_9,s3.586710206294450,s-3.887587302776817,s67.883819512407541
179_10,s0.368051338511299,s-0.052262842333962,s247.702551184022525
179_11,s0.123914042313271,s-1.195158177210277,s67.847206428871516
179_12,s0.123523655504982,s-2.810585473281864,s67.925132206810531
179_13,s-1.031408780497306,s-3.887815678012680,s67.834148895657918
179_14,s1.278620302804407,s-3.348992028475136,s67.953218484028724
179_15,s-2.197761964935851,s-1.761610709791873,s69.142755449225660
179_16,s-3.524917005550782,s-0.078270915332079,s-1282.732622643836066
179_17,s1.523071775045536,s-0.052836514921815,s247.884846836938635
179_18,s2.677178737213263,s-0.052852449012890,s247.861210780171007
179_19,s0.372333579421246,s2.101476715910398,s247.819259860576011
179_20,s0.369655102599001,s0.486124494434601,s247.748539612342455
179_21,s-3.541943731863158,s1.054158155267856,s-565.140852104132932
179_22,s2.433588260463937,s-2.271825085821813,s67.874358287557016
179_23,s-2.361462741252571,s-3.434624715505247,s45.753729654025555
179_24,s0.372970414720374,s3.178208597921260,s247.928359199901848
179_25,s2.432920043559968,s-3.348881637995367,s67.877424498397161
179_26,s1.285833313434871,s3.113580254352787,s67.854386020389796
179_27,s-0.781073939559932,s3.178338566720406,s247.869810400443697
179_28,s2.675911764915138,s-1.129898144520954,s247.864336276930288
179_29,s1.522434904517995,s-0.591036984024296,s247.769517040467036
179_30,s2.674406588465859,s-3.283970422954512,s247.863184023621500
179_31,s-2.180632749808789,s0.958356183599427,s-1732.205702186753115
179_32,s-0.789296200862358,s-2.745701145456189,s247.932444241550485
179_33,s-3.132114565679502,s-2.769551452566148,s350.474547130521159
179_34,s-1.937305765899398,s1.562989769686060,s247.791033691816835
179_35,s2.675284103426974,s-2.206905101114427,s247.853497489913053
179_36,s0.365448507556687,s-2.745338361836700,s247.882586447139460
179_37,s-3.091256477102466,s1.562357104679597,s247.806730269234890
179_38,s2.435919508458430,s0.420740941118823,s67.829689869843207
179_39,s1.525336986848481,s1.562911087359511,s247.817517626374183
179_40,s-0.789463901015875,s-3.822776793290638,s247.896098326630124
179_41,s-1.031261497029630,s-3.348981162206588,s67.941867184197989
179_42,s-2.219139746034145,s-2.315203156260917,s70.785587056392430
179_43,s-1.031059347655002,s-1.733671104806735,s67.848296067274703
179_44,s0.128798580240773,s1.497235249778497,s67.761966126528037
179_45,s3.592536701452131,s2.575041160649526,s67.835402341650237
179_46,s1.283571264846495,s1.497718558269140,s67.810275656712008
179_47,s-0.789264743458442,s-1.668387028993617,s247.832898697344149
179_48,s-2.179354701194422,s1.497293813533839,s67.808595827832832
179_49,s-3.573905795606370,s-1.012907508981684,s340.499400202135405
179_50,s2.676551368403332,s-0.591192752371283,s247.797152379865906
179_51,s3.591763522828985,s2.036343679139732,s67.819822061080416
179_52,s2.680959026488628,s3.178374084966387,s247.851100009168107
179_53,s0.124273374128727,s-3.887535344050536,s67.957912514633037
179_54,s-3.089665053557384,s2.639625355629617,s247.820468751654431
179_55,s2.437337841215583,s1.497754167542054,s67.817065146195574
179_56,s2.679762688333884,s2.101404499547555,s247.820926354759678
179_57,s1.284400054869240,s2.036303562394042,s67.822594894653989
179_58,s-3.531598676121400,s-2.290168152388247,s-3611.830937724794239
179_59,s0.371561532118696,s1.562985869515913,s247.810156501593127
179_60,s-1.026459540383834,s0.958803726609231,s67.783441258417241
179_61,s2.438093360407514,s2.036299752458676,s67.820813074076241
179_62,s2.674819640844106,s-2.745400466844116,s247.843967855100942
179_63,s3.587056344898270,s-3.349099355581701,s67.845341627858716
179_64,s-0.783286875190799,s1.562998477771705,s247.784185304165959
179_65,s1.523665138748067,s0.485951779860930,s247.786514480036601
179_66,s-2.176569806452852,s3.113270223526717,s67.849612301715169
179_67,s-3.545075015434297,s2.172486150537217,s152.898244821507348
179_68,s-2.193857287226921,s-1.211973516919316,s70.022359851390405
179_69,s-0.789522512581153,s-2.207119894987655,s247.910318606170364
179_70,s-0.785441143129837,s0.485885248569305,s247.800481063975553
179_71,s2.680432868894950,s2.639909071074586,s247.831151266133730
179_72,s0.123564978121787,s-1.733605079216974,s67.875660489471301
179_73,s-3.089010617917958,s3.178101714276058,s247.859716453101640
179_74,s1.281557231113770,s0.420255899925555,s67.762051965443149
179_75,s3.589434617383211,s-0.117705621749275,s67.856902942151024
179_76,s3.589805260610525,s0.420821224602072,s67.858708907629136
179_77,s2.433799316625584,s-1.733263239649846,s67.883926894803565
179_78,s-1.934928200502241,s3.178338701705400,s247.870495069280707
179_79,s-3.147763379862934,s-1.228462841495260,s256.021370606486755
179_80,s-3.207016184429123,s-3.110008861209322,s227.870828846804244
179_81,s2.678290017793822,s1.024370556408485,s247.817501708840638
179_82,s1.279781895318604,s-0.656697105801627,s67.848888761149993
179_83,s-3.096006637792386,s-0.631176061952080,s248.666241117731289
179_84,s-0.787644945026171,s-0.591237070509233,s247.801573583874728
179_85,s-0.784367984389939,s1.024489833343935,s247.778971173773471
179_86,s3.588775808267259,s-0.656388404330812,s67.807481384804845
179_87,s3.582243030708839,s3.165774395594802,s68.748716490716603
179_88,s3.590333287676624,s0.959247228085929,s67.822957485102350
179_89,s-3.591342210324200,s1.305765777974282,s332.940393032875591
179_90,s0.372912073322053,s2.639906612607266,s247.850565958614823
179_91,s3.587445663115276,s-2.810393450900682,s67.885130387854218
179_92,s0.370747843761755,s1.024468392841621,s247.810741181758573
179_93,s-2.429552425894211,s-3.865530338134533,s81.951661871779876
179_94,s-3.585103860957761,s-2.943676121784625,s-1777.496686045261413
179_95,s1.521115864551485,s-2.206890057057542,s247.878060088068793
179_96,s1.524566588689658,s1.024391965090732,s247.815815428802694
179_97,s2.434006026389249,s-1.194790559887882,s67.866182635876015
179_98,s1.520358673503574,s-3.822678665097506,s247.862345071639425
179_99,s-1.943244569790498,s-1.668708771401862,s247.849721026325824
179_100,s-1.028556052400183,s-0.118274905617896,s67.782461287122061
179_101,s1.521499699946549,s-1.129714796301582,s247.827965057864787
179_102,s-1.940484134325522,s-0.052666074740718,s247.782795443543421
179_103,s3.588225928821001,s-1.194739863878331,s67.867816911144104
179_104,s-1.939472052913435,s0.485871975887291,s247.796007352383839
179_105,s-3.591378409441274,s2.420994916866136,s332.900050516806346
179_106,s-1.025321486269984,s1.497391023686796,s-652.208381223968900
179_107,s2.433214173024080,s-2.810429161317096,s67.852869458433702
179_108,s0.365633531916761,s-3.284049280624180,s247.953233404082766
179_109,s2.432567465077434,s-3.887483327401529,s67.862592538410894
179_110,s-3.092663455233811,s1.022826422510900,s247.838341079292604
179_111,s1.526776054318010,s2.639926849506125,s247.826185353798053
179_112,s1.279010306428715,s-1.733609355275360,s67.892756778548431
179_113,s0.126639803977529,s0.420278167529662,s67.794067688405065
179_114,s-2.189340462563358,s-0.668734631683310,s-1011.339887842113740
179_115,s-1.944640865821752,s-2.746342488678394,s247.980914937860007
179_116,s2.436595302820046,s0.959237918285476,s67.819560547197000
179_117,s2.439460024741867,s3.113591023758325,s67.847418602021563
179_118,s-3.583408662392408,s0.172425113260343,s334.877516701530624
179_119,s-0.789265182669657,s-3.284036270191530,s247.865888653323822
179_120,s-0.788559058084974,s-1.129811563193890,s247.812180634003880
179_121,s1.521180423219519,s-1.668436651066193,s247.901796941846072
179_122,s0.130810711106095,s2.574487465625431,s67.827408040879263
179_123,s0.365868723512822,s-3.822387604932756,s247.888627886309905
179_124,s2.438804125518658,s2.574909494544544,s67.824017143098871
179_125,s-2.178318002220888,s2.035988071899316,s67.824792259713021
179_126,s0.365952886067265,s-1.129758627783306,s247.871560356331059
179_127,s1.520451324052096,s-3.283949496360816,s247.885877125614059
179_128,s-2.206251827338436,s-2.861564657229888,s67.926512464792637
179_129,s-3.086974586465515,s0.467910025392511,s247.886449796529007
179_130,s-1.022609295205232,s3.113456473471988,s67.868895428138984
179_131,s1.278811808608717,s-3.887697672079386,s67.886216712290420
179_132,s0.123420151542464,s-2.272091698779294,s67.893452159152730
179_133,s1.282785879248278,s0.959138420586389,s67.812565427116311
179_134,s1.527326167957397,s3.178380557294609,s247.850169524239845
179_135,s-3.102917264941047,s-1.746428418714150,s249.604979061933193
179_136,s-1.944028205570953,s-3.284866947174077,s247.942507116648329
179_137,s2.675619391249813,s-1.668430436037459,s247.868885666465815
179_138,s0.365601576731545,s-2.206811993439006,s247.878989210841581
179_139,s2.677566652862821,s0.485694151741167,s247.852186265189232
179_140,s-1.024269096625824,s2.035962296636941,s67.794208942987822
179_141,s-3.450797752651704,s-3.885922321306416,s-6593.894139401018947
179_142,s-1.030413629104673,s-1.195264802104300,s67.807359797462979
179_143,s2.435495319480184,s-0.117661537002308,s67.874773877905852
179_144,s-1.941579676769495,s-0.591455779816263,s247.812638822169902
179_145,s-0.782328965854623,s2.101467941703032,s247.808041531815633
179_146,s0.129966821397527,s2.035847618115411,s67.788778461814871
179_147,s-1.936330972368111,s2.101500697659083,s247.795307762633456
179_148,s-1.938417969915732,s1.024466856147225,s247.781191885724951
179_149,s2.674093541751551,s-3.822519296036500,s247.867209985168643
179_150,s-0.781552503320249,s2.639957492957672,s247.820707915099632
179_151,s0.365758760897729,s-1.668302450451684,s247.881499186064588
179_152,s1.279288132603439,s-1.195237293640721,s67.840351126217911
179_153,s-3.542549590047662,s3.289975720256548,s152.765220660938240
179_154,s1.520771571590872,s-2.745309979138552,s247.841631962261516
179_155,s-1.029538490069221,s-0.656735220609021,s67.806228674387896
179_156,s-0.786452931399795,s-0.052573492401244,s247.777082414918766
179_157,s3.588002521543876,s-1.733254581429257,s67.877214057020424
179_158,s-1.944121244590528,s-2.206983313665510,s247.756956904451556
179_159,s1.285136239146793,s2.574914840436112,s67.839277681452799
179_160,s-2.177442813147023,s2.574521764729699,s67.794735582185737
179_161,s-1.031570776615612,s-2.272221947769944,s67.837598613811465
179_162,s-1.023337660772021,s2.574612485161163,s67.818178994180911
179_163,s0.131374314482059,s3.113167309380166,s67.869451086098124
179_164,s-2.188286746368247,s-0.121884635323688,s-1010.333321782420398
179_165,s-1.935457482140279,s2.639974771155704,s247.812539687963465
179_166,s3.591064377914017,s1.497772652566415,s67.821372310527053
179_167,s2.434671615731037,s-0.656501839392478,s67.783497581531947
179_168,s-3.117254988046827,s-0.101523286421761,s251.765439510111975
179_169,s-1.942388247439217,s-1.129983155434403,s247.807003968624741
179_170,s-3.090456584858042,s2.100938556179395,s247.837367570275944
179_171,s0.127645033389209,s0.958783653849161,s67.786911107115031
179_172,s1.280511295572332,s-0.118315583407444,s67.794994919521471
179_173,s0.124526829344231,s-0.656723565279882,s67.815971756510521
179_174,s-2.181719892187947,s0.419807770911312,s67.886178926544133
179_175,s3.587697812726016,s-2.271845916088320,s67.866947131089148
179_176,s0.366604874174884,s-0.591009027438564,s247.786716103264496
179_177,s-1.027463461086530,s0.420316498871299,s67.796986316237849
179_178,s0.125511011939643,s-0.118321712120403,s67.771035180697851
180_0,s3.594328432312970,s-3.235407720901914,s68.196270681369725
180_1,s-3.099035360405296,s3.288799522968285,s250.489742419008422
180_2,s-1.021074215547295,s-2.698120257867904,s68.200387695246206
180_3,s2.440556180049936,s-3.774548146200532,s68.193736969776211
180_4,s0.374397894135996,s-1.556118196717756,s248.197451140515312
180_5,s-2.169185498255452,s2.690048333757749,s68.028463646803090
180_6,s2.440647500885103,s-1.081917916332001,s68.199042222402653
180_7,s0.136559491398523,s2.688989685414038,s68.032239764465260
180_8,s-0.779648038779228,s-3.710199059842314,s248.193706838466255
180_9,s1.286928693476530,s0.533098449963335,s68.197289878160731
180_10,s-0.779548289121551,s0.059439401508123,s248.197151395100917
180_11,s-2.181903183265423,s-3.237506986406528,s67.990520100482883
180_12,s2.440640153166588,s-1.620450419031274,s68.197347743653324
180_13,s-2.175276310368307,s-0.543379424048055,s68.198025328448651
180_14,s2.682018732384535,s-3.171027102997823,s248.196760353917114
180_15,s-2.176971528440809,s1.611366167468660,s68.445614086229995
180_16,s3.580858224885544,s3.292869781779618,s-7492.388745613008723
180_17,s-3.088615087713876,s-2.093418047512455,s248.072729401690083
180_18,s-2.175403295934429,s-1.620469374600970,s68.184771491841019
180_19,s-1.933849644181256,s-0.478333462482773,s248.198027818025366
180_20,s-1.020988779056810,s-1.082578794343541,s68.197393857085729
180_21,s0.374417302297793,s-0.479085460001051,s248.197538172496223
180_22,s2.441824887515040,s2.689120623750636,s68.053902351686531
180_23,s1.286892264528738,s-1.620976612496881,s68.197396665281957
180_24,s-1.012061036285465,s3.229848566585295,s68.028292236084226
180_25,s-1.933947143505204,s1.137292288347797,s248.205848413827141
180_26,s-2.175289031147632,s2.148626038034895,s-1732.257352171016691
180_27,s-0.779606472510898,s-2.633145628348045,s248.197681559294665
180_28,s-3.090423137027659,s-2.631900646763355,s248.009110442611416
180_29,s3.594347043604959,s2.150164636889540,s68.179141537400341
180_30,s0.132925411862213,s-3.236650783277991,s68.196047351131014
180_31,s0.374407795327519,s-1.017602177065531,s248.197622344217393
180_32,s2.440652033524707,s0.533645444836938,s68.197719001999104
180_33,s2.682076789142269,s1.137160662519269,s248.196588057433019
180_34,s1.286901542924412,s-1.082457599011021,s68.197675974054690
180_35,s1.286947690885937,s1.071641745653940,s68.191854114818526
180_36,s-2.180289260758284,s-3.773977324375512,s68.726409866223548
180_37,s-3.087943124208068,s-1.016738472063303,s248.200732121487533
180_38,s0.132999921054841,s-0.005548352693578,s68.197325695986876
180_39,s-1.020967814249847,s-0.005544630460345,s68.197753867622225
180_40,s-1.021047534184402,s-2.159630192877933,s68.190781661147668
180_41,s0.378151460901692,s2.753282718760540,s248.032242281990392
180_42,s-1.020964017245597,s0.532974435834167,s68.198636886956876
180_43,s3.594231106563680,s-0.003927466325130,s68.199949366813911
180_44,s-2.175286113651359,s-1.081898129879226,s68.197586886458822
180_45,s-1.021086370646264,s-3.775173681154789,s68.192985759272517
180_46,s0.132945242815699,s-2.698131819941671,s68.196946701666988
180_47,s-2.175662572864372,s1.072277991064328,s68.237059766752822
180_48,s3.594217830695936,s0.534598787750298,s68.198883779341301
180_49,s2.440648830129196,s-0.004879609129806,s68.198082500957256
180_50,s0.140439685622601,s3.229876370225694,s68.024383420096655
180_51,s-0.779010543781588,s1.675196790684234,s248.121771681730536
180_52,s-1.935952284111753,s-3.708199991913635,s247.753877175023234
180_53,s1.289107548749088,s2.688961052278299,s68.032290064570901
180_54,s0.374700470433056,s1.675068249141742,s248.165762326833828
180_55,s-1.933944647610233,s-3.170921964202812,s248.199877705328731
180_56,s-3.088561393654131,s0.598661798587589,s248.254812761738862
180_57,s2.682135600281889,s1.675698553700276,s248.191463716515671
180_58,s-0.779623286718736,s-3.171657616382453,s248.195875116096801
180_59,s1.286886466001796,s-2.159508223230262,s68.197239529809622
180_60,s-3.086406376917766,s2.755866502383334,s248.558418853751192
180_61,s3.594354144566571,s2.690702786555551,s68.095657880170592
180_62,s-3.087996365313133,s-0.478240759530588,s248.207544180416932
180_63,s1.286919015886213,s-0.005420918375126,s68.197509138624127
180_64,s-0.770464501470790,s3.294124066453701,s248.028293937645060
180_65,s-3.180025851261320,s-3.259210097045843,s260.419143374194164
180_66,s0.133012601934935,s0.532969634215763,s68.196968918646860
180_67,s0.374427683152973,s0.059431301595257,s248.197437653276126
180_68,s1.287027470062249,s1.610249370573290,s68.175336056510304
180_69,s0.374363288091288,s-2.633149831110964,s248.196734773329865
180_70,s2.445884796972789,s3.228658524248175,s68.023802878754339
180_71,s0.132966648972502,s-1.621096998170531,s68.197618970009799
180_72,s1.528335072196644,s0.598087130501771,s248.197598074867898
180_73,s-1.927589503655600,s2.754324574846770,s248.028435637536006
180_74,s2.440840358138185,s2.149385686079322,s68.164399873292254
180_75,s-3.550784261403767,s2.355092385925962,s153.244158287933743
180_76,s0.382043424723345,s3.294134772532959,s248.023568886684870
180_77,s1.528311574785829,s-1.017467795298625,s248.198069045818016
180_78,s3.594235004328501,s-0.542453866902369,s68.198527478463703
180_79,s-3.087986586891913,s-1.555216335788287,s248.186716469352405
180_80,s-1.933850133481637,s0.060182870226870,s248.199027358744871
180_81,s-3.545451513432460,s-3.894134772532959,s354.921500750129042
180_82,s-1.021062474180282,s-3.236639685791647,s68.199330671408063
180_83,s3.594248138828315,s1.611637634270969,s68.192282620168626
180_84,s-0.779561233206336,s-0.479077588145955,s248.197307502297690
180_85,s0.132957585690542,s-2.159613444555571,s68.197632949684404
180_86,s3.594225970998591,s-1.619521674852470,s68.198300971763530
180_87,s-2.175325937946615,s-0.004828618573384,s68.210339644207863
180_88,s-2.164562629641737,s3.229848199646355,s68.028340945907317
180_89,s0.374347541147355,s-3.171669725260853,s248.197248579071186
180_90,s2.683497331509294,s2.753618940800085,s248.095657614913904
180_91,s1.528318068434108,s-0.478949809568898,s248.197770240092609
180_92,s2.682061837572588,s-1.016925180351403,s248.198095609812668
180_93,s2.440703903813295,s1.610743080412085,s68.186070158038135
180_94,s1.528251284489291,s-3.710112389520993,s248.193201126664405
180_95,s0.133696980851302,s2.149012497981461,s68.109431013222860
180_96,s2.440661344806006,s1.072179424066766,s68.195158473804113
180_97,s0.132976625837269,s-1.082581016645147,s68.197435273516746
180_98,s0.374382804798571,s-2.094632175328481,s248.196503726849159
180_99,s-3.107595397527051,s-3.767250295387647,s251.982274679603734
180_100,s-0.779583681934068,s-1.556112416436070,s248.197649584989875
180_101,s2.682053168533245,s-1.555458694409399,s248.198800389415169
180_102,s1.528302756538543,s-2.094517327918145,s248.197734998344799
180_103,s-3.589651085196417,s-0.734773422764417,s332.917402697894602
180_104,s-0.779532708191942,s0.597957060022381,s248.196732659583631
180_105,s-1.922966615528649,s3.294123965672807,s248.028339378090266
180_106,s2.682062097569801,s0.598636397911948,s248.198582632398313
180_107,s2.440630934169372,s-2.158965507513328,s68.197871366569487
180_108,s1.528803456523680,s2.213789387754057,s248.163975642208840
180_109,s1.528306840411260,s-1.555988107143107,s248.198029993445630
180_110,s3.594241590699932,s-2.696593225061950,s68.199618316334764
180_111,s0.375276518596214,s2.213718049671969,s248.137354426244116
180_112,s-3.593325588884881,s-1.872504772953706,s335.156380441508247
180_113,s-3.589971430540729,s0.375849408107031,s333.218851068798756
180_114,s2.682049092500757,s-2.093978172842637,s248.198104675634227
180_115,s3.594238783665929,s-2.158071876304494,s68.199651909386375
180_116,s-3.572042689424255,s2.735570525829689,s343.302519861152234
180_117,s-1.020749928675703,s1.610207484536701,s68.093433623723271
180_118,s1.287274062932295,s2.148976420256432,s68.140323289960023
180_119,s-3.578106734575904,s-3.063350543339023,s341.896413468672506
180_120,s-1.933869146756890,s-1.555365025079530,s248.197261069310201
180_121,s1.528483619522861,s1.675173051907889,s248.185613848908872
180_122,s-1.933958349278406,s-2.632406394218916,s248.200221669573921
180_123,s2.682318845509304,s2.214274217089353,s248.178646964324514
180_124,s3.594227783584746,s-1.080996760993764,s68.198557342718800
180_125,s-3.594354144566571,s1.486658281952434,s333.244158407343605
180_126,s0.133189481940364,s1.610241213273169,s68.146606953216818
180_127,s0.374495107736797,s1.136488597574212,s248.188627125947505
180_128,s2.688095882024951,s3.293582220698214,s248.266599272868802
180_129,s-0.779452448006158,s1.136509134315135,s248.183815154821190
180_130,s2.681973622095095,s-3.709563482134695,s-831.804223485462558
180_131,s-3.089513547769157,s1.136936838308231,s248.342066991433256
180_132,s1.286871682640886,s-2.698040548542047,s68.196853824769292
180_133,s2.682066341777592,s0.060114841992681,s248.199706543895644
180_134,s1.286910223975178,s-0.543940589885103,s68.197583339672263
180_135,s1.528268068545812,s-3.171574375256724,s248.197724167580731
180_136,s-0.779595085500634,s-2.094627528489119,s248.197118226253025
180_137,s0.133024531372296,s1.071559147455371,s68.188638471181520
180_138,s-0.774494894182759,s2.753543539969240,s248.032196931543695
180_139,s-3.088166892927769,s0.060226734154378,s248.225316582771001
180_140,s1.528289647980870,s-2.633035286077885,s248.197028270370396
180_141,s0.132906814132722,s-3.775164272578792,s68.197137592121578
180_142,s-1.016220208788906,s2.688959523010905,s68.028455673762110
180_143,s0.132988005179112,s-0.544064849469385,s68.197320814794764
180_144,s-1.933919402993193,s-2.093859158442775,s248.189062834846595
180_145,s-1.021002104736100,s-1.621096550413293,s68.196965841810780
180_146,s0.374327419491202,s-3.710183005927052,s248.195701997448793
180_147,s-2.176519316668344,s-2.159496993778331,s68.049361153238209
180_148,s2.682040723881556,s-2.632499588568080,s248.198443269271223
180_149,s-3.541199214557418,s-2.117055239084459,s155.170270999903181
180_150,s3.594213934810360,s1.073131494915340,s68.197175859005156
180_151,s-0.778075094108396,s2.213812601110767,s248.108842548961974
180_152,s-3.542257531217502,s-0.986366235043376,s154.861206064275621
180_153,s1.530753569097157,s2.753312882688682,s248.053902502889741
180_154,s-2.175433808712544,s0.533686306184996,s68.209776130842812
180_155,s-3.091747234391057,s1.674944738065825,s248.524751785729165
180_156,s-3.546716109236685,s0.128660541757184,s152.917399382506517
180_157,s1.292903085723238,s3.229878067198586,s68.023566986428904
180_158,s-3.550493357760597,s1.240461438261141,s153.220824405416437
180_159,s-1.933133897484389,s1.676305958066066,s248.026211375175706
180_160,s-2.178713898648918,s-2.698373679257282,s68.011188015221592
180_161,s-1.933878574379376,s0.598725242248462,s248.201387196375947
180_162,s2.682070602492893,s-0.478404940183960,s248.197700639927803
180_163,s1.534505121000930,s3.294134310608173,s248.023768170494691
180_164,s-0.779572980887938,s-1.017594437855936,s248.197386930533639
180_165,s2.440645212706107,s-0.543395498436300,s68.198458544754274
180_166,s-1.933856956799166,s-1.016848805534794,s248.197586613843583
180_167,s1.286855904608107,s-3.236565150520615,s68.196898802827192
180_168,s-1.931439286581837,s2.214849570642329,s248.029349375005751
180_169,s1.286831854613698,s-3.775090722131675,s68.196030892320039
180_170,s-3.089636691818034,s2.221450012435013,s247.097229144412523
180_171,s2.440611609649051,s-2.697488617625428,s68.196289625689133
180_172,s3.594271764290030,s-3.773948230998410,s68.192139609487711
180_173,s2.440588623805427,s-3.236016808068353,s68.197046975976136
180_174,s-1.020977321391107,s-0.544062056547611,s68.197421736682756
180_175,s0.374440000340029,s0.597948627009541,s248.197133458147306
180_176,s1.528366960252576,s1.136615150454222,s248.194909375828956
180_177,s-1.021001269068754,s1.071539880561119,s68.205993337149053
180_178,s-1.019828070394537,s2.149277290973575,s68.042989789780535
180_179,s1.528325520092662,s0.059569052728719,s248.197853043802496
181_0,s-3.080380206228228,s-3.234739910631379,s248.200726338194357
181_1,s0.380244009218928,s-2.692987798800662,s248.198113470626708
181_2,s-3.544602638856769,s0.060456972392917,s152.417881001267119
181_3,s-1.014670499444056,s0.472402189825127,s68.194859654524848
181_4,s0.380240797089761,s-3.770024720710011,s248.198603808232662
181_5,s-2.168318890027171,s-2.221577690657419,s68.200262523070990
181_6,s-1.014792115576155,s-0.604823185882251,s68.197919379715515
181_7,s1.292342590269666,s-3.833923493225164,s68.198940467371372
181_8,s-1.912103528919908,s3.241473082195122,s247.953396348668775
181_9,s-2.168246609779438,s-0.067434053082201,s68.198432441623055
181_10,s2.690531792332763,s2.698656381112354,s248.140811424864779
181_11,s-1.917563123656953,s2.697795639087777,s247.811176457717238
181_12,s-1.926899348145508,s-1.617995833591823,s248.199497608142451
181_13,s-3.582621884523263,s1.410076842316690,s331.893991807465966
181_14,s2.687301325178526,s-3.229129006436753,s248.206653558908442
181_15,s2.445901498171873,s-1.678514163535505,s68.207227258414193
181_16,s0.148807265814243,s3.177594078512324,s67.737662951494215
181_17,s-2.164462114723805,s2.091367950293152,s68.102153598493672
181_18,s-0.773051256192601,s1.076010445318838,s248.175048286838575
181_19,s-0.773360246138789,s-2.155395115356030,s248.201247104578869
181_20,s-0.771668076010514,s1.615643794348280,s248.066342859577929
181_21,s1.292337204291095,s-3.295405558117094,s68.199441172650538
181_22,s0.138831116111881,s-0.603901645470938,s68.198388222971957
181_23,s2.445906410394399,s-1.139921972650150,s68.208468155205253
181_24,s-2.168102036531979,s0.471223162407768,s68.196229128274013
181_25,s-3.596872062639692,s-3.046204084802904,s335.366003312283340
181_26,s0.138832557386899,s-2.757989170109227,s68.198143883614790
181_27,s0.138823052005659,s-3.835019985498458,s68.199163603576082
181_28,s3.599366482345062,s1.015778860562889,s68.204135550579196
181_29,s1.533797631726875,s0.539489552431229,s248.212987598371797
181_30,s-0.759813491702568,s3.241842100794185,s247.737730478074127
181_31,s1.292358339978085,s-0.602803408960870,s68.200047399910858
181_32,s3.599416620914319,s2.641187563458015,s68.140811389490565
181_33,s-1.013392697802302,s1.551276916339460,s68.019302018448229
181_34,s2.445844651235376,s0.475963035060255,s68.213002765312027
181_35,s2.446931862505099,s2.093210064349951,s68.085949282317614
181_36,s2.687306827109887,s-2.690570207120839,s248.207253724161063
181_37,s-3.080334204831396,s-0.003574476721941,s248.193670346824518
181_38,s-1.926858463624234,s-3.233562258894539,s248.200837651540752
181_39,s-1.014792653123870,s-1.143348816596834,s68.201000677685627
181_40,s1.535688472842322,s2.157212540681309,s248.085949277986344
181_41,s0.380245343263568,s-2.154471775912899,s248.198791833324492
181_42,s-0.773345876999789,s-3.770958649944795,s248.198184655986523
181_43,s-2.168266923627965,s-3.837126998134239,s68.200311161476066
181_44,s1.533769631073336,s-2.691847394566047,s248.202788123906430
181_45,s0.143574749704187,s2.633381716284893,s67.917392264093081
181_46,s-1.014482129970802,s1.011115999394487,s68.175147550937183
181_47,s-3.584850226322836,s0.307533942529468,s332.326036426175051
181_48,s-3.543466469341169,s1.161792367463307,s152.326036426092060
181_49,s1.533753584647626,s-3.768914935194671,s248.199478442874749
181_50,s-1.014758532314598,s-3.297437282290911,s68.200330114729056
181_51,s1.292354502109084,s-0.064276714148536,s68.198583405703246
181_52,s2.445877580875501,s-2.217091775563475,s68.203505418711856
181_53,s2.687307669386733,s-2.152017252871432,s248.206279620847369
181_54,s-1.014766594234307,s-2.758925580740271,s68.198524633534589
181_55,s1.296265552618326,s2.633550852349826,s68.022034180694547
181_56,s2.687222181760379,s1.079698115996224,s248.204094700805342
181_57,s-1.002071078267804,s3.178426363122559,s67.871612232932748
181_58,s-0.773342597910565,s-3.232442049723613,s248.198332762149192
181_59,s-3.075920508026694,s1.614081590156546,s247.997386159853590
181_60,s1.533767614849114,s-3.230392618936887,s248.205113645699299
181_61,s2.687499021971904,s1.618433654326755,s248.166888038290381
181_62,s2.445843986772354,s-3.832749533552906,s68.200203809983464
181_63,s-1.922948884742143,s2.155954827297757,s248.102115280851933
181_64,s-1.008518151103498,s2.633896210974677,s67.811177537315487
181_65,s2.448690339736977,s2.634056356098443,s68.038661378125411
181_66,s-1.014795627419316,s-1.681885769140448,s68.200068081288876
181_67,s1.294157005895503,s2.092693976514066,s68.085889024171991
181_68,s0.141513712458385,s2.091868248979286,s68.086191882613264
181_69,s1.534279147181389,s1.617343088237106,s248.166084614317214
181_70,s3.599399963474615,s-0.599933391065274,s68.210483152137215
181_71,s0.380251708213260,s-1.077434842882039,s248.199648943258836
181_72,s-2.168174198255675,s1.010098290057749,s68.227090651553979
181_73,s0.381232411375085,s1.616127391152386,s248.142258835470983
181_74,s2.687274656632867,s-3.767690294520361,s248.199234357289612
181_75,s2.687325478619614,s-0.536298256943052,s248.210543844069264
181_76,s-3.080427983351339,s-1.619186789068969,s248.200263797570358
181_77,s0.139488121774063,s1.551482693021233,s68.066342866070144
181_78,s-2.168284978777672,s-3.298609374107346,s68.200726230915592
181_79,s2.687314889015478,s-1.613460932792454,s248.206778534934301
181_80,s1.541953220074321,s3.240269490176236,s247.896223955257000
181_81,s-3.080444471363763,s-1.080670771067584,s248.200466892972287
181_82,s-3.080396191450855,s-2.696221382473389,s248.200286668785083
181_83,s3.599403307150104,s-1.138541554896182,s68.209596980102148
181_84,s2.445881525903917,s-2.755635060668934,s68.205812766312818
181_85,s1.533803486528090,s-1.614766947207514,s248.206573975496582
181_86,s-1.014777503666342,s-2.220399818335208,s68.201209810017616
181_87,s0.380249806611676,s-1.615951567608945,s248.198558638914108
181_88,s3.599397685266152,s-3.831407853587244,s68.208300794788258
181_89,s3.599404965836276,s-2.215756942339352,s68.207546879644454
181_90,s1.292353654489068,s0.474449704174384,s68.198381767554295
181_91,s-1.926823846505860,s-0.002396380756189,s248.198313892537669
181_92,s-1.926901032130865,s-1.079469888291064,s248.198547646350875
181_93,s-3.551698311944966,s-2.162037989111565,s155.365551334259038
181_94,s-3.068611281138570,s2.698797903579335,s247.805067028101462
181_95,s2.445913712704196,s-0.601353590523984,s68.207504351687518
181_96,s2.687347651549095,s0.002334271907629,s248.206971408316775
181_97,s-1.926893189330397,s-0.540946961629778,s248.199174932287832
181_98,s-3.080450453548873,s-0.542148697276086,s248.199575175994966
181_99,s3.599401157106033,s-1.677173304473571,s68.207054133436387
181_100,s3.599314290048071,s3.233997371612493,s426.174360337008125
181_101,s3.599414432241585,s1.554357221419422,s68.166888038127198
181_102,s3.599409325875434,s-0.061307213334430,s68.204322729554292
181_103,s2.445821631960273,s1.014681160547815,s68.204291546829040
181_104,s-1.011305785408279,s2.091314890769433,s68.102086117103582
181_105,s0.380431839033351,s1.076867217945406,s248.199175740430576
181_106,s-3.599391346453710,s-1.907380186695697,s332.407561254192558
181_107,s-1.926690425320637,s0.536204583894628,s248.194859652935804
181_108,s-0.773360904085494,s-1.616858945468595,s248.197697174362077
181_109,s1.533785770435542,s-2.153307232626980,s248.203176521129762
181_110,s0.385558682503417,s2.697476532073166,s248.022033708923431
181_111,s-3.076576648528339,s2.157111530713793,s248.102179011700798
181_112,s1.292341055942503,s-2.218369485595778,s68.198769479288828
181_113,s0.138940603682454,s1.011906602452532,s68.175048286802507
181_114,s-3.080412527476057,s-2.157703387490773,s248.200264162589377
181_115,s-1.926881669842030,s-2.156522209443356,s248.201194069126160
181_116,s0.383045790081943,s2.156387480287136,s248.085889024652914
181_117,s-2.168333679967222,s-1.683061583529706,s68.200098707268779
181_118,s0.138837972935288,s-0.065373655921265,s68.196270117959699
181_119,s2.697243449731417,s3.239437293006510,s248.859515972888744
181_120,s3.599392680777970,s-3.292869203048014,s68.205149907110936
181_121,s-3.536325172725534,s3.354206311222452,s151.746968331567160
181_122,s-0.766411862958207,s2.697546635016736,s247.917393730503733
181_123,s-1.014755613002843,s-3.835960455278500,s68.198935659451791
181_124,s-0.773258814249902,s0.537378432979272,s248.193895895962015
181_125,s1.292341385791527,s-2.756886694227373,s68.198837787933130
181_126,s1.533852560692987,s0.000910813054242,s248.209864035179095
181_127,s-3.080126024179787,s0.535009677957409,s248.196229127627873
181_128,s-3.087133716396244,s-3.774906397836821,s13566.017937753475053
181_129,s-1.926403240234264,s1.075051822762305,s248.175183859893906
181_130,s0.138837683128747,s-1.680953232478579,s68.197583610316315
181_131,s-3.575952347215827,s2.508860026552192,s331.746968331010180
181_132,s-2.153788338951662,s3.177508471204488,s67.955184143361151
181_133,s1.292751533544748,s1.552521515254430,s68.142258835365112
181_134,s3.599408933323621,s-2.754308961750562,s68.207355400072800
181_135,s-0.769734811095459,s2.155878273997891,s248.086191942561072
181_136,s2.688519645003405,s2.157790497059603,s248.108415471906227
181_137,s1.292347935665706,s-1.679853258995095,s68.197877328434217
181_138,s1.533812687961660,s-1.076212040347331,s248.207566009042154
181_139,s-3.080258453601560,s1.073454230203231,s248.227090652096308
181_140,s0.380252162632767,s-0.538912429820186,s248.197740299370508
181_141,s1.299826509138976,s3.176707039775534,s67.790893051238129
181_142,s-3.544456942517582,s-1.040766385583908,s152.407561254198640
181_143,s0.138925810595916,s0.473173808590315,s68.193895890110255
181_144,s-0.773355884832103,s-0.539806290539666,s248.199102548547160
181_145,s-2.159423234900746,s2.634445075386249,s67.805068350350851
181_146,s-0.773332470612938,s-0.001256147141736,s248.195838525133297
181_147,s-2.168349566405795,s-1.144544064185745,s68.200475812074998
181_148,s2.453069187657225,s3.173088687055087,s67.888660110416126
181_149,s0.380268348857134,s-0.000392030391023,s248.198216739589498
181_150,s2.446056228884636,s1.553575041165508,s68.166084614384005
181_151,s0.380343537414764,s0.538156677745874,s248.197264742874665
181_152,s-1.014749502726132,s-0.066246744410777,s68.198806528253115
181_153,s1.537910543307005,s2.697845700940593,s248.038661872781944
181_154,s-2.166298335478058,s1.552254839791109,s67.997386160373537
181_155,s-1.926866260871714,s-2.695036494438640,s248.199052801398693
181_156,s3.599407846804914,s0.477257656664779,s68.207565618049074
181_157,s0.390861501811018,s3.240789063666033,s247.790985921923351
181_158,s3.599419401763518,s2.095009289125005,s68.108415471848659
181_159,s0.380238322673435,s-3.231509599430513,s248.199128954109256
181_160,s-3.512195558446892,s-3.928894410412067,s3960.980808171310855
181_161,s2.445936432031279,s-0.062719052766651,s68.211406334088196
181_162,s1.292350304919936,s-1.141329865140524,s68.199626293423179
181_163,s-1.924612405335142,s1.616460257632434,s248.019302007563624
181_164,s0.138824575246650,s-3.296507595408833,s68.197663033654123
181_165,s2.445883022447616,s-3.294179425822992,s68.206672381806456
181_166,s-3.538134688090734,s2.261270182999176,s151.893991701131256
181_167,s1.533833298222650,s-0.537649137266160,s248.207296192888805
181_168,s-2.168359872803983,s-0.606028638754553,s68.199575208566387
181_169,s-3.584786502537848,s-0.794007927571158,s332.417880983812836
181_170,s0.138836138460909,s-1.142429437848777,s68.200002226361903
181_171,s-1.926841537570029,s-3.772088354482604,s248.198375385384509
181_172,s1.533835369476247,s1.078229912991813,s248.204213953878252
181_173,s-2.168303057624043,s-2.760094104623464,s68.200286668735473
181_174,s-3.065116946444451,s3.241204543216628,s248.071344528981200
181_175,s2.687292961967964,s0.540998943537869,s248.207582147935113
181_176,s0.138836266589221,s-2.219467739435614,s68.199241755112865
181_177,s1.292419448257848,s1.013220195882900,s68.199178050146301
181_178,s2.687320278986691,s-1.074880110137565,s248.209644920749582
181_179,s-0.773365251543154,s-1.078336726336937,s248.199412687369318
181_180,s-0.773346226348456,s-2.693925425800308,s248.199997823894449
182_0,s1.926383523609477,s-3.847476533065433,s67.974888185024980
182_1,s-1.529357579914890,s1.539607875103482,s68.213581522419716
182_2,s1.931157033846898,s-1.149125689033609,s68.212524663897511
182_3,s-0.134501753864348,s0.528787159813892,s248.216954895576492
182_4,s-2.682229998245489,s2.615560593320908,s68.227255050316430
182_5,s-0.134846145309728,s-3.244555913936618,s248.138246662036664
182_6,s-3.588710534647557,s3.233529818611631,s3847.198291062519729
182_7,s-1.287718644009815,s-0.550954465368050,s248.226348732241519
182_8,s-1.287433656845031,s-2.706368478489095,s248.199214001354477
182_9,s-3.594396373435905,s2.678810612755504,s248.225547256051641
182_10,s-1.287964959303372,s1.065758970762475,s248.221593224518074
182_11,s2.172313452609481,s-0.006579977054337,s248.211444574084027
182_12,s3.084435098694591,s-1.147384823286086,s68.200388320156620
182_13,s-2.682589615679764,s0.459747664093225,s68.230432903092805
182_14,s-1.287861352491699,s2.143647348491363,s248.204262576706327
182_15,s1.935805051208333,s3.171468621127036,s-652.653267492171040
182_16,s1.931046451679571,s-0.610335342838401,s68.225275749412759
182_17,s-0.375606049743200,s-1.152910953460363,s68.229547184187254
182_18,s2.172319963324834,s0.532164823374588,s248.203441089650767
182_19,s-0.134371778321421,s-0.548950226579113,s248.225225629425069
182_20,s-1.287552827976597,s-1.628761514343731,s248.231220717851585
182_21,s2.172235037610275,s1.609451776336736,s248.200992687556294
182_22,s-1.529274667470411,s2.078619456050563,s68.208445196813017
182_23,s1.931354594273033,s-2.226556529144406,s68.224731498208300
182_24,s3.085693391300725,s-3.310451607652406,s68.194469031355823
182_25,s3.558581654090970,s-3.963385865115764,s331.400631386080192
182_26,s2.170878131313203,s-3.240118238388542,s248.194469038658411
182_27,s1.018757543578586,s1.608036824601309,s248.209537686781402
182_28,s1.930917802417755,s-0.071634412083263,s68.213952503826150
182_29,s-0.134130047907981,s-2.704803623362583,s248.197552248843891
182_30,s-1.529250858936595,s0.461787404396570,s68.225400985154010
182_31,s-2.682604233683712,s2.076676176538724,s1148.210265270590526
182_32,s1.018917220010856,s-2.702685070962608,s248.197507959738118
182_33,s3.594402465644784,s-2.039960165696568,s151.388397114804349
182_34,s-2.441072210018123,s-3.246176589270822,s248.139875368726422
182_35,s-2.682405253890383,s-2.772345946529196,s68.202056127230932
182_36,s-1.529342787207600,s1.000668690791589,s68.221593001499770
182_37,s-0.377923800209368,s-3.849401048438759,s68.078970342863727
182_38,s1.931190314779560,s2.622006554432518,s68.163908580363127
182_39,s-3.594558986623007,s-3.247096834474100,s248.176229008293490
182_40,s0.777519788699021,s-0.073318272228333,s68.220219871085050
182_41,s3.557590710942517,s-0.707982279713225,s331.314656514342118
182_42,s-0.376027283267467,s1.541375392915888,s68.212565825647857
182_43,s-2.682701020737669,s0.998737006664420,s68.213499332474584
182_44,s-1.528981007234565,s-1.154937241039462,s68.225038637547215
182_45,s-0.375978552676781,s1.002529410211714,s68.221593606809492
182_46,s1.019159294391866,s-1.624569295439612,s248.227033446821480
182_47,s-0.134235627828009,s-1.087784912033801,s248.230067440976057
182_48,s-1.287245978690689,s2.682713307724963,s248.202174757061499
182_49,s1.930892032553799,s0.467118659703981,s68.215186229104788
182_50,s1.029487546368606,s3.235345297364337,s1687.366828369952145
182_51,s1.018867847970804,s0.530554786597106,s248.215186213402916
182_52,s1.018037795214326,s-3.242931413606275,s248.174628145454079
182_53,s-2.682427769898077,s-2.233822698708261,s68.200297083830847
182_54,s0.777912319865999,s-2.228438242292126,s68.240992633839497
182_55,s-2.682519876136920,s-0.618025897812225,s68.204794001465530
182_56,s3.593179751938294,s1.212833780811318,s151.314653875844300
182_57,s-0.130899364265155,s3.255079593831732,s-834.449813691386794
182_58,s2.172290892260093,s1.070820080027544,s248.196776452381442
182_59,s-2.440997168684232,s-1.091702030408464,s248.225038575577770
182_60,s3.087092708715168,s-2.772766880143613,s67.894200615764774
182_61,s-3.594557233002115,s-2.169910263254739,s248.193442345265225
182_62,s2.172698785242576,s-1.622829328043274,s248.201666917284030
182_63,s3.084382434527908,s0.468422047206114,s68.203441039934575
182_64,s1.929439990927749,s-3.305167994435442,s68.194464576643739
182_65,s-2.441203483043198,s0.524867853851105,s248.225400975348037
182_66,s1.018807039029984,s2.146774482049462,s248.197422174481829
182_67,s3.084353029569164,s-0.070121220957905,s68.211444575512346
182_68,s-1.287596587973534,s-1.089820911373384,s248.229223714211543
182_69,s2.172623376979478,s-2.700758794841205,s248.020507422437618
182_70,s1.930812363371226,s1.544424745862037,s68.209537686608783
182_71,s-1.529091411736771,s-0.616065320970611,s68.226439258053929
182_72,s-1.525694945978791,s3.196582066256513,s-3533.317194964744886
182_73,s-2.441068628193345,s-0.552946756448027,s248.226439294397466
182_74,s-0.134584685931991,s1.067613282440810,s248.217194997434831
182_75,s-0.375596767070198,s-1.691742423621536,s68.231220721433019
182_76,s1.018829981693413,s1.069317008050397,s248.210265991782393
182_77,s-0.375838632927763,s-0.075172270437016,s68.221065745533224
182_78,s1.016425856559544,s-3.784443866565512,s247.974884914277055
182_79,s-0.375489185655101,s-2.230699327851547,s68.227205178156865
182_80,s-1.528838307997835,s-2.771366028559342,s68.199778105284480
182_81,s0.780053589648437,s3.174359536143000,s4026.536032654837982
182_82,s2.170330534793794,s-3.784377587766770,s247.343152038089357
182_83,s-2.682467198914309,s-1.156768387703843,s68.198677877483163
182_84,s0.777620370779011,s-0.612126023670538,s68.225225623639673
182_85,s-1.529020736060760,s-1.693872002700706,s68.205410558056556
182_86,s-1.287782539636966,s-0.012032007927824,s248.221065731809887
182_87,s-0.375351020690507,s2.619512737873622,s68.189113178161207
182_88,s-2.440999007450030,s-2.707340467391671,s248.200345640037426
182_89,s3.084378520817396,s2.083964554642574,s68.197661372627536
182_90,s-0.133855822933035,s2.684459384560391,s248.172300180674284
182_91,s3.085657069759516,s2.621705213565567,s67.917458203007101
182_92,s0.777841568287165,s2.621076060113373,s68.163771108182871
182_93,s1.019206180382406,s-1.085811637190012,s248.212537540754056
182_94,s3.078545485912478,s-3.852681067682341,s67.019965403316490
182_95,s-2.682440805632011,s-1.695296483973840,s68.202086412703309
182_96,s-2.441165333256687,s2.141829190618698,s248.209524808393411
182_97,s-3.594550868685006,s-1.631417597731305,s248.202086370685322
182_98,s-2.441038298478189,s-1.630285607611627,s248.203095098198702
182_99,s0.774577992619844,s-3.848703384306178,s68.051068296130495
182_100,s-0.134545364586188,s2.145302991858848,s248.200140845693966
182_101,s3.084603808638902,s-0.608634124494780,s68.233308773939484
182_102,s-0.134457121659793,s-0.010085444374033,s248.220219882072172
182_103,s3.085792609811929,s-2.227136158144312,s68.224648138668272
182_104,s3.084367703964343,s1.006920431577891,s68.196776452586477
182_105,s-1.287863425805529,s0.526888159779649,s248.221580487837173
182_106,s-0.375896463185291,s0.463703673642837,s68.221580486104585
182_107,s-3.594556825488640,s-0.554381330204565,s248.202712703483428
182_108,s-2.682668994430832,s1.537736794051794,s68.209674317012343
182_109,s2.172438980929273,s-0.545208813416119,s248.232799239477430
182_110,s0.777360421405061,s1.542991183971421,s68.211769654268537
182_111,s3.593221538855180,s-0.955482689150023,s151.331214382824982
182_112,s3.593181899195151,s0.128699987691227,s151.314656516303728
182_113,s3.062062917286811,s3.251041672119904,s1867.485192714771529
182_114,s-0.375748040549109,s-0.614058622309647,s68.226246187336571
182_115,s-3.594554611963031,s0.522763948096808,s248.230432901369596
182_116,s-2.441266299649218,s1.602789294864438,s248.214187181496385
182_117,s-2.683957426012751,s-3.850026159216137,s68.160000955726503
182_118,s1.930805156745774,s2.083070422628249,s68.197422174352553
182_119,s-2.421816221907509,s3.236902477492215,s-833.455053217660065
182_120,s-1.287477858221455,s-2.167577489890627,s248.225790822302685
182_121,s-2.682489028494252,s-0.079183851210822,s68.226698664030465
182_122,s-2.441110866440111,s-0.014074029229625,s248.225061898155559
182_123,s-0.376321893839540,s-3.309298821825204,s68.139635099125471
182_124,s-0.375949976356225,s2.080300334748958,s68.200060318267077
182_125,s-3.594557315910469,s-1.092886152273854,s248.196653906279153
182_126,s3.557591359845103,s0.376153664140127,s331.314661804276682
182_127,s0.777774059314111,s-1.150912069330532,s68.230067351296839
182_128,s-0.136283048285005,s-3.784952739938399,s248.051067181365909
182_129,s2.172729175071314,s-2.161453155401999,s248.224648110093369
182_130,s1.018994070990860,s-0.547020440601726,s248.225225612909156
182_131,s1.930851017093716,s1.005797194251781,s68.210265978002013
182_132,s2.172589412155366,s-1.084091311110108,s248.200388306521177
182_133,s-3.594555958258023,s1.061809714923551,s248.213499329960314
182_134,s-3.594556264915941,s1.600955580531397,s248.209674555119818
182_135,s1.018921787169271,s-0.008242813295245,s248.214019254754788
182_136,s-2.682633998334289,s-3.311022595347318,s68.176229012232838
182_137,s-3.594552265495198,s-2.708459138854372,s248.205202176937149
182_138,s0.777775811241448,s-1.689695743335696,s68.231677536471906
182_139,s-3.594464644770495,s-3.789485639114774,s-2271.889351392868775
182_140,s-1.530688937383943,s-3.849931943893282,s68.094297004695761
182_141,s3.558493673805437,s-1.792552180925462,s331.388300310902309
182_142,s3.558632429620699,s-2.877868661907006,s331.399619693812781
182_143,s3.085651990036669,s-1.688683021305733,s68.201666987192681
182_144,s1.931234644933536,s-1.687905543618648,s68.227033433242013
182_145,s1.930552288243268,s-2.765540381138973,s68.197507761622859
182_146,s-1.287966949853775,s1.604662922336496,s248.212565825605623
182_147,s-3.594554590271955,s2.139994340483975,s248.211636929425538
182_148,s-2.442270301430286,s-3.785291539217876,s248.094290211432252
182_149,s-2.441293679563746,s1.063815490198201,s248.221593000356194
182_150,s3.594589862524249,s-3.125269274613877,s151.399619737497744
182_151,s-2.441023243234808,s-2.168819377084338,s248.201300305456527
182_152,s3.557589507454812,s1.460287937328095,s331.314510586247764
182_153,s0.777401768548483,s2.081786030117108,s68.197424402355722
182_154,s3.084385982926162,s1.545457251572591,s68.200992687508275
182_155,s3.593175674787060,s2.296964385405415,s151.314510585897665
182_156,s-2.440830642636578,s2.680730324707150,s248.231181438611685
182_157,s0.777478302667886,s0.465486624640725,s68.216954895651511
182_158,s-1.274312829090165,s3.254599585718735,s2045.653273671661509
182_159,s-1.528940216303251,s-2.232649746024526,s68.201300343164874
182_160,s-1.287899245022925,s-3.245508134045655,s248.139635150108717
182_161,s2.172210899325048,s2.148059392324051,s248.197612352746575
182_162,s1.019341326173086,s2.685915798237588,s248.164508145945945
182_163,s0.776474092502907,s-3.307770629881071,s68.138246579864258
182_164,s-1.529170923851720,s-0.077130996486030,s68.225032038343500
182_165,s-1.528684366524878,s2.617697610733630,s68.202560560606884
182_166,s3.571007632715447,s3.363338463813200,s151.314244365416755
182_167,s-0.381283862082570,s3.200571763402105,s-654.389144118408694
182_168,s3.557586265180830,s2.544419056241962,s331.314245878423264
182_169,s-1.529370537697000,s-3.310253735169521,s68.139875282542192
182_170,s-0.375539315135010,s-2.769797168715635,s68.199204349208287
182_171,s-2.681747294621187,s3.168946101296958,s2947.214642033085511
182_172,s-0.134082866286278,s-2.165546747699169,s248.240992723756477
182_173,s-1.289111246240771,s-3.785400572959026,s248.078968296411375
182_174,s1.019327396538153,s-2.163289925009747,s248.224731644102860
182_175,s0.777511886320695,s-2.767674137258413,s68.197552238222343
182_176,s-0.134228733804528,s-1.626610325882903,s248.231677460181629
182_177,s-3.594554907004185,s-0.015863483165453,s248.226698582769615
182_178,s-0.134636300479577,s1.606426480935074,s248.211769654226600
182_179,s2.184195364655319,s3.233805020219766,s247.347400592970502
182_180,s0.777421894333764,s1.004255358939481,s68.217194259191288
182_181,s2.172676272822116,s2.686868704496694,s248.155982421363007
183_0,s-0.170670711469305,s3.429613218440908,s147.953948672764938
183_1,s2.445876817341055,s-0.573371449529268,s338.076685542320945
183_2,s0.238680406803420,s2.599210772760442,s154.979047758182475
183_3,s1.936791449075856,s0.325825799227983,s158.055352617227243
183_4,s1.908301246008723,s-4.030069016677603,s338.141715826311270
183_5,s2.895666902814059,s2.595604662610481,s162.854453902253795
183_6,s-0.848684075490012,s-0.824932871523174,s158.140268973960275
183_7,s2.446483225175727,s-1.726028308006547,s338.076685864359604
183_8,s-3.071917739788609,s-1.723630495737774,s338.405971391863034
183_9,s2.362351099998921,s2.896419962376590,s167.196274625919898
183_10,s3.616236719534635,s-3.150508111522141,s157.416117030616817
183_11,s3.046816529230434,s1.459959195613889,s157.335316994497248
183_12,s-0.803102884956385,s-4.029842147589857,s1779.671331672687757
183_13,s-3.080342997279945,s0.586209475792635,s338.035930383234415
183_14,s-1.916942774992622,s-3.120803383903468,s158.347175010660948
183_15,s-0.857588820100406,s1.486469341211556,s157.850620750514139
183_16,s-2.474304226458782,s1.496196056450795,s157.946492178456680
183_17,s-0.297784777167604,s-2.879463605009887,s339.733734508990608
183_18,s1.971866117946135,s-3.118571714496778,s158.141715826313629
183_19,s-0.253378625322548,s-4.029095732514209,s-1460.238733725525663
183_20,s2.510356419604030,s-0.814913127044208,s158.076685398724237
183_21,s-0.817339525476365,s-3.141050469380726,s159.676213534127015
183_22,s2.995559407465560,s-0.586918510139074,s337.335316914244288
183_23,s3.618402546192589,s0.272604859813116,s156.469196938708819
183_24,s2.451101459965604,s-4.030073312405179,s338.091963796363586
183_25,s2.145669842541713,s3.300830490477674,s292.417623854718784
183_26,s-1.383584872279441,s-1.974819873997373,s2678.493583852191932
183_27,s-3.552489925926888,s1.500104388739547,s878.236179551298164
183_28,s1.260168053436587,s1.704078166640177,s338.752269920028709
183_29,s-0.914462587706656,s-0.582316700185321,s338.432603317236897
183_30,s3.146644120501132,s3.305192460786686,s290.753450467911762
183_31,s0.854082322578542,s-1.980485916103465,s158.179373143757772
183_32,s-2.003580532585572,s1.737149522423059,s337.959637937088587
183_33,s1.390276592890850,s0.325217056550771,s158.145807396072541
183_34,s3.619002206318459,s-2.007426375922860,s156.194624669650921
183_35,s-3.378877648766105,s3.426770182305713,s-932.915233161858168
183_36,s-0.926121578044567,s0.575137744323708,s337.853108434979049
183_37,s-1.935983999400799,s0.338635276599107,s-2001.772389558471104
183_38,s-1.992328018493937,s-1.726714199067814,s338.288980861214100
183_39,s-0.304039232642395,s-0.824576405715175,s1958.287782237859119
183_40,s-2.003495704321990,s0.582062744016459,s337.971532756462295
183_41,s1.907099537168559,s-2.877091617197696,s338.146393331550826
183_42,s-1.439734778742068,s-2.885946467938401,s338.494574360828665
183_43,s-0.913042971984202,s-1.737999251882109,s337.715922680284848
183_44,s-0.927259595018812,s1.731396502879618,s337.706091375145775
183_45,s-0.855409034790430,s0.329547384631275,s158.431612740449566
183_46,s-0.223982183768311,s-3.119955419773166,s-1280.261268924675960
183_47,s-1.456866079589417,s-0.577224973515553,s338.126603572488023
183_48,s-1.389636058113574,s-0.820019155505378,s878.101978063792330
183_49,s-1.935805808732069,s2.648999034225005,s157.959810517518747
183_50,s-3.617999480705372,s1.741792556636805,s338.365990988727901
183_51,s-3.611762342568138,s-1.723188424837122,s-2541.634496191536527
183_52,s3.056978283213014,s-0.829339998658831,s157.361072952156519
183_53,s-1.406835124872008,s-4.029775975847605,s-741.463476077296491
183_54,s-2.475688598360101,s0.340869301438513,s1238.245169030079978
183_55,s0.723057574418160,s3.406116484958456,s213.203032738895843
183_56,s0.328495899125504,s-3.114268390108550,s1599.346472819924884
183_57,s-0.383335780770035,s1.729007998153993,s339.082028658316403
183_58,s-3.065451208113529,s-2.876711590733918,s338.408975396741198
183_59,s2.994453269596879,s-2.882157333374166,s337.441125454833355
183_60,s1.431907672782353,s-3.118456561473139,s158.177965428396135
183_61,s0.180442674527125,s-0.591944719181906,s336.894515450638835
183_62,s0.162773914421192,s1.706369187823529,s334.979047758935224
183_63,s-1.397057416301115,s1.491206010170378,s157.924100880891274
183_64,s1.970435173610892,s-1.965655314400739,s158.146393331998695
183_65,s-2.471982364551568,s-0.812840440200012,s158.320033542100191
183_66,s2.995686805427054,s-1.733845178320628,s337.361073039348071
183_67,s2.510964249964537,s-1.967571286742667,s158.077203417162679
183_68,s0.794781784923035,s1.457493561313659,s158.310174885432389
183_69,s-3.606059030536261,s2.640853755765904,s2678.585017291998611
183_70,s-3.552343400831808,s-0.811274699703762,s1958.237939950110558
183_71,s-2.474345150507805,s2.651283945056504,s157.944306100764123
183_72,s0.707462614663901,s2.836937922364228,s175.248500663771722
183_73,s-3.014312245465097,s0.343172465111866,s157.997054615740154
183_74,s-1.397238693094802,s2.646649330501408,s157.945224784529245
183_75,s3.562295572679441,s-1.763707227113872,s336.267628289437994
183_76,s1.905400951034996,s-0.571296013826310,s338.055352617612584
183_77,s2.509918192553582,s0.337876695027106,s158.082399025134549
183_78,s-3.014884737599412,s2.653541064125448,s158.017196690474037
183_79,s-1.935861022075827,s1.493947451896627,s157.971684113173524
183_80,s-3.545831443641722,s-1.964838297384315,s878.294275997070145
183_81,s-2.999498089090157,s-3.118008553185039,s1598.389809777447226
183_82,s1.367320312062350,s-2.876198671851189,s338.166718430045592
183_83,s3.556466495784896,s-2.903843874591015,s336.194624486275472
183_84,s1.844936881592993,s1.724425931918219,s342.050442552013692
183_85,s-3.080535353830782,s1.741639558107573,s337.985574822304272
183_86,s-3.058494381226317,s-4.029995778593534,s338.435551978839044
183_87,s2.786211144258059,s2.848044668720600,s351.438054072461227
183_88,s-0.323085160282456,s2.646881650237570,s158.987231868654192
183_89,s-1.982725086568181,s-2.879500485778965,s338.348710770683510
183_90,s-2.852283531810591,s3.103528629144173,s466.836374818315448
183_91,s-1.925260813373123,s-1.968865181193377,s158.353830295309422
183_92,s1.710849121405284,s2.878066490340796,s342.050442538056984
183_93,s1.920681867495970,s1.474131806729504,s158.281520666721178
183_94,s1.905795273932789,s-1.723860617574111,s338.055352616242089
183_95,s-2.542129299338677,s1.739462153372698,s337.946985759896450
183_96,s-0.301496868752345,s-1.985488483164992,s2319.760475047633918
183_97,s1.368800724051663,s-4.030057332826117,s338.178305980334301
183_98,s3.618482977422819,s1.412276810255171,s156.444893299604558
183_99,s1.430525120471732,s-1.964608577913352,s158.149391290068962
183_100,s-3.599084700885676,s-4.029439467871460,s-21.627844732362913
183_101,s0.238751053574081,s-1.711643960533713,s336.893771576136601
183_102,s-3.006059993782447,s-1.964876500968436,s-201.594998744486418
183_103,s1.412875155996086,s3.425760183155647,s162.110155777911160
183_104,s0.299753595337760,s-1.955910818648369,s157.457256683209238
183_105,s3.560907732769576,s1.655556677660556,s336.444893442696184
183_106,s-2.465986780880684,s-1.966256464870914,s158.371393819270821
183_107,s3.616236675891368,s-4.030147594144842,s337.416103106067510
183_108,s0.183577238584020,s0.553167492784332,s337.091803110712362
183_109,s-2.459357981439451,s-3.118958297428557,s158.386486706192954
183_110,s3.004528937954372,s-4.030096717755158,s337.847900169779052
183_111,s2.384168950584069,s1.764400859793786,s342.854453904748311
183_112,s-0.372794952276319,s-1.739889670064707,s338.318768595550182
183_113,s3.560762252337582,s0.515947771019170,s336.444893305368112
183_114,s-1.221579742263190,s3.429151361208682,s-572.403566356175816
183_115,s3.057362226694399,s-1.976377398036315,s157.441125452370954
183_116,s-1.372358220996165,s-3.127629809765220,s518.548586240436407
183_117,s-0.314296702970717,s0.325972862897033,s158.272010999073132
183_118,s-0.838989666800278,s-1.985569152505365,s158.171778625445484
183_119,s-0.379562128635308,s0.567402934350219,s338.244242814423217
183_120,s0.719061304845619,s1.707505111285277,s341.920060146000992
183_121,s1.392199180742507,s-0.827470025010426,s158.145807408025888
183_122,s3.618456537913977,s-0.867115668339322,s156.469196754697379
183_123,s-0.317790302020840,s1.480196963809615,s157.806362433870959
183_124,s0.231749876165990,s1.450534454308914,s157.111392587231194
183_125,s-3.618231720626243,s0.586633236676509,s338.263174173418122
183_126,s-1.761014718011823,s3.105699669921111,s106.898539193297921
183_127,s0.728421017494484,s0.543283960637518,s338.247742994882458
183_128,s0.239925278720331,s-0.834783253653636,s156.892914172509364
183_129,s0.304446976445220,s3.428011281833022,s168.187499702629566
183_130,s0.892205678325892,s-3.118457672049425,s158.182037328857007
183_131,s-2.532237961548010,s-1.724700553855141,s2138.340433408404351
183_132,s-3.012040694262933,s-0.811555598264012,s158.394094027684588
183_133,s2.447546536741903,s-2.878496494497686,s338.077204321689749
183_134,s0.287601548602188,s-4.026637782172943,s-1101.100681943695463
183_135,s-3.013019704165233,s1.498611340330727,s1597.985803650717799
183_136,s2.995562962314805,s0.559772786095969,s337.335316984140775
183_137,s-1.931485939916543,s-0.815200033925625,s158.284008599742037
183_138,s0.829177586095433,s-4.030054870177420,s338.182990754018135
183_139,s-3.553240098851136,s0.344504580267776,s158.134850732834622
183_140,s-1.465097915340960,s1.734846814179539,s337.948235037410484
183_141,s-2.537593145225132,s-0.571363801337390,s338.299785244404404
183_142,s-0.704724271427417,s3.103829232169378,s107.077441614564620
183_143,s-2.292392116815578,s3.429531652223668,s4466.795527172859693
183_144,s2.470013645281735,s1.483906733684267,s159.000255172243129
183_145,s-0.858701862993192,s2.644202401055726,s157.948586466748765
183_146,s1.323572995442448,s0.568429790268343,s338.847827733501106
183_147,s3.618743050649774,s2.898501029769011,s336.370622279008046
183_148,s-1.452382790811854,s-1.731052355018577,s338.107407864322965
183_149,s-1.971330530154868,s-4.029991029804272,s-1821.652524382822548
183_150,s3.056911866655363,s0.317417030991385,s157.335316999115292
183_151,s-1.465066177522771,s0.579521789009336,s337.917163889194342
183_152,s1.300496798632678,s2.610911969804735,s158.541081812864576
183_153,s1.969790613616263,s-0.812861680583272,s158.055352616526250
183_154,s0.787745863813710,s-0.585619576100985,s338.247742914826631
183_155,s3.398684345450407,s2.673754796068769,s183.142614938191684
183_156,s-3.539926771268020,s-3.117909580721040,s-1641.632919838324824
183_157,s1.331795919050589,s1.461144991846766,s158.847827733147994
183_158,s1.327428230663133,s-0.586006313352343,s338.145807395934867
183_159,s-2.525139569329681,s-2.877715553190651,s1058.374895601018352
183_160,s3.560778107401101,s-0.623860247442156,s336.469196800612792
183_161,s-2.542063875435789,s0.584296477830506,s337.951083215777260
183_162,s0.793621455636335,s0.301935865550575,s158.247742913930324
183_163,s1.872363630412708,s0.567426424075570,s338.069234785695244
183_164,s-0.369345995989326,s-0.582912892433623,s338.273430150620925
183_165,s0.852846553916232,s-0.827216942036150,s158.179373072222319
183_166,s0.789169926347474,s-1.739060190665727,s338.179373093326092
183_167,s-2.516890217061327,s-4.029844135063485,s338.375966735612110
183_168,s2.442886948726044,s0.581697408307119,s339.000343609558911
183_169,s3.057356805148324,s-3.125430443589272,s157.847900184437265
183_170,s-3.618009761898827,s-0.569485642390323,s338.272164071034297
183_171,s-3.077692423652818,s-0.569716758713212,s338.232152468578477
183_172,s1.365744305622868,s-1.723135855736260,s338.145807408181611
183_173,s2.512068087067747,s-3.120076820380340,s158.091963796734461
183_174,s-3.605641121872005,s-2.876640495583503,s1058.360340860265296
183_175,s-1.998016499071392,s-0.573247526850784,s-1461.742012255941518
183_176,s2.970460584750532,s1.715393928914517,s342.854453842243004
183_177,s0.259053905713257,s-2.871774925248038,s339.278179762864227
183_178,s-1.395116486290240,s0.333656985917332,s158.099884644546279
183_179,s-0.887506238849877,s-2.897758359164241,s2498.797344917108148
183_180,s0.827514867726501,s-2.876449385769460,s338.180023481081719
183_181,s1.829259313322479,s2.629475518187771,s162.050442551576538
183_182,s0.243596437522039,s0.309831503017892,s156.894632494137682
184_0,s-1.775086495812968,s0.611413847944391,s304.923251314357060
184_1,s-3.163810491220561,s-0.742369806849965,s306.705655807331254
184_2,s-0.907323433802553,s0.755259516497644,s124.918315252835797
184_3,s-2.765540628233622,s1.258155962507422,s305.215298953511024
184_4,s-3.696212989675738,s-0.085274135519355,s271.264097687560991
184_5,s-1.248522259577138,s-0.748927086476981,s305.713920103033388
184_6,s1.839164964447464,s-0.877616464603155,s305.617233609743664
184_7,s-0.384259572846874,s-0.590900771821845,s125.711768190807874
184_8,s-0.754458810606171,s0.530806428049611,s304.925911865786588
184_9,s0.226446984811449,s1.787857761799750,s304.943265901888822
184_10,s1.835120085386679,s-1.468385426720129,s305.706229359477845
184_11,s3.738947929278208,s-3.157459020992156,s123.038671995882581
184_12,s-0.198638008370035,s-3.720079583564281,s125.834264484692355
184_13,s-0.228675557487865,s-1.395370631404961,s306.229902358229310
184_14,s2.862125540993776,s1.945691597091698,s123.306292616474877
184_15,s-2.892769703517403,s3.323701054623654,s117.326081976485654
184_16,s0.663221740345734,s-2.434901225360931,s126.500986281211340
184_17,s-2.764898865292996,s2.495999636854579,s305.206183120207129
184_18,s-3.701545737725878,s-2.636098370214545,s272.525620930924333
184_19,s-3.740198051238268,s-3.275983442676592,s280.963404284724334
184_20,s-2.375020180264943,s0.109837403333975,s125.728731050888243
184_21,s0.800663872351895,s-3.720689262406967,s125.998481889921322
184_22,s-1.943530371527824,s3.310846952939673,s124.437598595394249
184_23,s2.736566665661223,s-3.705248598886913,s125.229546962824131
184_24,s3.740198051238268,s-2.539034498961279,s125.834857162533410
184_25,s3.015366174542813,s0.906022708379517,s303.237009931028126
184_26,s-1.190649721207637,s-3.714318095947183,s125.015244137639414
184_27,s0.897822100207606,s-3.270657174826272,s305.910099861434730
184_28,s1.131613830588906,s2.440266093173146,s304.489455628238375
184_29,s-2.214618085253839,s-0.096217169492311,s305.080002085538467
184_30,s-0.722522896768194,s1.148512105567878,s304.942496943178469
184_31,s-3.739831682259273,s1.267616493610084,s305.219560633167134
184_32,s1.671610477532804,s-1.278601969811843,s125.819027333709855
184_33,s2.071147410212871,s2.430427744143209,s303.524944057578693
184_34,s-2.731607309283177,s3.105294230233294,s304.554494353663245
184_35,s0.801402266134786,s-1.428707524385278,s305.831263452827670
184_36,s2.986052992348460,s2.384404660232262,s302.799297739299732
184_37,s2.868827011081859,s-1.509930717463614,s305.665137341796878
184_38,s-1.296554294887570,s-2.479887388518945,s126.730068807285988
184_39,s0.806743907962257,s-0.835803514125443,s305.605381112874682
184_40,s-2.181687831314382,s-1.408806231643914,s306.662344900975199
184_41,s-0.390273712169513,s-1.190387992123979,s126.305003031582004
184_42,s-0.218426770926600,s-2.007048920128141,s306.507516853446475
184_43,s-3.738564616971315,s-3.913949530560295,s293.095869395371949
184_44,s-0.905652854398992,s1.998694763561455,s125.205788684751198
184_45,s2.705914513212604,s-1.909281626412904,s125.718477996472998
184_46,s1.680584696128512,s-0.093353036776985,s125.468508606701604
184_47,s-1.938575013419066,s0.804328273429833,s125.728549210600377
184_48,s-1.226135422205747,s-1.382437294200307,s306.314716045829357
184_49,s-0.243760975766432,s-3.093942842710796,s126.488158471912854
184_50,s1.777488697530636,s-3.709143102270191,s125.731706777491681
184_51,s1.181921059225870,s0.471318144492043,s304.195419692761448
184_52,s0.238521869016533,s1.156116848033745,s304.929033301173376
184_53,s-2.073030904176121,s-3.267537671887733,s305.684962635598140
184_54,s3.738868900772160,s1.147293408367724,s122.812501737616373
184_55,s-2.334796995184349,s-1.820809953265337,s126.726390755901292
184_56,s-0.022062061491327,s3.311330716227101,s124.106346951730814
184_57,s-2.003675710373838,s-3.927626218779261,s296.108835641467067
184_58,s2.705701250994290,s-1.320307020393026,s125.701274820950786
184_59,s3.740082465977376,s-0.772631051485597,s125.616867151305314
184_60,s1.681777379872608,s-2.459125937993321,s125.907919140914927
184_61,s-2.177931858584650,s-2.055130414121101,s306.728030658929356
184_62,s0.649612166045173,s-0.050545735324838,s124.943604848820442
184_63,s1.954735084718543,s1.974940467906548,s124.502719779661618
184_64,s-3.152743884329074,s-2.663976982462601,s306.733871426385463
184_65,s-0.379216320339402,s0.010252785781581,s124.930749254617695
184_66,s-3.696616380012993,s-1.369259828271016,s271.589056663465158
184_67,s-2.247657547567375,s-0.748901194072111,s306.363644113312603
184_68,s1.938642509625715,s-3.910953137971041,s305.227332058185766
184_69,s-1.904403027773212,s1.415752321451497,s125.215299687807629
184_70,s2.879793305848539,s1.240260521895890,s123.056524801109930
184_71,s3.723642622834126,s0.376903740854334,s123.237192756793107
184_72,s-2.328397714950056,s-2.459044064031945,s126.733846120935127
184_73,s-2.718705019430000,s1.873220916524995,s305.209409221057570
184_74,s1.671574798654140,s-1.867879617768081,s125.884364863147155
184_75,s0.638123262967973,s-1.234366901166953,s126.044930352853385
184_76,s0.638320390847534,s-1.829065313344815,s126.498406068488478
184_77,s-2.938300020685548,s-3.910340008797239,s305.685735488212345
184_78,s-2.924372104829041,s1.460697117834782,s125.217478808234191
184_79,s2.050349885060695,s0.605901687675068,s124.194934345890147
184_80,s2.229581583159332,s0.989371048486107,s290.680017546722581
184_81,s-2.921088474501381,s2.713791049132370,s124.535878080175635
184_82,s-1.390171711986980,s-1.182522463749368,s126.658198649109124
184_83,s-1.193255023504017,s-2.033262991571112,s306.563000877152263
184_84,s2.980436319744600,s3.112751083253171,s301.774361562864783
184_85,s3.740138126375880,s-1.951178643538464,s125.722621969841413
184_86,s2.900862800586873,s-3.307103432156870,s303.038670942944123
184_87,s-0.384399667427804,s-1.819861894147278,s126.561923023364841
184_88,s-1.745444090384323,s1.212432106076963,s304.979456749072426
184_89,s2.868745873276537,s-2.687155745921858,s305.834857010225051
184_90,s0.135717125030975,s3.117405895034945,s304.105976750162426
184_91,s-2.261573486557191,s-3.070358652835041,s132.271379293835338
184_92,s1.026257508021287,s0.687947632628658,s124.928540249555596
184_93,s-0.220729172606967,s-0.190430582133007,s304.943519189736548
184_94,s-2.164432584419667,s-3.682592772701250,s125.685735753305082
184_95,s-2.400695338360936,s-0.496178709006746,s126.611529699963100
184_96,s1.072851553362179,s1.332149427715971,s124.929295952817739
184_97,s-0.777025347903364,s2.453783256552507,s305.186060702897919
184_98,s3.738740643915393,s2.598679000919738,s122.423167164843250
184_99,s1.842900607103115,s-0.283601164251386,s305.468653816114852
184_100,s-0.034864351517910,s-3.910698807420043,s305.415495805214505
184_101,s-3.662350234668654,s0.466895178903823,s-2568.051859608965515
184_102,s1.990407764909320,s1.296518303555235,s124.504254022166037
184_103,s1.023669396427579,s1.990807742585656,s124.943274653451539
184_104,s-1.881119826553546,s2.050385119764311,s125.209305635970452
184_105,s-0.311319890789951,s-2.460205976849369,s126.565532072177291
184_106,s1.219614087781996,s1.079197160018585,s304.504697986838039
184_107,s0.803637591037858,s-2.022153998336452,s305.892102504819604
184_108,s-3.737921615032849,s3.254754402475180,s297.326043302973687
184_109,s0.645003088989844,s-0.641059735481079,s125.564071114568321
184_110,s3.740107795007520,s-1.363441980578731,s125.665136574823038
184_111,s-3.237071360942169,s-0.051781935587690,s305.728735295585352
184_112,s1.876228313294970,s-3.257752653938470,s305.891936549577792
184_113,s-1.246106567095280,s-3.077003656754262,s125.684962262528728
184_114,s-1.359814907000301,s-1.846063781652498,s126.727091086281291
184_115,s2.704990624519687,s-2.498016950571607,s125.887991680968028
184_116,s-3.739506523226535,s2.530981851790265,s304.535878082319925
184_117,s1.835364196234183,s-2.057509461324977,s305.718485356177666
184_118,s-3.739824170821926,s1.918012957656529,s305.204450882393530
184_119,s-2.162157328253443,s-2.646832298233268,s306.733852611096324
184_120,s0.256832332065604,s0.465121062672630,s304.928599324511026
184_121,s2.103302948034549,s1.732033901786329,s303.305694509329328
184_122,s-0.223285235471758,s-0.791123463413634,s305.563855665222206
184_123,s2.843829813770315,s2.635836056633616,s123.525001130873136
184_124,s-1.897961237586722,s2.644253546453220,s125.206184500443896
184_125,s2.491812612563231,s0.442492787571622,s167.741741196628510
184_126,s2.830408180165432,s3.317016352675428,s120.669732290748854
184_127,s3.737997971720881,s-3.860799418333701,s116.560226858742325
184_128,s-1.736490081795697,s2.453393179364225,s305.205800248263131
184_129,s2.869101438398199,s-2.098692693285365,s305.722628648159116
184_130,s0.932453537173055,s3.311482635332913,s124.003909837714204
184_131,s0.023267721446243,s2.657310561140977,s125.180826240579961
184_132,s1.676415688067497,s-0.687456952628609,s125.605382404957155
184_133,s-0.983585238436645,s3.310900470106201,s124.400565256828628
184_134,s-0.744178796352749,s1.807805534527744,s305.197917178179296
184_135,s-2.774994548212694,s0.619912704796223,s305.728664316245045
184_136,s0.975102259006687,s2.651769953254952,s124.936132182692830
184_137,s-1.083696498028368,s-3.285324578529660,s306.487730011981853
184_138,s-0.878901398538431,s1.358825655130063,s124.979445266376729
184_139,s2.867203858847476,s-0.328240786110020,s305.383436061558371
184_140,s0.812276972868277,s-0.242611925187708,s305.483908299410359
184_141,s-2.339451634577447,s-1.178715316488871,s126.720351800593932
184_142,s0.732781220106369,s-3.076295681295332,s126.500469356425228
184_143,s2.900382197747571,s-3.926601629887751,s296.561089943834475
184_144,s-3.161433337682151,s-1.385084437290757,s306.720560037489577
184_145,s1.884819184183952,s3.312216772834190,s123.518776489898045
184_146,s-0.145395048513611,s-2.647742996917711,s306.500869212163025
184_147,s0.078195621465343,s1.348932290104468,s124.942543056508143
184_148,s-2.877874585647567,s2.074199349390236,s125.204450141867355
184_149,s-1.129965737278110,s-2.666990169429778,s306.565535490626928
184_150,s1.176419764795318,s1.763150095964474,s304.502920738846967
184_151,s2.738600648448122,s-3.094889283387208,s125.890893226476862
184_152,s0.103946392743335,s0.689477676630308,s124.928552721103387
184_153,s-3.160790823854458,s-2.024544502009435,s306.726565988129664
184_154,s-3.696494300838242,s-2.000847097496159,s271.331379445127652
184_155,s-3.144274295975601,s-3.282564800524356,s312.801646271666073
184_156,s-1.730419134191723,s1.812424907914417,s305.205848969626913
184_157,s1.842765236250115,s-2.661099663107796,s305.890245355456670
184_158,s1.916603314078345,s2.647046306260234,s124.479613410397292
184_159,s2.708336310925181,s-0.728353518887780,s125.617023736638259
184_160,s-2.938208327175988,s0.809354561825891,s125.711507922667977
184_161,s3.738093407006693,s3.327626218779262,s115.584256316633358
184_162,s0.827436687281288,s-2.633303546150706,s305.908783786914626
184_163,s0.180531727960467,s2.446985400760543,s304.936400303369908
184_164,s2.870473255350366,s-0.921203618731955,s305.616986890669921
184_165,s-1.394540529782318,s0.092326702423025,s124.930234922134375
184_166,s0.069903061039690,s2.001608502786544,s125.197854970267656
184_167,s-1.243380353441765,s-0.139451694123728,s304.931662691997701
184_168,s-1.411120423900307,s-0.555181686365378,s125.809578437904605
184_169,s3.738867064904526,s1.877574471276513,s122.809215965052246
184_170,s1.089808253230640,s3.116956064070513,s304.000435058251867
184_171,s2.993745781266523,s1.658373213635473,s302.812377866745237
184_172,s0.964902752450315,s-3.910279723247650,s305.731697197941514
184_173,s1.712415306688058,s-3.068824870031325,s125.910004701040620
184_174,s3.739950083053913,s-0.187065140126326,s125.359847906400660
184_175,s-0.824817835556221,s3.117772733461583,s304.400472562565710
184_176,s2.040622461897099,s3.116679985913760,s303.524681727309087
184_177,s2.808657480690549,s0.284726116966513,s304.603666578433661
184_178,s-1.030113673797307,s-3.910944444146970,s305.233638053911875
184_179,s-0.935736240757816,s2.656802758654771,s125.205494967767365
184_180,s-1.784894561403301,s3.116720436367229,s304.429011724194993
184_181,s-0.079183896397334,s-3.286853751168469,s306.500483053181597
184_182,s2.707037183656973,s-0.128001511620500,s125.463457328742251
184_183,s-3.697908895061173,s-0.731608666938616,s271.668465404733297
185_0,s-1.942077036384093,s1.378351085300848,s125.966724627106800
185_1,s-0.225239277692744,s-2.020679311920817,s306.329890148497498
185_2,s-0.174686161248987,s-2.658225391887260,s306.330156495293011
185_3,s1.944409354512257,s1.327992176297823,s125.059989513578017
185_4,s-2.091687680398667,s-3.276187540863178,s306.393935937200581
185_5,s-2.387857856121911,s-0.514336120969940,s126.037128372651779
185_6,s0.114723655305019,s0.695573759577832,s126.002854793732126
185_7,s-1.342323327164881,s0.039708522224351,s126.037232478093898
185_8,s2.839438268157245,s1.958149360670488,s124.000051132949295
185_9,s1.129800279596846,s1.792987863328724,s305.480328294298488
185_10,s-3.744532224358883,s2.525687374873955,s303.567569007606039
185_11,s1.681380688538230,s-1.309276965607818,s125.650511831999623
185_12,s-2.903446480935144,s2.049932248480803,s125.810214792222993
185_13,s-2.940136816234512,s0.780429557342966,s126.592117711229761
185_14,s0.825643992953194,s-0.249853228576807,s305.135101088253919
185_15,s3.745460011859734,s-2.603598590806710,s125.832581114424812
185_16,s-2.227282390056227,s-0.712867167709549,s306.037128372681082
185_17,s3.745330534939151,s-3.783860252899953,s125.570890311028649
185_18,s3.744672765099786,s-0.241303278469938,s124.068512094142108
185_19,s1.678578089741376,s-2.506863284440638,s125.957706826041004
185_20,s3.744853930639970,s-0.856083976839528,s124.517197289321814
185_21,s-1.766260295784837,s1.782851165471787,s306.050184013625483
185_22,s2.873869066739180,s-2.745558281301840,s305.832581114410289
185_23,s-1.067540504079831,s-3.926522705359833,s305.262583847197106
185_24,s0.660726045491677,s-0.647672410513815,s125.407707651223291
185_25,s-1.781784805032872,s2.426671029296184,s306.103251459198077
185_26,s0.266020026505611,s0.455679552871183,s305.939090116501461
185_27,s-0.337908231842626,s-2.464193895097344,s126.532796883693550
185_28,s1.676904335973731,s-3.096293464769765,s125.958428303552765
185_29,s-3.744474018006388,s-3.917812379666473,s292.748301305952850
185_30,s-3.702934516628996,s-2.000790514515462,s272.062886040102512
185_31,s2.973781060654209,s1.680971771751520,s304.000046008766219
185_32,s-2.775804293614274,s0.591891614273226,s306.559181655740417
185_33,s-0.289514410477110,s-3.106614513493123,s126.532644561989073
185_34,s-3.167361667440128,s-1.391178846185755,s307.520540310564570
185_35,s-0.233583830185089,s-3.735104548017144,s126.421833762204685
185_36,s-0.125285908315066,s-3.295946755468310,s306.330345342536646
185_37,s3.744646222514884,s3.308568226123977,s123.999933265078326
185_38,s1.839124815711397,s-3.286515745174631,s305.958428309050817
185_39,s0.644052809413721,s-2.460545381720973,s126.330156495292997
185_40,s-2.333036608807912,s-1.821830407185723,s127.520529611126634
185_41,s2.085478374214161,s1.054608229629346,s304.058212851429971
185_42,s2.711707918710670,s-3.144705806556770,s125.958428729036342
185_43,s-2.959256286171252,s2.716148642125161,s123.567569007602444
185_44,s0.005301844161863,s2.003315059755611,s126.104009885668589
185_45,s2.986743685414197,s0.256624102748151,s304.058816454936391
185_46,s2.873928419170152,s-3.334928090098861,s305.958433773776733
185_47,s-1.225993912598008,s-3.728263875614463,s125.262607586094944
185_48,s-2.808731435171128,s2.464272277962471,s305.786213858771987
185_49,s-3.684296559169288,s0.471370287370404,s310.369467629332689
185_50,s2.712066791303831,s-2.554980151223963,s125.832581114405173
185_51,s-0.386570141344311,s-1.817828422734640,s126.532537094027830
185_52,s-0.210367607484003,s-0.196818573775391,s305.939090116488842
185_53,s0.808444431275399,s-2.061408831492266,s305.903465960827646
185_54,s1.103098464939763,s2.455017133837967,s305.494858803453724
185_55,s2.710043399156342,s-0.779064880610005,s124.517012106741603
185_56,s-3.160935443637391,s-2.673189538898791,s307.519014128288973
185_57,s-0.025488996866869,s2.656401155704781,s126.103251459655823
185_58,s0.807654842985837,s-2.651287992154268,s305.957706826041999
185_59,s2.869882881254933,s-1.564881100541979,s305.310181730719989
185_60,s1.954886238784917,s0.647003735954069,s125.059873376310563
185_61,s3.744646262108166,s2.610677200858099,s124.000036149189839
185_62,s-2.373133225406415,s0.083943149313217,s126.559181655739181
185_63,s-0.917869948075813,s0.742859507733210,s126.037232478083084
185_64,s-1.779514398904952,s1.188081994029996,s306.048816668321763
185_65,s0.644771541642296,s-1.870669019766815,s126.329890148476409
185_66,s-0.363027794206789,s0.036988407400896,s126.002854793725064
185_67,s-3.702658546638706,s-1.367830462948384,s271.985418705201255
185_68,s-2.274395381958192,s-3.082142155792955,s131.354970437386356
185_69,s-0.209075104682081,s-1.421244021476776,s305.703818655055670
185_70,s1.682159777285981,s-0.707890546312184,s125.284916469705394
185_71,s-1.361823238624884,s-0.558943999837380,s126.037128372680343
185_72,s-0.079156351418027,s3.306683791037637,s125.275700847229146
185_73,s2.709567966092231,s-1.372718491370997,s125.380711726705911
185_74,s2.076159957895153,s1.746148001163687,s304.000080421984308
185_75,s1.023179053339911,s0.692329323140526,s125.939090116502214
185_76,s1.172100939976921,s0.438158049182281,s305.059873376311657
185_77,s-1.388500890855098,s-1.162157346676625,s126.039806192237791
185_78,s-0.831079947857199,s2.452161456820169,s306.103251459679370
185_79,s-3.743858643329963,s3.292629801077507,s295.002407927209163
185_80,s-0.910603171371900,s1.336703608260499,s126.049211477522746
185_81,s-0.069836623450690,s-3.925200681130939,s306.233231647298567
185_82,s-1.831318726217035,s3.100349150237286,s305.281782577937065
185_83,s-0.882697898468579,s3.110532654783522,s305.275700847267444
185_84,s-0.179870627715764,s-0.818578725212478,s305.407707651223404
185_85,s-0.946908220424870,s1.977554691645989,s126.103261649339430
185_86,s-1.989607230822624,s3.309415612706833,s123.460481329725354
185_87,s1.899888874960027,s-3.926096054018487,s305.568085794491139
185_88,s-0.749408200045104,s1.140722315413129,s306.053107436959294
185_89,s0.920432545840464,s-3.925665263916886,s305.883845576175361
185_90,s2.875747279468959,s-3.926094131535468,s305.569478264107943
185_91,s-0.993527125228034,s2.643114365685971,s126.103251459192464
185_92,s-0.784204543692708,s1.787742445192378,s306.104009885673349
185_93,s1.678906905129538,s-1.916863133747430,s125.903465960827035
185_94,s0.945065357538716,s2.667418475700712,s126.000378649685942
185_95,s-2.181043039305656,s-2.645505287296596,s306.988487167550829
185_96,s-3.243734707372695,s-0.067697851871060,s306.559181655744453
185_97,s-1.151118570263808,s-2.668111156465983,s306.532796883696676
185_98,s1.881311584550585,s3.308560858783121,s124.004708635128168
185_99,s-2.348570872469395,s-2.457164879126034,s127.519014128196346
185_100,s-2.747001288155732,s1.836078477423903,s305.810211450656880
185_101,s-3.702741695464931,s-0.100994426382895,s272.005326753160205
185_102,s-2.172458158107464,s-2.045617379150617,s306.984095055547641
185_103,s-1.195231913119045,s-2.024894387966795,s306.532537094028214
185_104,s-1.181336529147685,s-0.157164419889174,s306.006948588983960
185_105,s-1.202264394168455,s-0.762025823576647,s306.037053035175234
185_106,s2.889183633509175,s-0.384181948552068,s304.075136523968524
185_107,s3.744646265903074,s1.190179096366895,s124.000046008776351
185_108,s2.993425673356753,s2.389507025951092,s304.000046005041156
185_109,s2.860755832026330,s0.566895676198639,s124.058816454918073
185_110,s-2.169825267205792,s-1.384682285901831,s306.177174763189271
185_111,s-1.918443659572890,s2.020585073515127,s125.810211450654151
185_112,s2.850235501406466,s2.632794482054847,s124.000051132964003
185_113,s3.744646265905310,s1.887203266604215,s124.000046008073568
185_114,s0.820529122386881,s-1.466595195331475,s305.663448722298142
185_115,s2.036950792427434,s3.112886933276317,s303.999962162728252
185_116,s3.745383055837883,s-2.016820708893839,s125.678121788564482
185_117,s2.856952115925445,s1.261172485313048,s124.000080421938279
185_118,s1.927209353449398,s1.995917253335501,s125.480328294335663
185_119,s1.840859721520792,s-2.697549392219029,s305.832581114405286
185_120,s-1.904290995769398,s0.742711790237830,s126.475576290859607
185_121,s-3.702844111668536,s-0.735536046953440,s272.071964552078498
185_122,s-2.181731592703395,s-3.691539303097669,s126.424491461771552
185_123,s2.867428247995785,s-0.973307770415308,s304.517197289364105
185_124,s-2.950719791598726,s-3.924951743306189,s306.424491461527850
185_125,s2.091016110960333,s0.354865685872497,s304.376200385657512
185_126,s-2.764707759750776,s1.187746626667076,s305.966724627112228
185_127,s-2.903121560200738,s3.326561716351613,s115.002407927212275
185_128,s1.698179631234278,s-0.116779943425443,s125.059873376508122
185_129,s-2.026425232619114,s-3.926522671818400,s305.262607581847192
185_130,s-1.118410803572724,s-3.299660997147185,s306.532644561169604
185_131,s0.224754410396312,s1.149877929137378,s305.980237118686887
185_132,s1.839021233656049,s-1.515913335351854,s305.629644921964086
185_133,s1.738189221808453,s-3.732596253416046,s125.883845576518368
185_134,s-0.338139457000225,s-0.606001566291283,s126.037053035147864
185_135,s-1.944647905460891,s2.617651217189514,s125.786213858775440
185_136,s-0.367724907909866,s-1.212068456255771,s126.039177669701132
185_137,s-1.360944293546017,s-1.835256804725595,s126.984095054116040
185_138,s2.058050009488995,s2.442775835340034,s304.000051133071111
185_139,s2.872956955661866,s-2.155702407150108,s305.678121788564169
185_140,s-0.755931782535339,s0.550220314143712,s306.002854793727579
185_141,s-2.917205737148428,s1.421335591049166,s125.966738780611109
185_142,s-1.316989949607803,s-2.479161153309730,s126.988487167333545
185_143,s2.821688584539087,s3.308568207596155,s123.999945278026203
185_144,s-3.702750042244042,s-2.633212393977109,s272.007232051028268
185_145,s0.974091757295601,s2.015847511699010,s126.000378649590928
185_146,s-3.167218174330340,s-2.023305821673223,s307.520529611145548
185_147,s-1.041688372020471,s3.306683791034604,s125.275700849098953
185_148,s0.659162695594515,s-1.275386790116027,s125.703818655056310
185_149,s3.745191169391608,s-1.434859152620297,s125.310181730702752
185_150,s-1.230169508050941,s-1.370770267128748,s306.039593214842000
185_151,s-3.745495119387554,s1.875027233676574,s305.810241693632349
185_152,s2.732160708005249,s-0.188412923487967,s124.376824286324393
185_153,s1.065121025520014,s3.114810986374095,s305.494858804075875
185_154,s1.164536286015993,s1.117014480706882,s305.059989513582536
185_155,s0.904440591365589,s3.306372880661153,s125.497855365422851
185_156,s1.857632049673605,s-0.311539399624384,s304.517009640962442
185_157,s0.062191911235381,s1.340144093250235,s126.053107436959834
185_158,s-1.275230721713425,s-3.076160467199777,s126.393935937168692
185_159,s0.137211041661408,s2.465966895567917,s306.000378649695620
185_160,s-2.748284554999469,s3.099522435986687,s303.460481329728623
185_161,s1.013868799597732,s1.364349834559715,s125.980237118687157
185_162,s1.840789177145757,s-0.909947649426531,s304.517012106739742
185_163,s0.663095231644079,s-0.056618730335352,s125.939090116481026
185_164,s2.974424820548515,s3.101848360325696,s303.999933280588436
185_165,s2.711402984275292,s-1.964599181582562,s125.749251982800970
185_166,s-3.167784951681123,s-0.756096700238583,s307.520540310552974
185_167,s2.714824476116122,s-3.734755604343269,s125.568085794475550
185_168,s-3.735049292546506,s-3.275314044955749,s279.242470730741616
185_169,s3.744650526996445,s0.473459092750791,s124.011108500416938
185_170,s-1.740351716343864,s0.551303724906698,s306.037232478093472
185_171,s0.857138131788602,s-3.288825973922664,s305.958428303560538
185_172,s-3.155415286416163,s-3.289921474251473,s312.377372456012552
185_173,s0.168056010729599,s1.813110662403959,s306.000378649589322
185_174,s-2.209665861941856,s-0.111248733775351,s306.037232478092562
185_175,s2.988383768509079,s0.972843044883881,s304.000046008892809
185_176,s0.757216400574749,s-3.734497905644230,s126.233231648331653
185_177,s3.745515511064587,s-3.191540167525911,s125.958334727038377
185_178,s0.083283939958544,s3.113895921016394,s305.932419357647689
185_179,s-2.336637118408562,s-1.187395098022476,s127.520540310564030
185_180,s1.900921237670212,s2.657813780451904,s125.494858803401954
185_181,s1.841015099291064,s-2.107768593380435,s305.761830438384550
185_182,s-3.745574466184611,s1.234790392310361,s305.966801625375808
185_183,s0.693491013702254,s-3.098290997232608,s126.330345342520630
185_184,s0.817605424968006,s-0.855062957292461,s305.284916469705365
186_0,s-1.024552784245629,s-0.745953728316689,s255.692160968080202
186_1,s-3.705982097937298,s-3.244103899302750,s218.036869373416067
186_2,s-0.736570900829297,s2.481439585131467,s256.009348153188057
186_3,s-0.192133564095627,s-2.652009795256058,s257.210192506414842
186_4,s-0.161632558822078,s-3.295848239617074,s257.197365884377575
186_5,s-0.085415921204272,s-1.422910567664908,s255.684766986983931
186_6,s-0.061658635970844,s0.036442965420902,s75.073901854715061
186_7,s-3.770255755719945,s2.635195183157892,s256.682956010492376
186_8,s3.768986587342428,s-0.852940449580110,s74.081038162194574
186_9,s-2.226299707641623,s-3.713802302677555,s75.636424932847532
186_10,s3.769131866301068,s1.212838263166359,s74.540374595393232
186_11,s-2.159352289718329,s-1.982789634532925,s256.385320657551972
186_12,s0.017270491518726,s3.342749130885879,s75.814320448200888
186_13,s-0.241864543908534,s-1.227007691679828,s75.692160968205812
186_14,s2.746459668503749,s-3.272539131915200,s75.234449538843066
186_15,s3.769125701147647,s0.522382248401384,s74.521724180624830
186_16,s1.837074754706177,s-3.941287223341294,s256.746533789679575
186_17,s-2.197461911856777,s-0.508698808026918,s75.407804750915645
186_18,s-1.171103902529314,s-2.000708993189552,s256.687473396103314
186_19,s-3.119724956105687,s-2.630531227578941,s255.955058571598784
186_20,s-2.901730799052061,s1.570657581404516,s75.082035887695909
186_21,s-1.854095751210137,s2.694427427138272,s76.682637419199224
186_22,s-0.707249346970236,s1.788621514107524,s255.549522169580200
186_23,s-2.121291063792933,s-1.336774736021746,s256.370775332345204
186_24,s-1.833532443025004,s0.613261562548293,s255.077607782963128
186_25,s2.894294083648432,s-2.872063427750146,s254.075861862071889
186_26,s-1.695556533126737,s2.495105620023857,s256.538019786734310
186_27,s1.950719157158735,s-1.575579345484020,s254.078640494678865
186_28,s1.147162433303658,s2.475970704050062,s255.431410032232407
186_29,s2.859561984102593,s0.607470360066848,s74.521724178504641
186_30,s1.936923721107276,s2.668535430362769,s75.431410032227404
186_31,s-2.280226216203188,s-2.469116847602771,s75.955039176846356
186_32,s-0.323623408745953,s-3.100050466263737,s77.533888364490480
186_33,s-2.078507752650069,s-3.942893789911108,s255.634726895671719
186_34,s-0.105480920230381,s-3.940666009900382,s257.197386024478817
186_35,s3.769131866224313,s3.344739967004254,s74.540374478584710
186_36,s0.676307229431405,s-2.504483519243601,s77.147550737389267
186_37,s1.910162471416116,s3.343658484049408,s75.219097719676171
186_38,s1.689392759525861,s-3.157355930151185,s76.474550535377873
186_39,s0.090142147616552,s-0.171242574254777,s254.941308648417646
186_40,s-1.870340492573512,s2.093289840326853,s75.594691015623027
186_41,s0.875468808155878,s-2.093417668870010,s256.013098190999131
186_42,s-0.853134213386752,s2.024670641510587,s75.586845327139756
186_43,s0.997083875206859,s1.306128701363479,s74.941308649527585
186_44,s0.990522628935102,s2.674328350966273,s75.808555815734721
186_45,s-3.764721785439696,s3.225888383319531,s-6223.383439923702099
186_46,s1.745895366648825,s-1.962148324167525,s75.898411060626373
186_47,s-3.209088005103660,s-0.454165628324588,s75.090303558585788
186_48,s0.967979112754106,s3.343320806548021,s75.437347381226118
186_49,s0.174414440017880,s3.148288763545616,s255.808555815779414
186_50,s0.716525209650480,s-1.898759227770202,s76.338374291569465
186_51,s3.761517912533772,s-3.359618704959503,s75.215821998297201
186_52,s0.859840603386578,s-0.666324173070135,s74.941308648280724
186_53,s-2.045946076797764,s0.225212384734893,s75.083746381404040
186_54,s2.853005177031033,s-0.785594503244668,s74.081038159666292
186_55,s-3.770565487240694,s-1.621942550547208,s257.313617646242506
186_56,s-1.716685268032979,s1.887541702922686,s255.586845327320219
186_57,s1.151027328178414,s1.108370755580698,s254.913610781600028
186_58,s3.769131866300251,s1.923981459317995,s74.540374597500744
186_59,s2.847703832256117,s3.344024823476685,s74.985831791733503
186_60,s2.901893032627238,s-1.652874340274128,s254.078640494816398
186_61,s-1.290889053862331,s-3.116043706677921,s77.477343483255908
186_62,s1.902028275015626,s-2.170877728124228,s254.076713165355784
186_63,s-1.745531157529600,s3.149231936222930,s256.538019786476923
186_64,s0.838251171206642,s-2.697666931069753,s256.481326780232962
186_65,s0.056624303542281,s2.002070489475117,s75.549534322475097
186_66,s0.994750113356302,s1.990725809565886,s75.542145914046628
186_67,s2.084866235938375,s1.103374862636167,s254.556249725659740
186_68,s1.123839610343867,s3.147836669684601,s255.433182297924162
186_69,s-2.741041816164353,s1.968167427468102,s255.594691015561466
186_70,s2.856082577910594,s-0.080487013236664,s74.518475653607396
186_71,s-3.772451384952234,s-2.097729793759092,s238.346208380782230
186_72,s-0.916368145167919,s-0.102239499854138,s255.077459174635379
186_73,s-0.892847647568244,s2.690634203507865,s76.538019786882558
186_74,s-1.975705694366971,s0.856508598275000,s75.081208816622805
186_75,s-0.931271945621930,s1.401277127078909,s75.077607785467123
186_76,s-2.981117697496872,s0.296193276561270,s75.090175034857680
186_77,s-1.331329799246060,s-1.807571433604713,s76.385322239169241
186_78,s-2.304412796138553,s-1.729707667220596,s75.954991756112548
186_79,s3.769124629603343,s-0.164297438347264,s74.518475654010700
186_80,s-3.767053640004495,s-2.687002300945375,s233.864176284106406
186_81,s-0.840448372735778,s0.525139767873424,s255.073901855306190
186_82,s2.896132108473032,s-3.489496051124711,s255.215821997025756
186_83,s-0.354595078361725,s-2.461315043092775,s77.374618347343613
186_84,s-2.280687697915633,s-1.140634729393710,s75.492448148776376
186_85,s1.933720272928354,s-0.080362049783383,s74.904847168860186
186_86,s2.925817750888059,s-2.278309080973082,s254.076631437852058
186_87,s-2.282329851388703,s-3.095263538519316,s77.434797431730672
186_88,s-0.149172350809028,s-2.041717836428215,s256.397176907376490
186_89,s-2.716594049500777,s3.149452967691526,s256.682637418182935
186_90,s0.076329779448122,s1.301430003593886,s75.074380031917258
186_91,s1.849175262212709,s-3.353485135287877,s255.520333086791027
186_92,s-2.038433382550310,s-0.705055821644798,s256.265689371784333
186_93,s0.146197528546735,s0.478620006257707,s254.941308647363599
186_94,s-0.786232857415220,s1.168834112618975,s255.074380031040931
186_95,s-1.256667519011068,s-3.744933208044339,s77.477979840571379
186_96,s0.779468169601734,s-1.285270000487784,s75.482789918057279
186_97,s-2.825054345216859,s0.713668432176453,s255.081208817029164
186_98,s0.935579432958662,s-1.481590805528459,s255.222312224508897
186_99,s-3.142896702977609,s-3.257199230900301,s257.434809579830358
186_100,s-2.754882384613844,s1.344962152252362,s255.081252045810288
186_101,s-3.769618394803975,s2.046874982786506,s255.166361975290499
186_102,s-1.102891853579902,s-1.377949650648116,s256.254683345442288
186_103,s-2.970601462772691,s-3.942904622875436,s255.636418682234108
186_104,s1.928700269177726,s0.617557574324613,s74.906116682699846
186_105,s-2.966029910795143,s0.961392460480213,s75.081208803807513
186_106,s2.743956217954613,s-2.668375625919477,s73.726613827832225
186_107,s-1.334451917208991,s-2.445134893657212,s77.374759432886904
186_108,s2.990599420246977,s0.331252567743540,s254.521724177070865
186_109,s2.988028348754967,s-0.353376236617109,s254.518475653358422
186_110,s2.771457694545508,s-3.896099166176787,s-3525.690404501061494
186_111,s2.087670408469654,s-0.279511921921600,s254.518475652510261
186_112,s-1.906754069399000,s-0.029242045843443,s255.083746369358636
186_113,s3.001875147072008,s3.144575703266321,s254.540374609402278
186_114,s-3.769590262715766,s0.106475373785838,s255.090175055257248
186_115,s1.930343378839255,s1.989441521272952,s75.125061654699508
186_116,s3.010106103433670,s1.717368058466520,s254.540374597078255
186_117,s-3.769923482278665,s-3.918164495071331,s242.951330365510614
186_118,s2.761718164008718,s-1.415185133756091,s74.078640494745713
186_119,s0.865674402225316,s-3.941286512414017,s256.746955677937194
186_120,s3.775660751458985,s-3.933551837900689,s84.542182191743464
186_121,s-1.906564462449728,s1.488594886488034,s75.081252045809848
186_122,s-2.887473702218558,s2.753157441234822,s76.682637419627071
186_123,s3.769131866238018,s2.644710418801070,s74.540374609065282
186_124,s-0.309218107136182,s-1.848537448630422,s76.649262788387304
186_125,s-0.937578520104332,s3.342459137376551,s76.009348150035422
186_126,s2.870695162916066,s2.664223549128040,s75.196334712469991
186_127,s-1.064385551609785,s0.119012099835609,s75.077607783528620
186_128,s2.091335047960312,s2.466342155510656,s255.196334712958986
186_129,s-2.897603091234206,s2.164791565533832,s75.166361975341928
186_130,s1.676788955440011,s-3.749430179542420,s76.746955678224239
186_131,s1.161407263502299,s0.413527884791790,s254.906116682572332
186_132,s1.709490004538843,s-2.561401283684156,s76.232077282050113
186_133,s1.073180200269787,s-0.212269661802216,s254.904847168529528
186_134,s0.816960954377402,s-3.294849954163322,s256.747493036089168
186_135,s3.768985864898804,s-1.538938294697431,s74.078640494817293
186_136,s-0.005209750327084,s-0.800825091993420,s255.302678547812548
186_137,s-3.053209635407702,s-0.650890012198842,s255.407804768486244
186_138,s-1.127954198597481,s-3.305889502889047,s257.533908178771924
186_139,s-2.117172769002109,s-2.664410373510154,s257.374755401604716
186_140,s2.988977338555469,s-1.038047925000662,s254.081038161734455
186_141,s-0.160609617925602,s-0.604982286797868,s75.300435607344383
186_142,s-0.007212211713524,s0.680269707795515,s75.073901855963314
186_143,s-1.764244341012167,s1.245898301855939,s255.077607783438225
186_144,s-1.261556865817085,s-1.184679917162484,s76.265689374072792
186_145,s-3.033959128160000,s-1.972972721043649,s255.955027747070687
186_146,s0.208526876483567,s2.471718960443179,s255.808555817050660
186_147,s0.919214544837381,s-0.014550150611184,s74.941308647318820
186_148,s-0.779778352086948,s3.148546785719668,s256.009348150364985
186_149,s-2.842015273490074,s0.041310796262546,s255.090175025081834
186_150,s0.209435346091931,s1.793557265712298,s255.542145913804205
186_151,s0.654951405828229,s-3.102602256507545,s77.197353787671375
186_152,s-3.231689605570035,s-1.288137076301179,s260.683762105468816
186_153,s2.084220190210102,s1.788752644064007,s254.941682860367138
186_154,s-2.876664177567880,s3.341488261614009,s76.682637411656941
186_155,s1.996867288249887,s-0.910062248406414,s254.081038159412770
186_156,s1.843280509140299,s-0.707428563917906,s74.904847169030418
186_157,s1.868980117036989,s-2.763846241628307,s253.726613827749617
186_158,s-1.176097263667269,s-2.653186247034875,s257.374644860581213
186_159,s-2.123211845183585,s-3.301527155809831,s257.477334039408390
186_160,s-1.181344571046942,s-0.550579236075879,s75.529884827729546
186_161,s2.081909085859190,s0.415655905723806,s254.521724178330800
186_162,s-3.769587279541007,s1.446547028359507,s255.082035887793097
186_163,s-3.755244515268644,s-1.183700892493009,s302.451321496410401
186_164,s3.017205481982010,s2.432534496473369,s254.540374610415967
186_165,s1.801294979882026,s-1.352206745285541,s75.222312220049645
186_166,s-2.727403574143759,s2.561122147337564,s256.682637419162177
186_167,s-1.095151926473872,s-3.940278692862203,s257.484779354777459
186_168,s0.705015792258465,s-3.743090238522895,s77.197384610619707
186_169,s2.065276600023946,s3.147588068174000,s255.216550683650155
186_170,s3.768985028132676,s-2.771824155007708,s74.075861862080885
186_171,s-0.268593243058129,s-3.749782584702747,s77.542606887927434
186_172,s1.007269089451471,s0.610599790258602,s74.941308647877293
186_173,s3.768985259835891,s-2.143566463757286,s74.076631437853024
186_174,s-1.905142458793376,s3.341680413417574,s76.544971269022966
186_175,s1.013889075219582,s-0.863658741328094,s254.920176304640989
186_176,s2.994625513146208,s1.018354249722637,s254.540374595564771
186_177,s1.150746141949738,s1.792523298208009,s255.125061652832670
186_178,s0.230179737550424,s1.101424341813930,s254.941308649398167
186_179,s0.054007408371888,s2.679880713816057,s76.009348152301143
186_180,s2.776963052334087,s-2.071066638210996,s74.076713165157514
186_181,s2.872329602972450,s1.977084575433157,s74.941682859705239
186_182,s-3.769586976639971,s0.783366065178291,s255.081208803519417
186_183,s2.863487406185124,s1.294809032079685,s74.556249727856795
186_184,s-0.985604274451055,s0.757146884619990,s75.077607782977680
186_185,s1.930976789321592,s1.302695940059479,s74.913610783002554
187_0,s0.046440630055770,s2.020170344000829,s75.532331915091063
187_1,s2.742235402788944,s-2.573794423690120,s77.725061161244824
187_2,s0.983275707431153,s1.333847302530247,s75.534830460525043
187_3,s2.906526598505042,s-3.941088588239409,s257.735830661426803
187_4,s-1.090982955630525,s-1.395593277584140,s256.461126159049343
187_5,s-0.259129692129327,s-1.221881592714474,s76.334479989086233
187_6,s-0.907414066668957,s2.707389162742931,s76.582644689609580
187_7,s-0.332202711586374,s-3.156379191805626,s78.666917465601585
187_8,s3.779657292398136,s-3.795515455716115,s77.735465320000102
187_9,s0.985814291445673,s-0.824904434262776,s255.578503421737167
187_10,s0.002431428261136,s3.358335778509863,s75.829128563765892
187_11,s-2.949709977567653,s-3.962446032637870,s246.370622269641927
187_12,s-2.743709806672888,s2.575071962857172,s256.561252822840800
187_13,s3.778636265609993,s-0.109973581014236,s75.534830464215233
187_14,s1.714428698567191,s-1.930885314672848,s76.863517532352915
187_15,s0.037570165383035,s1.345664515777158,s75.531110125740454
187_16,s-2.849692827372112,s0.706694402903079,s255.449441713454434
187_17,s0.198204480935385,s2.495090631510672,s255.816660980736174
187_18,s1.769065385014287,s-1.306612704270651,s75.578503425408357
187_19,s-0.152536748244434,s-3.939137015513179,s259.343825411106025
187_20,s-3.777318902903007,s1.433509633117403,s255.426150805359072
187_21,s-0.309836463860461,s-1.872457712512075,s76.954506791206384
187_22,s2.082616958400408,s1.809730389171703,s255.534830456917888
187_23,s2.995205048516330,s0.372236945317419,s255.534830459644098
187_24,s-3.179275246292231,s-2.589430327393385,s254.952221549676068
187_25,s1.874913623361858,s-2.126467525286687,s257.047550610513156
187_26,s-1.271871892338857,s-1.885304496716153,s76.972560709637875
187_27,s-2.747671401453742,s1.975333898763644,s255.559213295157321
187_28,s-2.978870243915141,s0.273882226354688,s76.144946880489485
187_29,s-2.932164311305145,s1.583979048352999,s75.426150805137866
187_30,s1.910779319775726,s-3.941062423218538,s257.756011239060740
187_31,s1.144230296511841,s2.492369957371547,s255.589369621575230
187_32,s-0.021496870442647,s-0.780876107767181,s255.770930135452744
187_33,s-3.775851169142826,s-3.882516049803985,s256.312745245307838
187_34,s-0.320851750572718,s-3.746772070638194,s78.578856619046562
187_35,s2.905882287280995,s-2.763646108324507,s257.518770902964320
187_36,s-0.799329641434411,s1.187616082888073,s255.531110125663531
187_37,s2.864564117429516,s1.326872810026099,s75.534830456594690
187_38,s-1.366450203821910,s-3.125728862153076,s77.039458793625144
187_39,s1.922898839449327,s-1.511443866051914,s255.578503426104874
187_40,s0.200355810837708,s1.816131098628727,s255.534830460446898
187_41,s1.739665395438738,s-3.750656533964883,s79.692954839888117
187_42,s-2.981736710368426,s-1.319285398587124,s256.465035534809715
187_43,s-1.193039380270425,s-0.547158850843663,s76.099582983845607
187_44,s0.916741414494292,s-1.456664833291835,s255.770930137494048
187_45,s1.062122315596475,s-0.177348313703045,s255.555105058658029
187_46,s0.880868758789219,s-3.938749047510434,s259.692942517466463
187_47,s2.830133322176688,s-0.713277646635379,s75.534830469741863
187_48,s-0.100225390729190,s-1.414886978358476,s256.335534161645683
187_49,s-0.161629154873143,s-3.343487599420122,s259.689927392097559
187_50,s0.759747144048639,s-1.262106875223655,s75.770930137480292
187_51,s-2.206140177992473,s-3.300572045115388,s257.039458793207984
187_52,s2.910516654943825,s-1.584182218406536,s256.704672883474416
187_53,s1.109668940185970,s3.163672882722611,s255.633483437248515
187_54,s2.999115274757696,s3.157313652438817,s255.534830464663997
187_55,s-1.945669499118394,s1.494754466181506,s75.426150801756705
187_56,s0.672180044470624,s-2.516289463847378,s78.972129420540398
187_57,s-2.331152795113836,s-2.447309425479487,s74.952221549224973
187_58,s-1.926438364927909,s-0.033274462751474,s255.522185340396817
187_59,s2.087394077489261,s2.487302153781054,s255.534830456471099
187_60,s3.001322244546739,s1.056338489188237,s255.534830456355024
187_61,s2.742876332711948,s-3.752011118954531,s77.756011243623064
187_62,s-0.750752475465460,s2.499091666490048,s256.025765130603133
187_63,s-2.993138709854961,s0.950112504346104,s75.449441713591170
187_64,s-0.745333398193015,s1.827993687086888,s255.532331913932069
187_65,s-0.794946310710641,s3.164185939287795,s256.025765240266821
187_66,s1.869633622290175,s-3.314524691454860,s258.072382816548782
187_67,s0.839794193398517,s-2.701778497966777,s258.971693528301103
187_68,s-0.178494926194751,s-0.586283991217194,s75.761710940245081
187_69,s0.867042961988656,s-3.338737662337091,s259.686559842156782
187_70,s0.159625847142372,s3.163914088654314,s255.822839473849371
187_71,s1.827508607716200,s-0.669881027642756,s75.578503402460441
187_72,s-2.903564896440842,s2.769020911041084,s76.134606355611837
187_73,s0.129271727206291,s0.503880097653544,s255.535924716680199
187_74,s-0.952185546429108,s1.395712390273778,s75.529889774429563
187_75,s0.710934428654034,s-3.755383590087894,s79.692581225046268
187_76,s2.744781259306409,s-1.983492130702475,s77.047550610439600
187_77,s-1.762278992823876,s3.164958503314353,s256.607836858410451
187_78,s2.906728877661617,s-3.352678959439457,s257.550449705721746
187_79,s-1.019940018525906,s0.765468964728133,s75.522185339879215
187_80,s0.988065043646859,s2.691904876906384,s75.816660981601800
187_81,s-1.089308094931667,s0.124487933421356,s75.522185340546358
187_82,s-3.726291073128097,s-0.906893634884530,s248.947344032728580
187_83,s2.971074117579731,s-0.967598134508022,s255.534830469811851
187_84,s-1.802705628308766,s1.247953736623455,s255.522185339780094
187_85,s-3.197797663315105,s-3.226326833083117,s254.986142432234033
187_86,s1.921399784949965,s0.652698595118970,s75.534830461474186
187_87,s2.844328380644874,s3.358709769785010,s75.581172689108357
187_88,s0.041870099032858,s2.696199190352314,s76.025765131123620
187_89,s3.778636265608037,s0.570747988074564,s75.534830459123398
187_90,s-3.777614888363616,s0.079956710610536,s256.144946880463465
187_91,s-0.937921653346901,s-0.089343475842502,s255.531110125863592
187_92,s-2.838487215082008,s0.007868087725443,s256.144946880347561
187_93,s2.870622433980031,s2.685966535553074,s75.534830460491904
187_94,s-3.748134924295195,s-1.971966323902148,s227.460499584125785
187_95,s-0.952804363150794,s3.358043710043796,s76.025765239683665
187_96,s0.953106008709072,s3.358616067586873,s75.642903490738476
187_97,s-3.777610393533683,s2.643251293508048,s256.134606355593462
187_98,s-1.250309461478097,s-1.202940573125820,s76.461126159309543
187_99,s2.060225500764729,s-0.223318493975823,s255.534830464976409
187_100,s0.191493102666049,s1.141648936272756,s255.534830460665830
187_101,s1.704292138864332,s-2.528088419193873,s78.764235361231144
187_102,s1.927817808756094,s2.010329896011823,s75.534830459507759
187_103,s3.778636265613338,s-0.787327265226079,s75.534830469267291
187_104,s-0.870067814553919,s0.545769290289616,s255.531110125718044
187_105,s2.870312954079855,s2.005017755970431,s75.534830456345418
187_106,s-1.164767226593296,s-3.941928816368679,s257.104301676516627
187_107,s-1.863097683939448,s0.612264668204920,s255.522185339898783
187_108,s2.991459536244169,s-0.305653452731636,s255.534830464038549
187_109,s2.055777527001723,s3.163549833728064,s255.581172732708040
187_110,s-2.788326725623667,s1.342389879486089,s255.426150803593572
187_111,s1.139815364263454,s1.815274168821580,s255.534830459336092
187_112,s-1.881243910844429,s2.107286494336886,s75.559213295157662
187_113,s-1.922098279411041,s3.357202607629108,s76.607836858915377
187_114,s3.778636264924005,s3.358780371464141,s75.534830458428445
187_115,s-2.296185250198959,s-1.848445608144518,s76.465035535111852
187_116,s-3.264644952379953,s-1.899345659414596,s-4063.080789564326551
187_117,s0.984549783563414,s2.014065586975606,s75.534830461457332
187_118,s-3.212943651125804,s-0.471267832286393,s76.171422822096417
187_119,s-2.138672190869954,s-3.941928807806665,s257.104301570431346
187_120,s-3.740893201626527,s-2.585058295538520,s224.680730483131356
187_121,s3.779548201306075,s-2.621369882473310,s77.518770902951360
187_122,s2.906067528693240,s-2.174519993452735,s257.047550610506960
187_123,s-1.712178176149227,s2.512841667882816,s256.582644689064068
187_124,s1.983848575047720,s-0.864965149627157,s255.578503424797049
187_125,s1.138529946317542,s1.135011918620783,s255.534830460336764
187_126,s-3.777872073239876,s-1.576075642521319,s283.287740217560838
187_127,s-1.110297898115882,s-2.076649819287510,s257.112121834184450
187_128,s-0.897723502509288,s2.037915653864862,s75.529889779250155
187_129,s2.075914171350495,s0.450995222611763,s255.534830462789387
187_130,s-0.148831764139973,s-2.063737140822166,s256.961085046808762
187_131,s0.064443523111539,s-0.136877604407450,s255.538998952607102
187_132,s-2.182950180845548,s-1.121731979329174,s76.465035534657730
187_133,s1.870989113016861,s-2.722249200015334,s257.728496258179177
187_134,s2.758450101988112,s-1.351784379807014,s75.578503425470188
187_135,s3.779308596686275,s-2.036933262090040,s77.047550610523700
187_136,s-2.902496717201716,s2.176097352820636,s75.559213447265904
187_137,s1.701488641700964,s-3.125743496145084,s78.971693526888032
187_138,s-1.871107166545817,s2.708533939592887,s76.582599558759426
187_139,s0.688731313487248,s-1.888019312004358,s76.847954252755997
187_140,s-3.666290052160446,s-3.291607718764333,s-858.575787807665165
187_141,s1.899301804017218,s3.358659173516808,s75.614473186386292
187_142,s0.697116288284580,s-3.155352234122319,s79.689927392228881
187_143,s-0.026925126616054,s0.699098195070860,s75.531110125646350
187_144,s-1.199537919907303,s-3.321093995114461,s258.666917464312519
187_145,s2.855125210108479,s-0.033476295722420,s75.534830464206266
187_146,s-3.053472526546618,s-0.664994475847777,s256.465035533465596
187_147,s-2.731668931496167,s3.165032749557602,s256.662186417175178
187_148,s-1.733464865536225,s1.879006695786860,s255.529889779245252
187_149,s-3.777327969732426,s0.753120352578040,s255.449441713678624
187_150,s1.127753421096466,s0.461909013633604,s255.534830464513732
187_151,s-1.325408300554554,s-3.747416674897019,s77.104301572148501
187_152,s3.779539315188197,s-3.208360698912207,s77.502028967483312
187_153,s1.922696220223088,s1.332967344038299,s75.534830459148623
187_154,s2.743768619585893,s-3.163090050771777,s77.550449705589131
187_155,s0.829466205689821,s-0.629744681735200,s75.558097439912729
187_156,s1.932375078881705,s2.687927970443009,s75.589369622435314
187_157,s-2.066693805639084,s0.223514041278423,s75.522185340415433
187_158,s3.779143251684406,s-1.443046012637887,s76.704672883484989
187_159,s3.778636265605124,s1.259473419739688,s75.534830454416735
187_160,s1.905197908377869,s-0.023604530058080,s75.534830464717558
187_161,s3.778636265602415,s1.961656237170435,s75.534830451374134
187_162,s-2.361924707428773,s-3.074323959336696,s74.986142430721415
187_163,s2.077224118860591,s1.131316350868770,s255.534830458443878
187_164,s-1.163640942330296,s-2.706263855098270,s257.112121834391360
187_165,s-0.314495639489840,s-2.537260949893815,s77.112121834361275
187_166,s3.778636265555595,s2.673024963702545,s75.534830464995977
187_167,s-1.034315359630094,s-0.740964079485019,s256.261174352166620
187_168,s2.860047445827828,s0.648975591788475,s75.534830459340881
187_169,s0.849414375233154,s-2.079605845969902,s256.863517532393018
187_170,s0.905855644253273,s0.017859335730659,s75.538998952012292
187_171,s-2.891670647601555,s3.357126293717323,s76.661881562478712
187_172,s3.018148054362116,s2.457171680250679,s255.534830457683370
187_173,s-2.182714185193249,s-0.529994186995406,s76.461126159374416
187_174,s-2.045054108127155,s-1.403454769648449,s256.464760071516537
187_175,s-3.777371174915946,s2.058451030248255,s255.559213447281849
187_176,s-2.006132373935012,s0.858669652873886,s75.449441713400304
187_177,s0.971736030838768,s0.657786092482581,s75.534830463824250
187_178,s3.011322176855785,s1.750962522382616,s255.534830453340277
187_179,s-3.772431709121304,s3.232248566591684,s-1903.563878143801048
187_180,s-1.321730684966739,s-2.500081358308926,s77.039458795022909
187_181,s-2.317751435584392,s-3.710580986438298,s74.286378148466071
187_182,s-2.173631288787921,s-2.666188903588353,s257.039458795081487
187_183,s-0.091039141612396,s0.061158176077335,s75.531110125816369
187_184,s-0.145832163241330,s-2.729537804856886,s258.972129420519877
187_185,s-2.023387679343420,s-0.722646891453837,s256.461126159352318
187_186,s-2.134399620788517,s-2.041652240731367,s257.104300766941947
188_0,s-0.154644643223085,s-0.568099748473398,s75.508056278914680
188_1,s3.783335122961635,s-3.801949871447613,s77.497431124361128
188_2,s1.729789085389524,s-1.919443756504518,s76.874265217842662
188_3,s-3.782833118653210,s2.066902245357957,s255.260751981212138
188_4,s-3.264651721035189,s-3.964028119747567,s114.027264789716654
188_5,s3.782603485065124,s-1.426511839729965,s75.948404576923153
188_6,s2.076091306665411,s2.497678613703957,s255.754671197705505
188_7,s-1.941415459582081,s-0.683176177585205,s255.509465242546355
188_8,s1.131349075691262,s1.819585464427349,s255.802614820790154
188_9,s2.075041540433040,s1.819087647211687,s255.742705808814776
188_10,s2.856539670905476,s0.659910916180057,s75.732589334373330
188_11,s-3.151715262669167,s-2.691896616170430,s258.222464587092531
188_12,s-0.250970150674248,s-1.232982182882542,s76.175335133199667
188_13,s-3.782687083850208,s0.084295196525127,s254.860667359048165
188_14,s-1.103156706282957,s-1.419421089319484,s258.210937808204733
188_15,s0.774874654093605,s-1.257670315909637,s76.340849264719083
188_16,s-0.286526904327503,s-3.143723493047751,s78.452461187991631
188_17,s2.869242749799541,s2.691336189420041,s75.755052498404865
188_18,s-2.185724101630297,s-3.960803873547882,s250.033308567082543
188_19,s-2.097732711637441,s-1.414779199574872,s257.349740923998240
188_20,s2.064749280530996,s0.465333871619498,s255.743387131128742
188_21,s-3.007123839133741,s0.281513596261797,s74.866036198747182
188_22,s-2.899931181289774,s3.360080443308544,s76.490321843468521
188_23,s2.056171341888938,s3.166423332356288,s255.762169114418128
188_24,s-0.765433038764427,s2.506291292752494,s256.148739111963096
188_25,s-1.724950461499202,s2.511319192561511,s256.345947741493603
188_26,s-2.930468849537920,s1.586500141382180,s74.869647511516362
188_27,s2.910633184254818,s-3.358712416066460,s257.517746160246531
188_28,s2.747712402465897,s-3.169015318848631,s77.535679074271158
188_29,s0.921352768963782,s0.016199845287816,s75.710748096763879
188_30,s-2.075427427887596,s0.215177742157740,s74.900712940055001
188_31,s0.767163453780298,s-3.757662968547870,s78.394578782177646
188_32,s-2.852636038776838,s0.706399085303873,s254.891138970727695
188_33,s-0.242210934567196,s-3.759676050117076,s78.482090130531091
188_34,s2.992476900469324,s-0.949787791894898,s255.880377391277193
188_35,s1.899175269399777,s3.361242026253948,s75.699048628839407
188_36,s-2.140911332433516,s-2.705016239073216,s978.400206224813815
188_37,s-2.091447031215612,s-0.461234107909749,s74.899651815820008
188_38,s-2.130522004696410,s-3.334687398148806,s258.493508886362747
188_39,s1.130555742120129,s2.495602507211016,s255.979580605086397
188_40,s-2.756398398548162,s2.575571963462115,s256.031821782525299
188_41,s-3.782690174534748,s1.448616428125552,s254.869289122524805
188_42,s-1.732596731657949,s1.880799286632460,s255.450461412210473
188_43,s1.877378888211362,s-2.725765957545907,s257.416567543628105
188_44,s-1.292208626507577,s-1.868927327073124,s77.994467849009396
188_45,s0.713586739207639,s-1.881067354828903,s77.616400948886692
188_46,s1.875791523550226,s-3.316994063138629,s257.686931066363798
188_47,s0.147815492465293,s3.166790306496979,s256.003540834905266
188_48,s-2.788613204563173,s1.344501918921883,s254.891489845048085
188_49,s-0.009984643005309,s3.360838445835484,s75.969012655949086
188_50,s-0.935715928818265,s-0.083049778759103,s255.381987530140123
188_51,s-0.157152091887649,s-2.701427646338083,s258.375885497547074
188_52,s2.850236319435387,s-0.013807926505014,s75.813822489363972
188_53,s2.912264900708929,s-3.948065266793984,s257.497792229067102
188_54,s-1.930594510706746,s3.360254766750292,s1516.361136769973200
188_55,s2.996801365296172,s0.399701966994780,s255.684290790921466
188_56,s3.782427612896517,s1.279182445141935,s75.517784230423956
188_57,s0.187324089790756,s2.496178632501884,s255.989617963368744
188_58,s2.788609456605138,s-1.343363158761361,s75.899731509172355
188_59,s1.922725975185547,s-3.948136955499975,s257.443685016145935
188_60,s-3.783345691490077,s3.243379823710622,s2056.488376601585969
188_61,s0.137684593208439,s0.496517360453086,s255.713040724833803
188_62,s-2.748105670536748,s1.978253263447262,s255.452681169200389
188_63,s1.102066347542058,s3.166861954641190,s256.000032153519783
188_64,s0.933393452765363,s-3.948033750981996,s257.521646846199360
188_65,s-2.117502135269372,s-2.065611996964646,s257.990884356966433
188_66,s-0.018727687751686,s0.694575661653089,s75.366277260827701
188_67,s2.071516819780301,s-0.218938209225843,s255.814635966123774
188_68,s-3.674582315985737,s-2.541272214209540,s156.409867923560711
188_69,s-2.740506515161911,s3.167508943740410,s256.490322182486068
188_70,s0.875300915331111,s-2.081587232254090,s256.874852957751386
188_71,s-1.091900761997635,s-3.947526469421605,s257.911971724481873
188_72,s-0.087084660999114,s-1.427665314299472,s257.615497692429301
188_73,s-2.991610610209294,s0.959072119969440,s74.867789179003509
188_74,s-0.133800618887433,s-2.057712237449205,s257.616926002885464
188_75,s3.782241703644969,s1.966222585051034,s75.026824106768430
188_76,s3.783345691490077,s-3.214951403346979,s77.517619678878873
188_77,s-2.914590391642253,s2.772324264728759,s75.248297147219347
188_78,s-2.304768746952056,s-2.507175779770371,s78.179951260811293
188_79,s-1.880516438964171,s2.107035774112364,s75.452800699803603
188_80,s-3.782689288691445,s0.773865376481264,s254.866776028804310
188_81,s0.194372885442519,s1.137553013067202,s255.715404765497595
188_82,s-1.294122370961084,s-3.139458329382955,s78.463711331661344
188_83,s-0.120569689468841,s-3.330948510774319,s258.394749699464853
188_84,s-1.127711954997372,s-2.061320771343106,s258.207209688493435
188_85,s0.709231499764329,s-3.132519311421425,s78.388376258116878
188_86,s0.968831372469944,s1.345022274571012,s75.730164161812098
188_87,s1.124724527391983,s1.146350184460427,s255.741027645889830
188_88,s2.910316979912968,s-2.769705020051350,s257.200196110396291
188_89,s2.858387793164156,s1.338749070422112,s75.732859699553046
188_90,s1.077968205320039,s-0.179597581281162,s255.732453526212993
188_91,s0.975332818412804,s2.018686516632289,s75.822833925283518
188_92,s0.975873822796834,s0.655931672128110,s75.710187556895363
188_93,s-2.011581383434753,s0.853210958306027,s74.891443842506817
188_94,s-3.074639745901432,s-1.383948143348979,s254.909814324090718
188_95,s2.072456191863440,s1.139808690103213,s255.741116400873267
188_96,s-0.083323637203745,s0.061385803466063,s75.379302694549253
188_97,s3.019113408279846,s2.464863287290987,s254.984892219158127
188_98,s-0.993791286867044,s-0.724531426849404,s255.526197610661967
188_99,s0.073303114266899,s-0.135734125569523,s255.709186051337838
188_100,s1.915530320094514,s-0.019487310923608,s75.734845358406702
188_101,s1.132773089730337,s0.461169904326763,s255.739631959304262
188_102,s0.038270950514006,s1.336320343282782,s75.475976979145315
188_103,s-1.803217344529463,s1.253246209259052,s255.319860796703296
188_104,s-2.867667204788216,s0.030480973778532,s254.897415717659101
188_105,s1.006387435805961,s-0.820395246602255,s255.733881565483642
188_106,s-1.883126578506973,s2.707434697298383,s76.346105218816120
188_107,s-2.967400175923680,s-3.815441742876825,s238.226173241390683
188_108,s-0.865225590820824,s0.545874510396428,s255.366954464229082
188_109,s-1.270111082789206,s-3.756720963213119,s81.515539877862494
188_110,s1.918962778331465,s2.017968095009113,s75.805198281616939
188_111,s2.748355576792302,s-2.579086507628786,s77.242331088952938
188_112,s0.678124100363280,s-2.506971672891419,s78.375804245985634
188_113,s2.848400950050965,s-0.702470983010979,s75.840457139566468
188_114,s2.750270891126279,s-1.976534000316248,s76.873536021389157
188_115,s-1.864942314122029,s0.624583243090220,s255.149586523964302
188_116,s-1.129653388964926,s-3.333815602676401,s258.454011935604683
188_117,s0.000644150467165,s-0.769887076344635,s255.716152331796565
188_118,s1.710173004432091,s-3.127331367597838,s78.261179521721203
188_119,s-2.318755626609501,s-3.130979969632107,s78.426738792956044
188_120,s-1.928316460936849,s-0.011603854119749,s255.148547082383828
188_121,s2.908371885122293,s-2.179569431861076,s256.812667473906629
188_122,s1.909612350218468,s0.666922453030152,s75.741716968330124
188_123,s2.008271559951682,s-0.862128475226269,s255.849927086220788
188_124,s2.860760341123472,s2.018317054034346,s75.752198531201003
188_125,s-3.477826256124061,s-3.027718222383222,s215.030469853938769
188_126,s-0.949904699746537,s1.396173339146632,s75.321635042082889
188_127,s3.782574769489006,s-0.752433984427854,s75.880099362788272
188_128,s3.782992595040628,s-2.046890283481504,s76.812664899254003
188_129,s3.782484473087714,s0.598242317082902,s75.660263424835364
188_130,s1.918995406369925,s2.695301281174614,s75.979318671803824
188_131,s0.944294984620820,s3.360793777932895,s75.999193721229773
188_132,s-1.304589804689106,s-2.510930220506612,s78.388590983739192
188_133,s0.182283398676759,s1.824138975353272,s255.806480223253857
188_134,s-3.661977587797593,s-2.014261720499158,s220.987543037653069
188_135,s0.851044219554878,s-0.619619550411003,s75.717133770644750
188_136,s3.782552954793982,s-0.079995475323596,s75.827640824235345
188_137,s-1.771432056429771,s3.167224051040242,s256.345810698129469
188_138,s-2.324473830156779,s-3.712823904823207,s59.377208094684150
188_139,s1.949236358528726,s-1.504203535567124,s255.901462636669464
188_140,s-0.894770873345323,s2.037174414094437,s75.452971109248693
188_141,s0.027677750939532,s2.028984412297205,s75.720801648018949
188_142,s1.851338068609656,s-0.665849093779314,s75.733244475547792
188_143,s1.794192995261536,s-1.298774863015416,s76.001263905894987
188_144,s-1.085333249432863,s0.137004404827872,s75.148642638828051
188_145,s1.917086235255588,s1.340451137513703,s75.741416016808785
188_146,s3.781136689695602,s3.364028119747567,s73.933941111723811
188_147,s-1.141296843069157,s-2.710531611719031,s258.375021932744858
188_148,s-3.782995491437214,s-1.501679307244382,s243.197062854501979
188_149,s3.783179040453936,s-2.629724788788164,s77.192855387775595
188_150,s1.711944041309949,s-2.534731936226011,s78.162446985569829
188_151,s-0.923167389541128,s2.705313647719099,s76.345710633259074
188_152,s2.990500937708601,s-0.275294244958228,s255.827563751750404
188_153,s1.886624232793541,s-2.127569710302393,s256.873870408877508
188_154,s-2.282623834591104,s-1.869630191647909,s76.174379300848415
188_155,s0.933798045966201,s-1.450661571412714,s256.340143183025873
188_156,s-3.666453733499577,s-3.471044881202728,s158.497307093109157
188_157,s-0.076097373582847,s-3.946921554802658,s258.394341990927671
188_158,s-3.782828433360037,s2.646974050595982,s255.248297596013259
188_159,s-1.948025711748347,s1.491825693552392,s74.901410392500651
188_160,s-1.268753719754252,s-1.228430782692669,s77.335445224612201
188_161,s0.843863367694555,s-2.694622619518559,s258.261055017682622
188_162,s-2.261146042068105,s-1.215575546211239,s74.901585631758792
188_163,s-0.298609157417828,s-1.864703927042150,s78.207040560702254
188_164,s0.874969222713892,s-3.320430903188682,s258.261092394356979
188_165,s-0.809718336044518,s3.167056948068784,s256.150161629598642
188_166,s0.031729327789205,s2.701433629708210,s76.148993167075048
188_167,s3.004414777614861,s3.164817913601756,s254.861982237044913
188_168,s2.998841464581084,s1.079113793178328,s255.650972517751569
188_169,s-3.112827428934426,s-2.040679406088785,s256.170233103283408
188_170,s2.749478173134985,s-3.758326488627821,s77.497994120779353
188_171,s0.974621617292246,s2.696838668357440,s75.989512088552146
188_172,s-1.141712463810385,s-0.497244183542019,s75.505357506808750
188_173,s-3.223108911613147,s-1.166078423374788,s74.857133103074730
188_174,s-0.967996949877921,s3.360572040099565,s76.150036203757949
188_175,s3.782180560964244,s2.673372723431869,s74.855468415878704
188_176,s-0.799719066131567,s1.179464446731344,s255.366799685552166
188_177,s-2.904090746277970,s2.174391036269765,s75.260795348865827
188_178,s3.002724165721838,s1.763521152473522,s255.516864619155484
188_179,s2.935139209888387,s-1.581911386944575,s255.948405318496185
188_180,s-0.321119819489951,s-2.505769527209995,s78.363627540540378
188_181,s-1.014322857536064,s0.767574589754080,s75.164275609164903
188_182,s-0.744478728920120,s1.819302242780275,s255.498370902265975
188_183,s-3.782686077309097,s-0.603326613743544,s254.858315113925528
188_184,s-3.005696103354007,s-0.407299603149976,s74.859510578972802
188_185,s-2.866461693719855,s-0.659253011065773,s254.901760662467609
188_186,s1.759879522329042,s-3.757904105187016,s77.521758561822949
188_187,s2.850448124343270,s3.362987761207574,s74.584559860034574
189_0,s2.056607501099026,s-0.886854632249656,s253.455222417974625
189_1,s1.985852390702869,s0.682050603695176,s74.735255853992342
189_2,s-3.791436832109696,s0.125212664994431,s255.029278917047606
189_3,s-3.035682573069676,s-3.124609662569775,s75.029279483491123
189_4,s-1.154398002607790,s-3.156438743909020,s75.905919057350459
189_5,s-2.759754528683913,s3.106927333805158,s257.230359868339065
189_6,s3.785228333784200,s0.578334866398299,s73.455222248973499
189_7,s2.904417775464875,s-2.246609324751607,s254.515064163323814
189_8,s-3.791436833588502,s-0.549766644520742,s255.029278893320935
189_9,s2.895169538945307,s-4.023048700423843,s256.628823597637563
189_10,s0.830267903815914,s-1.218692825785278,s74.890389128448589
189_11,s3.121651433393279,s3.298752332513530,s76.280939511974353
189_12,s2.214241454808024,s1.220043418043253,s253.455223338228706
189_13,s-2.925896630841978,s0.933961623828536,s75.927055228665125
189_14,s2.165302539421302,s2.692081985456672,s79.092373248089032
189_15,s3.185573943284566,s2.636747654186145,s75.490660276548837
189_16,s-1.002871434835116,s-1.315732257182124,s255.029277961363022
189_17,s-1.943189887055401,s-2.676509711524130,s255.585829498567591
189_18,s1.895441348111036,s-2.165325131284479,s254.468995597273562
189_19,s3.785541164974430,s-2.152433086544707,s74.515063691347564
189_20,s-0.999258692731010,s-3.360832072688634,s255.964800515738858
189_21,s1.132670434514801,s2.702820412141802,s79.885390267238947
189_22,s-3.791436835063948,s-1.235321818208186,s255.029279646692771
189_23,s-2.088784115299448,s-0.429879743912362,s75.029278467551222
189_24,s1.091386068131267,s1.402476238535227,s77.971502606358598
189_25,s1.097417495784066,s2.076457870692864,s78.018591973025380
189_26,s-0.142766305350603,s-1.181843355712177,s75.029277586442532
189_27,s-0.686355841341682,s1.846504485647370,s258.215094567554615
189_28,s-0.722714671984798,s2.477911278627379,s259.885943852482285
189_29,s0.798243466656229,s-3.830569210881557,s76.412760513279892
189_30,s-2.004112561751459,s0.201486347686296,s75.029279250784953
189_31,s-2.087154762061787,s-1.118029011579611,s75.029279472864673
189_32,s0.939366093176142,s-2.088799341710222,s254.781406287403939
189_33,s-0.875494975524109,s1.420025795160161,s75.826383745428103
189_34,s-0.786483831502968,s0.589105397186946,s255.054516257490974
189_35,s-0.999325401280917,s-2.005842088475764,s255.058653309745409
189_36,s-3.015298705268985,s-1.725937577282685,s75.029279633975477
189_37,s-2.882417017236252,s-2.673249770745450,s255.083970128450375
189_38,s2.913127292831756,s-2.844329403500131,s255.158234989371408
189_39,s-2.921653089122082,s3.297423676794034,s77.230359984453187
189_40,s-0.894530008793375,s2.668129219451277,s77.840749279464958
189_41,s-3.791788668407688,s0.796999304250460,s255.927055146819100
189_42,s1.262141031034231,s1.886723151531832,s257.615357450371846
189_43,s2.999965269232862,s-1.008373682375650,s253.455221314566955
189_44,s1.910850507161712,s-0.659558102962419,s74.468994775291080
189_45,s-1.720254400776166,s2.473616648980400,s257.840749307337660
189_46,s0.140677206595622,s-0.101091557766439,s254.890389024458017
189_47,s-3.792438387612210,s2.564386373945374,s257.321425561679973
189_48,s0.713366044151801,s-2.492592375801344,s75.584438157234530
189_49,s3.785228333597561,s-1.516583583832715,s73.455220938127042
189_50,s0.061153169080625,s0.732918607665096,s75.054587795238078
189_51,s2.819734653878938,s-1.398193884691097,s73.455222194749240
189_52,s-3.000854992706099,s-0.362355784983546,s75.029278758805532
189_53,s3.785228332025934,s-0.834467317748623,s73.455221227579955
189_54,s1.924883736877324,s-4.023138500751537,s256.565400992327397
189_55,s1.119868052742339,s3.294739002378335,s79.400542826973890
189_56,s1.838807366664128,s-1.296635839455794,s74.468996279125051
189_57,s3.785766506186460,s-2.727581520371698,s75.158234710666306
189_58,s-3.792347678146478,s3.153464127559759,s257.242963832316377
189_59,s0.272322651367563,s2.514972846805756,s259.885942786512317
189_60,s-2.864962991948834,s-0.628378613366366,s255.029279152830810
189_61,s-2.096095909259185,s-3.159400876374769,s75.560780595733831
189_62,s2.897906481379411,s-0.034039955603722,s73.455221598804044
189_63,s0.136026482438692,s2.047814167903740,s78.215095095761910
189_64,s-0.050694622454358,s-3.369672741078763,s256.412759938679926
189_65,s2.139701201413649,s0.479966686731847,s253.455222440028194
189_66,s3.020391829868378,s-0.324054430692026,s253.455221227066801
189_67,s2.111074277666020,s2.062263654597661,s77.615359078211327
189_68,s-1.887545409705454,s1.474823094241478,s76.684975253090968
189_69,s0.957407298684008,s-4.023356347008717,s256.412759879885471
189_70,s0.789836985081656,s-1.872754840842596,s75.015431197549276
189_71,s-1.158502095479641,s-2.478383027309984,s75.585829647645085
189_72,s1.979642253626906,s-1.538358314087466,s254.148843233456233
189_73,s-2.098323088954605,s-1.795212936290867,s75.029283639218676
189_74,s3.786212708023183,s-3.315972276248903,s76.255399834594513
189_75,s2.735279843809206,s-3.830863147504695,s76.628823975697912
189_76,s1.303330653855581,s2.514849748765526,s259.092372724432323
189_77,s-3.791436802698469,s-3.338832492881981,s255.029208298085535
189_78,s-3.000104599328122,s0.312045841416179,s75.029278329103676
189_79,s-3.791429171361756,s-4.025474100579546,s255.008143923700260
189_80,s2.124393749864349,s-0.217517589048900,s253.455221566300310
189_81,s-3.012552093643534,s-1.038906033522661,s75.029279731631888
189_82,s-0.071633865039928,s-2.005633403216625,s255.029278156912824
189_83,s-1.775435185257161,s3.106597326113242,s257.600518496290761
189_84,s-1.938749509177688,s3.297423677584582,s77.230358033068924
189_85,s-0.873862665072084,s-0.037377790948210,s255.029277984749513
189_86,s0.908463930688363,s-3.373182102089558,s256.563136678830347
189_87,s1.715014103982961,s-3.180160782201099,s76.563136579028011
189_88,s1.729447562867297,s-2.576428927378317,s75.922100406505010
189_89,s3.121206716471906,s1.994960929351919,s74.199310659658281
189_90,s3.651078455478034,s2.577698960865693,s23.629369001725607
189_91,s-0.947881992241450,s3.296931014353834,s77.600517423064758
189_92,s2.754586774543360,s-2.038103228182204,s74.468994861286035
189_93,s2.905479629222700,s0.669744356507925,s73.455223353052816
189_94,s-1.156822380213038,s-1.117244375154073,s75.029278290042384
189_95,s2.755315514333389,s-2.647363940673861,s75.922101367347992
189_96,s3.785228336924206,s-0.133509553499413,s73.455221239757563
189_97,s1.066958532796681,s-0.798762124098325,s254.468995824509619
189_98,s2.748048721995660,s-3.241545890582385,s76.378845785164231
189_99,s-0.225122602017929,s-1.805416995163462,s75.029278660780577
189_100,s-1.932997672019372,s-1.315745999066954,s255.029278893287028
189_101,s0.987298981379855,s0.041393372913899,s74.890389968752118
189_102,s0.127482770205510,s1.381626365135950,s76.070511746225804
189_103,s-2.887119222938700,s-3.352465436761868,s255.560780001267432
189_104,s2.334433097274069,s2.489987588572317,s255.490655540346040
189_105,s-1.913543078816151,s-4.024616576732482,s255.560778140968779
189_106,s-1.075102928073487,s-0.493253638726787,s75.029278342172333
189_107,s-0.060526481374868,s-2.698848935684711,s255.584439293000912
189_108,s1.972474860961744,s-0.012393513147604,s74.468996093588885
189_109,s-2.878957759931705,s-1.990281602079200,s255.029284228651619
189_110,s0.215746395635027,s0.535965293902487,s254.933824617085435
189_111,s-1.884255040244050,s2.662936089283861,s77.689169986725389
189_112,s1.052029329487165,s0.686995708647547,s74.933863819401083
189_113,s-3.792126259954444,s1.396764794492924,s256.684974696525501
189_114,s-3.021677280974975,s-2.418770606005491,s75.029279211125697
189_115,s-1.721523375606030,s1.883668668071357,s257.840803894078533
189_116,s1.874301819611684,s-3.374126507721854,s256.563136276487000
189_117,s-2.069822694668563,s-3.829484089050205,s75.560780295840402
189_118,s1.206234342917771,s0.489428582956162,s254.735223692663226
189_119,s-0.007110635524041,s-4.024009594608765,s255.964799848837600
189_120,s-0.775933558329451,s3.105850208637512,s259.885943532697127
189_121,s-2.859101675959807,s-4.025474103377478,s255.008145806714168
189_122,s1.755232590517828,s-1.922903069097333,s74.468997149992461
189_123,s0.982086544213393,s-1.425762363217409,s254.468996594221409
189_124,s1.140410323064230,s-0.160888405778297,s254.468996530559536
189_125,s0.010860024110892,s-1.382243374405648,s254.891051121595268
189_126,s3.049673177446804,s1.353084782752127,s73.455222533767156
189_127,s-1.885668856166793,s2.073994477618171,s77.415559658813976
189_128,s1.257207588811882,s1.202619555506328,s254.811246028344755
189_129,s-0.207318089257873,s-3.163904805340976,s75.964800508002654
189_130,s2.907153558641273,s-3.434883763760112,s256.255399742579812
189_131,s-1.851746975699152,s-0.002930303803432,s255.029279222384929
189_132,s-1.934625503092749,s-0.627591019388111,s255.029278457368576
189_133,s-1.118168380408896,s-3.829909448618529,s75.905916072955975
189_134,s2.275739735946551,s1.860467481504426,s254.199305207475476
189_135,s3.785422649429080,s1.444015448246838,s64.746202956498223
189_136,s-0.941144770369701,s0.785640872634335,s75.083924444052229
189_137,s2.952924808731932,s-1.652172989417197,s253.455220931721442
189_138,s-1.954609916744988,s0.854255618414995,s75.029281327166899
189_139,s2.161020414849154,s3.298750271162524,s76.282404677403051
189_140,s-2.876957186900481,s-1.306039915412157,s255.029280503352595
189_141,s0.285708328544735,s1.185974047267311,s255.551254070267106
189_142,s0.084058143407880,s3.294206182092297,s79.885721185022021
189_143,s-0.099759582705684,s-0.529169893870450,s75.029277308995361
189_144,s0.864330170858459,s-2.714629339125879,s255.922100457266680
189_145,s3.792438387612209,s2.011031739143988,s53.979141069080711
189_146,s-2.918179516162923,s2.117462095361500,s77.264662129677419
189_147,s-1.943774001715361,s-1.991910693282481,s255.058654671996806
189_148,s3.677650060222486,s3.425474103377478,s203.629369887908268
189_149,s-2.917298239433841,s1.527634045583424,s76.684975210700401
189_150,s2.049590221585812,s1.424436482539681,s77.549752573048679
189_151,s1.885261588505036,s-2.777323232869846,s255.922101131423659
189_152,s-0.213941272644928,s-2.492299311109875,s75.585829816278959
189_153,s1.288864172717307,s3.110510018194315,s259.400539940322631
189_154,s3.198033197697737,s1.150171661191647,s253.455223038339057
189_155,s-1.152623587449446,s-1.804605743130958,s75.058653925710104
189_156,s0.101771858684073,s2.697763520060021,s79.885943577099269
189_157,s-0.718929134496390,s1.223176962331709,s255.826164288882268
189_158,s-2.859429296912511,s0.063911122595398,s255.029278456292104
189_159,s-3.791436832245302,s-2.622211363617553,s255.029279117713770
189_160,s-2.920735288579797,s2.707521211694420,s77.321425614032435
189_161,s0.750164882839512,s-3.174234072409548,s76.412759380864770
189_162,s0.914445446296986,s-0.594264605163755,s74.890388889674043
189_163,s-0.960716173974289,s-4.024097010145850,s255.905913838351694
189_164,s1.765206872846300,s-3.830776076618323,s76.565401840630301
189_165,s0.301306550639379,s1.859264315752005,s257.980628814190368
189_166,s-2.778965368748213,s0.692845069476495,s255.029280438435791
189_167,s3.028417372371275,s0.381252738954112,s253.455222730471689
189_168,s-2.758175359556537,s2.517202225347950,s257.415048287648403
189_169,s-0.013708191015278,s0.096473136120770,s75.029278876100335
189_170,s-1.939280744899713,s-3.357966130994793,s255.905920500297185
189_171,s-0.921400333127664,s-0.692670278860675,s255.029277315787340
189_172,s2.319745841913056,s3.105596278097181,s256.280989053465760
189_173,s0.254542406931363,s3.110953575294642,s259.873332364681175
189_174,s-2.755695370765484,s1.926957022075295,s257.387724618118568
189_175,s0.054669316178236,s-0.726571869746409,s254.890389263528050
189_176,s2.871836365435930,s-0.737356991840106,s73.455222277053181
189_177,s3.782751110818354,s-3.900737115154074,s-1364.286240874505893
189_178,s-1.729167508387962,s1.270828635050800,s255.826383670680229
189_179,s-0.851713279503898,s2.035566845335750,s77.840821417250964
189_180,s-2.757220275817992,s1.335605281362542,s256.684975222029550
189_181,s-3.013429002257558,s-3.828608145779177,s75.008158744327915
189_182,s-3.792409464486680,s1.978969207327057,s257.264616142439763
189_183,s-2.099652138762757,s-2.479216116610564,s75.083970567775324
189_184,s-0.164762332251274,s-3.829983957690431,s75.964801724777516
189_185,s-1.005222497581477,s-2.685451362425868,s255.585831057323247
189_186,s-1.028324739302123,s0.159198648584640,s75.029279693604707
189_187,s-1.801846485077728,s0.651326767330779,s255.029280890107145
189_188,s-3.791436834563220,s-1.924467823291861,s255.029279254468264
190_0,s-3.002556128853654,s-3.957066329171552,s309.025433322949937
190_1,s2.867593629150505,s-0.030299399070665,s124.291803121320100
190_2,s-0.918639469636640,s2.732541552304190,s125.985173659489604
190_3,s1.926554503958380,s3.379830677745347,s124.523956874625810
190_4,s-1.113508504761195,s-0.462116770908294,s123.935903860217948
190_5,s-1.967795921552362,s0.919658622628261,s123.909729630009224
190_6,s1.949444796276853,s-3.960698281328802,s306.075315107685014
190_7,s1.746756940521711,s-1.892046405193482,s124.651622239480474
190_8,s-2.866997199506553,s-0.563757046288789,s303.935254357075394
190_9,s-2.115082968244896,s-1.742839195259630,s123.935825417454723
190_10,s0.220602588467246,s1.858744981199254,s305.695173537933556
190_11,s3.007715847566686,s-0.970063273648686,s304.291804653485599
190_12,s-3.009275770366212,s-3.358530240364696,s309.072035563411305
190_13,s-0.822597131339699,s0.598265316873561,s304.153931920331729
190_14,s-2.877881085616691,s0.137330753594364,s303.915406326726213
190_15,s2.022804508712218,s-0.867151649460260,s304.291725757803079
190_16,s-2.885954103355698,s-1.246868261048835,s303.935689037929876
190_17,s-3.797378112184275,s-0.472960322139475,s303.935254357302142
190_18,s3.797674961344644,s-2.073586230724769,s124.960590286397235
190_19,s-1.970649250092428,s-1.973517772053796,s303.935830247604713
190_20,s-2.762389934061400,s2.004751266870290,s305.574833104591789
190_21,s3.797415654158843,s3.380185983705625,s124.295786887770788
190_22,s2.762074232375496,s-2.587315737378877,s125.920425728555443
190_23,s3.018386817561520,s1.064689960805539,s304.291804656237957
190_24,s-2.754972408303080,s3.185949385306173,s305.953126735810883
190_25,s0.813343168273844,s-3.768992755917941,s126.095581772088735
190_26,s1.163987840575534,s2.527225048596221,s305.545748212355477
190_27,s1.099407117019189,s-0.137185239140941,s304.291725762714634
190_28,s-1.192653131249044,s-3.125765542066126,s126.109014016396344
190_29,s3.018060784342798,s0.379495566225210,s304.291804655185331
190_30,s1.733453077471198,s-3.126949109855486,s126.107304401742454
190_31,s-0.866934693792444,s2.084675337264678,s125.712356347280306
190_32,s-0.970961520437491,s3.377963361529206,s125.785441176902637
190_33,s1.954584608951936,s2.055132285489449,s125.407492871153721
190_34,s1.733035409139891,s-2.532499950501157,s125.920475729101582
190_35,s1.892576299055668,s-2.727459072914836,s305.920425728595717
190_36,s2.082099882635130,s3.184108910784373,s304.523081592360995
190_37,s-2.944562299333046,s1.016954586169983,s123.909729630145208
190_38,s0.919114853453974,s-3.318622317168507,s306.107304401697604
190_39,s2.106205304599756,s1.827732167572218,s304.315300838027838
190_40,s3.797414187172401,s1.261916130414951,s124.291804656437066
190_41,s0.864563555443817,s-2.674302495099908,s305.920475729034479
190_42,s-1.782926531940141,s3.185941129632880,s305.951196217297195
190_43,s0.945733832891680,s0.063215604883604,s124.291466978306076
190_44,s-3.797514465631849,s-2.608783506921630,s304.316622479529087
190_45,s-1.954659896516848,s-1.296225454378370,s303.935830247627734
190_46,s-0.250566587350174,s-1.781933594004356,s124.635573257598793
190_47,s3.796096269362183,s-3.821667175307391,s-953.893087061752794
190_48,s0.080770412569010,s1.377820129694371,s124.298016819333029
190_49,s-0.973196848591480,s0.808765214028571,s124.138562330992087
190_50,s-2.142290290983778,s-3.769208147475788,s129.042774996252149
190_51,s1.963813954142046,s2.722898470205039,s125.545748212393661
190_52,s-0.811315404317760,s3.184999858698824,s305.784961601260818
190_53,s0.711069080601478,s-2.453681644682876,s125.920475726155985
190_54,s-2.892550079135308,s-1.937652424589970,s303.955749268117131
190_55,s-2.936975432892632,s-2.633125686749112,s304.021950021330497
190_56,s-3.797385340364659,s-1.846504249997694,s303.956153314634548
190_57,s1.880225474482456,s-0.625018170168146,s124.291715357108544
190_58,s-1.970589892105483,s-3.959402575412835,s307.046325482831037
190_59,s-2.804292461774575,s0.771342060570639,s303.909729630008030
190_60,s1.950449003750264,s0.691050856589642,s124.291803121532325
190_61,s2.867215444638411,s-0.720109032895541,s124.291725761563654
190_62,s1.043018568399258,s-0.777589837186916,s304.291715356909549
190_63,s2.884343093751989,s1.338932408894908,s124.291804656760235
190_64,s-3.000623330289806,s-0.293425469221561,s123.935254356996552
190_65,s3.797415652853065,s1.975610024967123,s124.295783073485723
190_66,s-0.924376813872083,s1.463440559964942,s124.261042441747563
190_67,s-1.891334575650374,s2.732463727749578,s125.985173696155485
190_68,s0.046055313859052,s2.728092931391182,s125.784961600499472
190_69,s-0.025117257529140,s-1.357116628253263,s304.291431068063901
190_70,s2.763587907678689,s-3.769262570050822,s126.075315108684549
190_71,s3.797414187172500,s-0.781027181028587,s124.291804653580058
190_72,s-3.797369322499653,s0.881330212642376,s303.909729630118932
190_73,s3.004206377082665,s-0.294877750208852,s304.291804653684380
190_74,s-2.921485612224378,s2.197885529654292,s125.530079267074498
190_75,s-3.791913203315903,s3.243616750215794,s306.060844297835558
190_76,s-0.003771877184567,s3.378119695402403,s125.675397858616080
190_77,s1.894354272058763,s-3.318353068222723,s306.091598916545934
190_78,s3.020872633277208,s3.181009702302167,s304.295786888617272
190_79,s0.155673370181613,s3.185560664462046,s305.675392912660413
190_80,s-1.730849236232335,s2.540775293328455,s305.985173659635223
190_81,s3.798179479620905,s-3.232080723833895,s126.086882728293318
190_82,s-1.893010685468516,s2.141201085726801,s125.574833104580776
190_83,s-2.006920056565507,s-3.329221845342581,s306.911129725860008
190_84,s2.762689092850897,s-1.990989483027020,s124.960614999477784
190_85,s3.797414187174554,s0.576471502039838,s124.291804655095603
190_86,s-3.021654275196950,s-1.650395988009632,s123.955749267144014
190_87,s-0.094581043349669,s-1.977372327958782,s304.651753122180537
190_88,s-1.052031992737605,s0.178266876649916,s123.936000708252550
190_89,s0.032380913144965,s-0.716222621606406,s304.291431068065208
190_90,s0.758221279163424,s-3.127276405915478,s126.107304401520850
190_91,s-1.894059940518896,s1.534717347969006,s124.502919607829412
190_92,s-0.000796462110210,s-3.960670235974482,s306.095581772017340
190_93,s-1.023235115849604,s-1.987742776916930,s304.635573257545559
190_94,s-1.943296863685413,s3.377730251253184,s125.951196217365450
190_95,s-3.016591173394996,s0.388734487399325,s123.915406326559307
190_96,s-0.122133050014529,s-0.518290227081551,s124.153931920337243
190_97,s-2.762503490797550,s1.408851570910731,s304.502919607824083
190_98,s1.821640433895358,s-1.266044255876693,s124.291715356909378
190_99,s-1.963479701422885,s-0.600287349603395,s303.935830247997217
190_100,s-2.917836233791991,s1.605163398754398,s124.502919607820886
190_101,s1.005790145351832,s2.726045206271557,s125.695173540380935
190_102,s0.965538788289475,s-1.404113973195776,s304.291715356878342
190_103,s-3.798123146530194,s2.654036405301540,s305.984545373374772
190_104,s2.893100876526054,s2.703377326409287,s124.522723547041608
190_105,s0.920208104778239,s-2.057210134191943,s304.651647210951978
190_106,s0.164064267091128,s0.550935376572037,s304.291725769873437
190_107,s-2.915350506477874,s3.377727553058496,s125.953126735920620
190_108,s-2.764563058883053,s2.597609351016815,s305.985173877079376
190_109,s2.117198970987698,s2.501244004082936,s304.522723547406201
190_110,s2.924374624941784,s-3.960698281331439,s306.075315108482869
190_111,s-1.139148966576072,s-3.768530161789438,s127.046325509021230
190_112,s-1.828163486254034,s0.671227317830822,s303.936000708263691
190_113,s-0.961294838042775,s-0.667621418254910,s304.153931920366517
190_114,s2.944727330679383,s-1.597385000358055,s304.292202341096527
190_115,s0.811719036948792,s-1.204264082267460,s124.291431068064497
190_116,s-3.016601363806509,s-0.965198750086497,s123.954960463363363
190_117,s0.888985444626732,s-0.578542601461491,s124.291431068078083
190_118,s-0.217449232719283,s-3.126265452017785,s126.110319643889923
190_119,s2.926661161744783,s-3.370844928954471,s306.086882728725016
190_120,s1.014824902422990,s0.693104521088690,s124.291725769898861
190_121,s-0.759520938074161,s2.533860590119414,s305.784961600505540
190_122,s0.109861176006936,s-0.090377109002194,s304.291431068078396
190_123,s3.797415654258461,s2.691384581120914,s124.295786887022985
190_124,s-0.900093382029410,s-0.028262048806913,s304.153931920330535
190_125,s1.788586948334254,s-3.769234961856588,s126.094549683219697
190_126,s1.016506847767255,s1.376997450087305,s124.306759160625020
190_127,s1.958678238410847,s1.369657833224715,s124.306759841171413
190_128,s-0.161441316692427,s-3.768132620033988,s126.110319643385679
190_129,s1.121072338283101,s3.185391742565341,s305.545748212260264
190_130,s-2.030168460748797,s0.276992616468969,s123.915406326710951
190_131,s1.894924699777710,s-2.123194298595252,s304.960614999470295
190_132,s2.922384254022270,s-2.779510208224438,s305.832552428311033
190_133,s-3.796424548797598,s-3.451831891199302,s299.082875201760771
190_134,s0.974129240024632,s-3.960671663168456,s306.094549683088871
190_135,s2.883955886591819,s0.653507891355560,s124.291804655414936
190_136,s-1.889953453745619,s0.030727489920314,s303.936000708035692
190_137,s-0.715150781302807,s1.859637696744620,s305.700252744858460
190_138,s-1.991298773842022,s-2.645227471397363,s304.354887715326186
190_139,s1.170862385971778,s1.179009445349894,s304.306759840984228
190_140,s2.899282542580931,s2.014441452435197,s124.315300838901564
190_141,s-3.072641360495214,s-2.368715292420589,s123.961529826846842
190_142,s-1.029227494113140,s-2.662903653510258,s305.791027801306143
190_143,s0.065771718667833,s2.070864177862640,s125.700252744790205
190_144,s-2.925097429706133,s2.789309278879316,s125.985173877170837
190_145,s-0.974653995108827,s-3.960649868250165,s306.110319643438459
190_146,s-0.227289816501901,s-2.465956676031739,s125.791027801281771
190_147,s2.919157918587270,s-2.187740174099804,s304.960590286386491
190_148,s2.105134138310191,s1.141845608234954,s304.291804656170086
190_149,s1.964437993793500,s-1.507355691061233,s304.291725590750332
190_150,s-0.069195692318027,s-2.667792460680532,s305.920475726672009
190_151,s-1.189516846001671,s-2.464734926941585,s124.354887712647084
190_152,s2.866827617463851,s3.380173755712923,s124.303582598948708
190_153,s-3.797384927042005,s-1.157367572443252,s303.954960464021951
190_154,s3.798058392520251,s-2.650371696870724,s125.832552427284512
190_155,s3.797414333639343,s-1.456688172364108,s124.292202341105664
190_156,s-3.797371273673376,s0.196998962545668,s303.915406326570007
190_157,s1.169240746608975,s0.495498327943449,s304.291725769781863
190_158,s0.769336380527466,s-1.842119648691140,s124.651753122194691
190_159,s0.962061622949426,s3.378305410622097,s125.545806068812368
190_160,s-1.187752005669421,s-1.093480118952531,s123.935830247962400
190_161,s1.947646752642244,s0.006918803469328,s124.291725762797583
190_162,s-3.797584497794355,s1.498624438618325,s304.502919607823856
190_163,s-2.170485185372425,s-3.140131276578153,s126.905530905806287
190_164,s-3.181426320043800,s-3.166295167642430,s126.458002735456148
190_165,s-1.031926753371894,s-3.317874217618877,s306.110319644126150
190_166,s2.096670785823262,s0.462619609055073,s304.291803121357987
190_167,s-1.734471080884963,s1.943673727204080,s305.712356347287425
190_168,s-3.798010939177968,s2.073669774215875,s305.530079267045608
190_169,s0.204528958419537,s2.529707283593111,s305.695173540390613
190_170,s2.091642160445787,s-0.229886566033734,s304.291725762328099
190_171,s1.166118388678952,s1.852670689744670,s305.407492871155171
190_172,s-0.178823776573506,s-1.156672507999888,s124.257508483048724
190_173,s3.040890057071975,s2.476846936131554,s304.295786884178824
190_174,s-1.034034428614260,s-1.294979010777384,s304.257508483080812
190_175,s0.010463350753786,s0.752305907107999,s124.154140024564768
190_176,s3.797414187172491,s-0.108535211532031,s124.291804653781568
190_177,s3.039311654134845,s1.762283684294037,s304.295783074344172
190_178,s-0.776589934044002,s1.240633762983466,s304.298016819332361
190_179,s-0.044441593450735,s0.108349728997456,s124.153931920330194
190_180,s0.235449242390094,s1.181138967165591,s304.298016816595577
190_181,s-2.104614539799572,s-0.357499710206971,s123.935254355823702
190_182,s1.010572251990296,s2.063317800328591,s125.695173537936085
190_183,s-2.146386644754719,s-2.447817920341164,s124.021950018456749
190_184,s2.765835798221273,s-3.179441683298455,s126.086882728710663
190_185,s-1.748204593691236,s1.300974402600271,s304.261040641716477
190_186,s-0.056748786215138,s-3.318495737920857,s306.107304401545036
190_187,s2.802164302061275,s-1.355182542970290,s124.291725590834218
190_188,s-1.179407763869531,s-1.789690110702762,s123.935830247571701
190_189,s-2.097764729299626,s-1.060669265343336,s123.935650159862277
191_0,s-2.112499210978843,s-3.103197098002620,s124.325188999885171
191_1,s1.046560746503594,s-0.787578615928950,s303.720220078305090
191_2,s2.764139572990453,s-2.001594597083116,s124.352571270231337
191_3,s-1.736150049227567,s1.937946398700722,s305.317750110497116
191_4,s0.870029214528802,s-2.679828855735577,s305.320564908323945
191_5,s3.799443677390593,s-2.086539690202076,s124.352570483969231
191_6,s-3.799197762185076,s-2.567843495549051,s303.720965028862736
191_7,s-0.921499904073256,s1.462977491271886,s124.208498051962223
191_8,s-2.767679751206542,s2.590602724323901,s305.521135043584309
191_9,s-3.799197536190903,s-0.486645416886897,s303.720342142784204
191_10,s3.799192596886565,s-0.787913997616496,s123.695583237491306
191_11,s1.924834376975775,s3.372813507497783,s124.263122678823066
191_12,s-3.799196588253490,s0.187926381624665,s303.717729633891622
191_13,s-0.035249790996627,s0.115879585830170,s123.720221401937735
191_14,s2.081135044614489,s3.177696268684770,s304.262720430819002
191_15,s0.975316484634902,s-3.971301501287428,s305.320567265516104
191_16,s3.799192597051228,s-0.119383903515119,s123.695583280528581
191_17,s-1.894744701280859,s2.135995471769153,s125.229040850115140
191_18,s-1.187215117359357,s-1.076836599753407,s123.720221703788567
191_19,s3.024243554846350,s3.174572911586589,s303.695577055401486
191_20,s3.021186711652622,s0.370410664538786,s303.695583186479723
191_21,s-0.020976814143587,s-1.358568145599049,s303.720222364423648
191_22,s-1.957385987987476,s-3.316574543914288,s305.083700554576012
191_23,s1.962536898834823,s1.359075639754526,s123.888373859926602
191_24,s2.897585806573424,s2.698461819352890,s124.053025194372111
191_25,s-2.110551268538974,s-2.426979796204709,s123.753004920958162
191_26,s-1.896797736147783,s1.531705484965385,s124.312555413599355
191_27,s-3.044686614517038,s-3.070996964093005,s123.720966313872324
191_28,s-2.097527351406233,s-1.064735137236540,s123.720342856832318
191_29,s-3.799443630452529,s3.239054056665347,s305.705222519030485
191_30,s-0.771266049451495,s1.244952684965725,s304.208588044706744
191_31,s3.799809864755229,s-2.662536489853400,s125.202395878140635
191_32,s2.924478133650890,s-2.790512763259756,s305.202395985302076
191_33,s0.034958186311378,s-0.715115823636062,s303.720220566837270
191_34,s3.799955221651667,s-3.245033463318548,s125.512746019910438
191_35,s-0.762116703068534,s2.529097888092066,s305.391752287398447
191_36,s0.813034433403686,s-1.204656815420964,s123.720221224457148
191_37,s-1.895053713829178,s2.726637171518211,s125.521135070235175
191_38,s1.165366138381197,s2.520483926391246,s305.090321255549100
191_39,s-3.799423569731270,s1.487125503687716,s304.312554204332457
191_40,s-0.171958697342369,s-1.149035001143375,s123.720222228550170
191_41,s1.183242378201519,s0.477587585204846,s303.720223231125146
191_42,s2.764776849063900,s-2.597910276693581,s125.262151657421057
191_43,s-1.883331926843150,s0.035263753225931,s303.720220416137693
191_44,s1.007378798557216,s2.718646100491006,s125.132534900411201
191_45,s2.876526019976189,s-0.734691488760549,s123.695583332955067
191_46,s-1.034741368113041,s-1.280792682862715,s303.720223024817869
191_47,s-0.716950390576308,s1.853980628926640,s305.312576337473274
191_48,s2.118677616065167,s2.498478437303268,s304.053024143751600
191_49,s2.025070398032874,s-0.874851241139720,s303.695586643300203
191_50,s-3.016596584621307,s0.381396201256774,s123.717729602400780
191_51,s-2.920492278081644,s3.370983926300825,s125.518276337430407
191_52,s2.920313660028008,s-2.198150965455918,s304.352571078070639
191_53,s0.020478377128527,s0.758806971882250,s123.720221117921483
191_54,s0.203269764764247,s2.525313744652019,s305.132535974480788
191_55,s-1.170479011761326,s-1.774902535975027,s123.767399753554031
191_56,s0.116228403969947,s-0.091798176347855,s303.720220522257421
191_57,s2.761373353460562,s-3.779373475734953,s125.514390604117011
191_58,s0.960056651739832,s3.371589406123214,s125.090321766525378
191_59,s-3.008128278090724,s-0.299667905223774,s123.720341694617403
191_60,s1.967214809849043,s-1.516303593304205,s303.696488686847374
191_61,s3.799194343551921,s-1.470853126193739,s123.700428033710864
191_62,s0.044328226993544,s2.723734082360080,s125.391752275248351
191_63,s0.950716627738749,s0.061745864844150,s123.720220452497884
191_64,s2.921897331254651,s-3.971029556085896,s305.514390499812635
191_65,s3.017380820650486,s-0.981746361754313,s303.695583484729752
191_66,s-2.889540412865784,s-1.937884984702154,s303.720966158035935
191_67,s3.799192593255153,s1.253359108322143,s123.695584270233496
191_68,s1.964434414284365,s2.717020721723210,s125.090321228519983
191_69,s3.799192567209442,s3.373694359135496,s123.695510537003415
191_70,s-2.923818573869664,s2.190668566851697,s125.229040877963598
191_71,s-0.965662264008072,s0.811494913162837,s123.720221253631976
191_72,s-1.957237645666640,s-2.648434049104144,s304.954959048244689
191_73,s-0.196580722821941,s-3.126379238517307,s125.134638019564747
191_74,s-0.868747104455357,s2.080140592901723,s125.317750237343247
191_75,s0.894769693553243,s-0.581070414431676,s123.720220630244839
191_76,s3.799705333365716,s-3.838689591025386,s125.156277009609283
191_77,s3.799192591426505,s2.683013431410038,s123.695580028035977
191_78,s-1.046811968025582,s0.187243386298672,s123.720220950314101
191_79,s-0.065171076891776,s-2.661636818981047,s305.320563965332269
191_80,s-3.799197749205289,s-3.973694359135496,s303.720966853496407
191_81,s3.020906992576025,s1.056809203833501,s303.695583833580770
191_82,s-1.749926205974659,s1.298754509646465,s304.208497847029037
191_83,s0.008857846929192,s-3.971566041234891,s305.134639619940572
191_84,s-0.894784044867038,s-0.018379318487424,s303.720221042739524
191_85,s0.093935243323937,s1.378460186554773,s124.208588196832920
191_86,s0.718753420071228,s-2.451468181159897,s125.320564190366099
191_87,s-2.896659357803233,s-3.302199603437015,s304.325189317014804
191_88,s-0.813833624644526,s0.605127231795930,s303.720221130351320
191_89,s1.011225776426193,s1.385080529431809,s124.208590539642458
191_90,s-0.116638255637012,s-0.507880117447319,s123.720220736674662
191_91,s-2.875951391091448,s0.133255474587937,s303.717729455855874
191_92,s-0.921501691300445,s2.726223505484771,s125.508968922973608
191_93,s3.799192588494873,s1.964873354519644,s123.695584125666244
191_94,s-0.974750367452235,s3.371160947754353,s125.391756453564099
191_95,s2.091811769651172,s0.462806467429081,s303.695583098942279
191_96,s-0.249972421194891,s-1.767813868967458,s124.230633957761810
191_97,s-1.016072513469584,s-1.979420946100055,s304.230634513133907
191_98,s3.799192596215604,s0.567176124390874,s123.695583127476425
191_99,s-2.764251086610195,s1.998215411258724,s305.229040863412706
191_100,s-2.026228089504603,s0.275036485599745,s123.717728910680606
191_101,s-3.799197762017617,s-1.171739462173139,s303.720964429983837
191_102,s-1.960793384643541,s-1.962991716405388,s303.767399816385307
191_103,s-1.947250826050942,s3.371034281519447,s125.482164431065129
191_104,s1.749224848902682,s-1.898966076313836,s124.230633656835209
191_105,s1.175742216967589,s1.843570226842750,s304.449242869900104
191_106,s-2.112971943793496,s-0.365038500645041,s123.720220960451215
191_107,s1.824040128178886,s-1.277464544391641,s123.720220077103960
191_108,s1.788293027407041,s-3.779372185842941,s125.515828701275169
191_109,s0.220608838127696,s1.864745473946421,s304.864880513147000
191_110,s-1.013461133641151,s-2.660583754208792,s305.121397948316257
191_111,s-1.824729264022396,s0.676876232483697,s303.720220745718279
191_112,s-1.965412444740729,s-0.587365583265964,s303.720221054928174
191_113,s-3.799955221651667,s2.644759984437445,s305.521135221187478
191_114,s2.945024314520083,s-1.608984162409638,s303.700430514291156
191_115,s-2.804625168115653,s0.764632068972374,s303.698567931847663
191_116,s-0.814636975431030,s3.179161682190193,s305.391752323353046
191_117,s1.882188744040042,s-0.634912192340279,s123.720220251366442
191_118,s2.803478143631679,s-1.364424239887080,s123.696488530025420
191_119,s1.119157723285558,s3.178750481563509,s305.090321699546109
191_120,s-2.928226291725020,s2.782239910617433,s125.521134430107963
191_121,s-0.222530078503580,s-2.457737284968165,s125.121397805845206
191_122,s-1.114558949412642,s-3.778781832124391,s125.083701205015188
191_123,s1.102215850202772,s-0.145853278417520,s303.720220493960937
191_124,s2.887924759599122,s1.333243631644348,s123.695584295477218
191_125,s0.764703812697844,s-3.122773745232560,s125.320564251787758
191_126,s1.895148498866198,s-3.326828797168271,s305.514232750222504
191_127,s-3.022849184322083,s-1.662272489552347,s123.720964772868840
191_128,s-0.036830891683814,s-3.320149930776580,s305.320564541650924
191_129,s1.959414613417526,s2.044311362431269,s124.449242451862105
191_130,s-3.799197762163675,s-1.860591484874778,s303.720965106823655
191_131,s-2.764635455891192,s1.401495061720888,s304.312554801020440
191_132,s-3.036500097174873,s-2.359013730066204,s123.720965333039942
191_133,s0.171911722073095,s0.550961524449764,s303.720222548367872
191_134,s2.110669053230348,s1.135900008326662,s303.695584973405403
191_135,s-2.898281333841888,s-2.616894275368231,s303.753005381029084
191_136,s1.948822504648106,s-3.971029556551352,s305.514390202083234
191_137,s-2.109111121872113,s-1.742707994638897,s123.720965468417802
191_138,s-2.886915210301837,s-1.253016119709332,s303.720962693282502
191_139,s1.944795887888095,s0.687290543363513,s123.720223959448958
191_140,s3.044613860520233,s2.468193261322177,s303.695584143006840
191_141,s3.039698599894592,s1.753841245374852,s303.695584698580660
191_142,s2.870543249960031,s3.373693834545858,s123.695843146874438
191_143,s-1.786835100436274,s3.179286099092194,s305.482161893541559
191_144,s1.961831473261633,s-0.011657029529875,s123.720221231956032
191_145,s1.021796038500835,s2.057138177889392,s124.864880780965464
191_146,s-2.759955300247500,s3.179338732183494,s305.518276544839523
191_147,s2.927887441928724,s-3.381872026634933,s305.512746010573835
191_148,s2.107963584218817,s-0.239444879337002,s303.695583388270791
191_149,s-0.955480163281554,s-3.971639139067927,s305.083701225422772
191_150,s-2.946133645518007,s1.009287705310083,s123.698568946032836
191_151,s-0.952847471643683,s-0.660099015245958,s303.720220779171768
191_152,s2.901405098150589,s2.010454637466746,s123.695584774530630
191_153,s-1.949647135356308,s-1.285864719297441,s303.720342418933228
191_154,s-3.019788830628980,s-0.975776846721805,s123.720963797564849
191_155,s0.247193841776388,s1.172142100789541,s304.208587185468502
191_156,s0.922605387898830,s-3.326759218653677,s305.515777037846988
191_157,s2.887883908260681,s0.645648747625613,s123.695583427129961
191_158,s-1.734501351845627,s2.534955007670296,s305.508969008459587
191_159,s1.164149195491994,s1.175802212313414,s303.888373611923896
191_160,s-1.002056976912810,s-3.318735933102383,s305.134638115341659
191_161,s-3.799197761769135,s-3.286130099843028,s303.720966959461521
191_162,s-2.920540985223357,s1.598672221568876,s124.312554535947257
191_163,s1.896209613091422,s-2.132101688881214,s304.352571500082036
191_164,s-0.004011787304854,s3.371540475073553,s125.124409658804936
191_165,s-1.159705574120348,s-3.119096481442513,s125.083700587429803
191_166,s-2.874652265402145,s-0.574645408437039,s303.720341900556718
191_167,s1.895133953394596,s-2.735840791770584,s305.262152359558570
191_168,s0.815803398480539,s-3.777582602973407,s125.320564697462416
191_169,s3.001434670560368,s-0.300926990095141,s303.695583104653394
191_170,s-2.867713306008718,s-3.973694359018543,s303.720968239409729
191_171,s-3.021893785356539,s-3.776110961289484,s123.720966909534653
191_172,s-1.967797512273999,s0.916102661078094,s123.698568032493085
191_173,s0.155203936796409,s3.178796021128464,s305.124408601517189
191_174,s-0.150392335942305,s-3.778850236170539,s125.134638622895636
191_175,s-0.097375470684168,s-1.976945404188996,s304.230633771219630
191_176,s2.110690311778733,s1.823483571588179,s303.695584472383871
191_177,s0.062607926999936,s2.067233884817450,s125.312576459231465
191_178,s-1.167718865685587,s-2.446414915751407,s124.954958988972692
191_179,s-1.104742864247000,s-0.453980879606110,s123.720221044942804
191_180,s2.767363748900046,s-3.190210116264121,s125.514110572496165
191_181,s-1.919936101772097,s-3.972719072620301,s304.351828402269518
191_182,s1.736843961799999,s-2.536648199867176,s125.320564331896563
191_183,s-2.076538508213899,s-3.777845547672739,s124.351828378730517
191_184,s0.919299822084515,s-2.062328214261171,s304.230633655763597
191_185,s2.867411486268336,s-0.028377268616011,s123.695583069544270
191_186,s0.964647033892153,s-1.411832126044731,s303.720220727992853
191_187,s-3.799818084348715,s2.063470701905089,s305.229041099079154
191_188,s0.768840163070147,s-1.844911852673209,s124.230633500273385
191_189,s1.031699871205649,s0.685024960677238,s123.720223787693044
191_190,s1.734713601527968,s-3.134767577303781,s125.515775726801920
192_0,s-2.112499210978843,s-3.103197098002620,s123.989196804300803
192_1,s1.046560746503594,s-0.787578615928950,s303.384227882720722
192_2,s2.764139572990453,s-2.001594597083116,s124.016579074646970
192_3,s-1.736150049227567,s1.937946398700722,s304.981757914912691
192_4,s0.870029214528802,s-2.679828855735577,s304.984572712739521
192_5,s3.799443677390593,s-2.086539690202076,s124.016578288384864
192_6,s-3.799197762185076,s-2.567843495549051,s303.384972833278368
192_7,s-0.921499904073256,s1.462977491271886,s123.872505856377856
192_8,s-2.767679751206542,s2.590602724323901,s305.185142847999884
192_9,s-3.799197536190903,s-0.486645416886897,s303.384349947199837
192_10,s3.799192596886565,s-0.787913997616496,s123.359591041906938
192_11,s1.924834376975775,s3.372813507497783,s123.927130483238699
192_12,s-3.799196588253490,s0.187926381624665,s303.381737438307255
192_13,s-0.035249790996627,s0.115879585830170,s123.384229206353368
192_14,s2.081135044614489,s3.177696268684770,s303.926728235234634
192_15,s0.975316484634902,s-3.971301501287428,s304.984575069931680
192_16,s3.799192597051228,s-0.119383903515119,s123.359591084944213
192_17,s-1.894744701280859,s2.135995471769153,s124.893048654530773
192_18,s-1.187215117359357,s-1.076836599753407,s123.384229508204200
192_19,s3.024243554846350,s3.174572911586589,s303.359584859817119
192_20,s3.021186711652622,s0.370410664538786,s303.359590990895356
192_21,s-0.020976814143587,s-1.358568145599049,s303.384230168839224
192_22,s-1.957385987987476,s-3.316574543914288,s304.747708358991588
192_23,s1.962536898834823,s1.359075639754526,s123.552381664342235
192_24,s2.897585806573424,s2.698461819352890,s123.717032998787744
192_25,s-2.110551268538974,s-2.426979796204709,s123.417012725373795
192_26,s-1.896797736147783,s1.531705484965385,s123.976563218014988
192_27,s-3.044686614517038,s-3.070996964093005,s123.384974118287957
192_28,s-2.097527351406233,s-1.064735137236540,s123.384350661247950
192_29,s-3.799443630452529,s3.239054056665347,s305.369230323446061
192_30,s-0.771266049451495,s1.244952684965725,s303.872595849122320
192_31,s3.799809864755229,s-2.662536489853400,s124.866403682556268
192_32,s2.924478133650890,s-2.790512763259756,s304.866403789717651
192_33,s0.034958186311378,s-0.715115823636062,s303.384228371252846
192_34,s3.799955221651667,s-3.245033463318548,s125.176753824326070
192_35,s-0.762116703068534,s2.529097888092066,s305.055760091814022
192_36,s0.813034433403686,s-1.204656815420964,s123.384229028872781
192_37,s-1.895053713829178,s2.726637171518211,s125.185142874650808
192_38,s1.165366138381197,s2.520483926391246,s304.754329059964675
192_39,s-3.799423569731270,s1.487125503687716,s303.976562008748090
192_40,s-0.171958697342369,s-1.149035001143375,s123.384230032965803
192_41,s1.183242378201519,s0.477587585204846,s303.384231035540722
192_42,s2.764776849063900,s-2.597910276693581,s124.926159461836690
192_43,s-1.883331926843150,s0.035263753225931,s303.384228220553325
192_44,s1.007378798557216,s2.718646100491006,s124.796542704826834
192_45,s2.876526019976189,s-0.734691488760549,s123.359591137370700
192_46,s-1.034741368113041,s-1.280792682862715,s303.384230829233502
192_47,s-0.716950390576308,s1.853980628926640,s304.976584141888850
192_48,s2.118677616065167,s2.498478437303268,s303.717031948167175
192_49,s2.025070398032874,s-0.874851241139720,s303.359594447715835
192_50,s-3.016596584621307,s0.381396201256774,s123.381737406816413
192_51,s-2.920492278081644,s3.370983926300825,s125.182284141846040
192_52,s2.920313660028008,s-2.198150965455918,s304.016578882486272
192_53,s0.020478377128527,s0.758806971882250,s123.384228922337115
192_54,s0.203269764764247,s2.525313744652019,s304.796543778896364
192_55,s-1.170479011761326,s-1.774902535975027,s123.431407557969663
192_56,s0.116228403969947,s-0.091798176347855,s303.384228326673053
192_57,s2.761373353460562,s-3.779373475734953,s125.178398408532644
192_58,s0.960056651739832,s3.371589406123214,s124.754329570941010
192_59,s-3.008128278090724,s-0.299667905223774,s123.384349499033036
192_60,s1.967214809849043,s-1.516303593304205,s303.360496491262950
192_61,s3.799194343551921,s-1.470853126193739,s123.364435838126496
192_62,s0.044328226993544,s2.723734082360080,s125.055760079663983
192_63,s0.950716627738749,s0.061745864844150,s123.384228256913516
192_64,s2.921897331254651,s-3.971029556085896,s305.178398304228210
192_65,s3.017380820650486,s-0.981746361754313,s303.359591289145385
192_66,s-2.889540412865784,s-1.937884984702154,s303.384973962451568
192_67,s3.799192593255153,s1.253359108322143,s123.359592074649129
192_68,s1.964434414284365,s2.717020721723210,s124.754329032935615
192_69,s3.799192567209442,s3.373694359135496,s123.359518341419047
192_70,s-2.923818573869664,s2.190668566851697,s124.893048682379231
192_71,s-0.965662264008072,s0.811494913162837,s123.384229058047609
192_72,s-1.957237645666640,s-2.648434049104144,s304.618966852660265
192_73,s-0.196580722821941,s-3.126379238517307,s124.798645823980380
192_74,s-0.868747104455357,s2.080140592901723,s124.981758041758880
192_75,s0.894769693553243,s-0.581070414431676,s123.384228434660471
192_76,s3.799705333365716,s-3.838689591025386,s124.820284814024916
192_77,s3.799192591426505,s2.683013431410038,s123.359587832451609
192_78,s-1.046811968025582,s0.187243386298672,s123.384228754729733
192_79,s-0.065171076891776,s-2.661636818981047,s304.984571769747845
192_80,s-3.799197749205289,s-3.973694359135496,s303.384974657911982
192_81,s3.020906992576025,s1.056809203833501,s303.359591637996346
192_82,s-1.749926205974659,s1.298754509646465,s303.872505651444612
192_83,s0.008857846929192,s-3.971566041234891,s304.798647424356147
192_84,s-0.894784044867038,s-0.018379318487424,s303.384228847155100
192_85,s0.093935243323937,s1.378460186554773,s123.872596001248553
192_86,s0.718753420071228,s-2.451468181159897,s124.984571994781732
192_87,s-2.896659357803233,s-3.302199603437015,s303.989197121430379
192_88,s-0.813833624644526,s0.605127231795930,s303.384228934766895
192_89,s1.011225776426193,s1.385080529431809,s123.872598344058090
192_90,s-0.116638255637012,s-0.507880117447319,s123.384228541090295
192_91,s-2.875951391091448,s0.133255474587937,s303.381737260271450
192_92,s-0.921501691300445,s2.726223505484771,s125.172976727389241
192_93,s3.799192588494873,s1.964873354519644,s123.359591930081876
192_94,s-0.974750367452235,s3.371160947754353,s125.055764257979732
192_95,s2.091811769651172,s0.462806467429081,s303.359590903357912
192_96,s-0.249972421194891,s-1.767813868967458,s123.894641762177443
192_97,s-1.016072513469584,s-1.979420946100055,s303.894642317549540
192_98,s3.799192596215604,s0.567176124390874,s123.359590931892058
192_99,s-2.764251086610195,s1.998215411258724,s304.893048667828282
192_100,s-2.026228089504603,s0.275036485599745,s123.381736715096238
192_101,s-3.799197762017617,s-1.171739462173139,s303.384972234399413
192_102,s-1.960793384643541,s-1.962991716405388,s303.431407620800940
192_103,s-1.947250826050942,s3.371034281519447,s125.146172235480762
192_104,s-3.799189657528613,s0.870322517728972,s303.362576834856043
192_105,s1.749224848902682,s-1.898966076313836,s123.894641461250842
192_106,s1.175742216967589,s1.843570226842750,s304.113250674315736
192_107,s-2.112971943793496,s-0.365038500645041,s123.384228764866847
192_108,s1.824040128178886,s-1.277464544391641,s123.384227881519593
192_109,s1.788293027407041,s-3.779372185842941,s125.179836505690801
192_110,s0.220608838127696,s1.864745473946421,s304.528888317562576
192_111,s-1.013461133641151,s-2.660583754208792,s304.785405752731833
192_112,s-1.824729264022396,s0.676876232483697,s303.384228550133912
192_113,s-1.965412444740729,s-0.587365583265964,s303.384228859343750
192_114,s-3.799955221651667,s2.644759984437445,s305.185143025603054
192_115,s2.945024314520083,s-1.608984162409638,s303.364438318706789
192_116,s-2.804625168115653,s0.764632068972374,s303.362575736263238
192_117,s-0.814636975431030,s3.179161682190193,s305.055760127768622
192_118,s1.882188744040042,s-0.634912192340279,s123.384228055782074
192_119,s2.803478143631679,s-1.364424239887080,s123.360496334441052
192_120,s1.119157723285558,s3.178750481563509,s304.754329503961685
192_121,s-2.928226291725020,s2.782239910617433,s125.185142234523596
192_122,s-0.222530078503580,s-2.457737284968165,s124.785405610260838
192_123,s-1.114558949412642,s-3.778781832124391,s124.747709009430821
192_124,s1.102215850202772,s-0.145853278417520,s303.384228298376513
192_125,s2.887924759599122,s1.333243631644348,s123.359592099892851
192_126,s0.764703812697844,s-3.122773745232560,s124.984572056203390
192_127,s1.895148498866198,s-3.326828797168271,s305.178240554638080
192_128,s-3.022849184322083,s-1.662272489552347,s123.384972577284472
192_129,s-0.036830891683814,s-3.320149930776580,s304.984572346066500
192_130,s1.959414613417526,s2.044311362431269,s124.113250256277738
192_131,s-3.799197762163675,s-1.860591484874778,s303.384972911239231
192_132,s-2.764635455891192,s1.401495061720888,s303.976562605436072
192_133,s-3.036500097174873,s-2.359013730066204,s123.384973137455574
192_134,s0.171911722073095,s0.550961524449764,s303.384230352783504
192_135,s2.110669053230348,s1.135900008326662,s303.359592777820978
192_136,s-2.898281333841888,s-2.616894275368231,s303.417013185444716
192_137,s1.948822504648106,s-3.971029556551352,s305.178398006498810
192_138,s-2.109111121872113,s-1.742707994638897,s123.384973272833435
192_139,s-2.886915210301837,s-1.253016119709332,s303.384970497698077
192_140,s1.944795887888095,s0.687290543363513,s123.384231763864591
192_141,s3.044613860520233,s2.468193261322177,s303.359591947422416
192_142,s3.039698599894592,s1.753841245374852,s303.359592502996236
192_143,s2.870543249960031,s3.373693834545858,s123.359850951290070
192_144,s-1.786835100436274,s3.179286099092194,s305.146169697957134
192_145,s1.961831473261633,s-0.011657029529875,s123.384229036371664
192_146,s1.021796038500835,s2.057138177889392,s124.528888585381097
192_147,s-2.759955300247500,s3.179338732183494,s305.182284349255099
192_148,s2.927887441928724,s-3.381872026634933,s305.176753814989411
192_149,s2.107963584218817,s-0.239444879337002,s303.359591192686366
192_150,s-0.955480163281554,s-3.971639139067927,s304.747709029838347
192_151,s-2.946133645518007,s1.009287705310083,s123.362576750448468
192_152,s-0.952847471643683,s-0.660099015245958,s303.384228583587344
192_153,s2.901405098150589,s2.010454637466746,s123.359592578946263
192_154,s-1.949647135356308,s-1.285864719297441,s303.384350223348861
192_155,s-3.019788830628980,s-0.975776846721805,s123.384971601980482
192_156,s0.247193841776388,s1.172142100789541,s303.872594989884135
192_157,s0.922605387898830,s-3.326759218653677,s305.179784842262563
192_158,s2.887883908260681,s0.645648747625613,s123.359591231545593
192_159,s-1.734501351845627,s2.534955007670296,s305.172976812875163
192_160,s1.164149195491994,s1.175802212313414,s303.552381416339472
192_161,s-1.002056976912810,s-3.318735933102383,s304.798645919757234
192_162,s-3.799197761769135,s-3.286130099843028,s303.384974763877153
192_163,s-2.920540985223357,s1.598672221568876,s123.976562340362889
192_164,s1.896209613091422,s-2.132101688881214,s304.016579304497668
192_165,s-0.004011787304854,s3.371540475073553,s124.788417463220568
192_166,s-1.159705574120348,s-3.119096481442513,s124.747708391845435
192_167,s-2.874652265402145,s-0.574645408437039,s303.384349704972294
192_168,s1.895133953394596,s-2.735840791770584,s304.926160163974146
192_169,s0.815803398480539,s-3.777582602973407,s124.984572501878048
192_170,s3.001434670560368,s-0.300926990095141,s303.359590909068970
192_171,s-2.867713306008718,s-3.973694359018543,s303.384976043825361
192_172,s-3.021893785356539,s-3.776110961289484,s123.384974713950285
192_173,s-1.967797512273999,s0.916102661078094,s123.362575836908718
192_174,s0.155203936796409,s3.178796021128464,s304.788416405932765
192_175,s-0.150392335942305,s-3.778850236170539,s124.798646427311269
192_176,s-0.097375470684168,s-1.976945404188996,s303.894641575635262
192_177,s2.110690311778733,s1.823483571588179,s303.359592276799447
192_178,s0.062607926999936,s2.067233884817450,s124.976584263647098
192_179,s-1.167718865685587,s-2.446414915751407,s124.618966793388324
192_180,s-1.104742864247000,s-0.453980879606110,s123.384228849358436
192_181,s2.767363748900046,s-3.190210116264121,s125.178118376911797
192_182,s-1.919936101772097,s-3.972719072620301,s304.015836206685151
192_183,s1.736843961799999,s-2.536648199867176,s124.984572136312195
192_184,s-2.076538508213899,s-3.777845547672739,s124.015836183146149
192_185,s0.919299822084515,s-2.062328214261171,s303.894641460179230
192_186,s2.867411486268336,s-0.028377268616011,s123.359590873959903
192_187,s0.964647033892153,s-1.411832126044731,s303.384228532408486
192_188,s-3.799818084348715,s2.063470701905089,s304.893048903494730
192_189,s0.768840163070147,s-1.844911852673209,s123.894641304689017
192_190,s1.031699871205649,s0.685024960677238,s123.384231592108677
192_191,s1.734713601527968,s-3.134767577303781,s125.179783531217552
193_0,s2.901242738285320,s1.978270855656659,s170.310194459587279
193_1,s0.473744880980127,s-2.169546132510863,s169.042103757827903
193_2,s-2.476220104830219,s1.916732491225133,s169.445212681460305
193_3,s2.494631843502617,s2.120422672766906,s348.085054588747823
193_4,s3.489243301277793,s2.005064402183254,s170.388522816606979
193_5,s2.483646206561513,s-2.001863082437480,s349.711716621293078
193_6,s-0.694981029240502,s0.919921641463881,s169.196118154184603
193_7,s-3.482960460053714,s1.027329498114267,s349.645451157345292
193_8,s3.476637751118244,s3.114597334236096,s18173.775325359270937
193_9,s1.711629247306189,s1.942505941730116,s169.336024922194696
193_10,s-2.979805910268314,s3.402788056526896,s62.850289536738401
193_11,s3.671033591739013,s-1.972751483812386,s349.917728551028915
193_12,s-0.152142903103237,s-3.187387762000602,s168.939752174191000
193_13,s1.863202254537097,s-4.049959982144301,s349.636003699316120
193_14,s-2.479452851925573,s0.885873013128932,s169.659684310180666
193_15,s0.102833663422716,s2.115632789818818,s348.599522876356048
193_16,s-1.580556360588643,s3.440973133226233,s249.139067031329660
193_17,s-3.036765829776409,s2.952927267421456,s167.579417985246778
193_18,s-0.554460520870853,s-3.027757689295339,s348.724160871005097
193_19,s-0.494495300278744,s2.119145064408543,s348.968644654249317
193_20,s-1.713609854732939,s-0.995496267254812,s349.416506712309740
193_21,s-2.929942902169452,s-2.072383015112037,s348.857731432112473
193_22,s1.693914388123936,s-1.143825974767195,s169.425338154971683
193_23,s-3.659890573301359,s-2.642550349290490,s386.159776345171906
193_24,s0.489803394189144,s-1.143993160744012,s169.100500692414244
193_25,s-0.543852574482772,s-2.003902029385642,s349.094259452863753
193_26,s0.683457569371840,s0.051339378850234,s349.037475085676533
193_27,s-1.310389847472758,s-1.151397473465339,s169.093833336293244
193_28,s-0.579115320922263,s-4.049368213383922,s348.695885908816138
193_29,s-1.086744739622748,s2.111585606221693,s349.075189038270310
193_30,s1.292625553179299,s1.074786761777314,s349.222260143844551
193_31,s-2.302852153939350,s-1.011441935178194,s349.521946095483656
193_32,s-2.491310189420255,s-1.181665536045801,s168.268010361306665
193_33,s-2.329532381197176,s-2.049615052239532,s347.944836833205045
193_34,s1.898352432907005,s2.118409703886264,s349.176870487715632
193_35,s2.899401587098199,s0.937751362931338,s169.846313403956430
193_36,s1.081055762872521,s-2.180838822914394,s169.427572035773608
193_37,s3.082672147335435,s0.074374082945241,s349.852807533387136
193_38,s-1.386049042992326,s-3.217694140504321,s167.598444952296688
193_39,s1.705255658286162,s0.909566672289755,s169.401874017202289
193_40,s-1.268530509422143,s2.970372175128525,s169.073858728509293
193_41,s-3.476701902837649,s2.059590604054066,s347.361504509877761
193_42,s-1.290989203568822,s0.915072108936278,s169.355536637213021
193_43,s-1.164800153312365,s-3.058830627753734,s348.192702936046317
193_44,s3.080817343498201,s-0.959074153615196,s349.792000057655684
193_45,s2.007780005941314,s3.431033295753499,s254.333270245034726
193_46,s2.490964479014613,s1.091789880111414,s349.411773801721779
193_47,s2.297701189534264,s-1.141343850745418,s169.710178064311663
193_48,s-3.484630257874909,s-1.041922957697255,s349.618826914528995
193_49,s-3.529341561016306,s-2.109774492582578,s348.164825664103205
193_50,s-1.325438280975148,s-2.185620828536477,s168.751502685993358
193_51,s3.671479811666532,s-3.009526033306344,s349.502657387123918
193_52,s2.489103975380516,s0.059287300327359,s349.680702094797994
193_53,s1.056216895384235,s-3.205361487926425,s169.398672450457099
193_54,s1.747713939583526,s3.351437676734117,s66.909798974700479
193_55,s-2.480031247653283,s-0.146295412460296,s169.525467318556963
193_56,s-2.465171363053730,s-4.051996570925366,s352.363253479717116
193_57,s3.488152882237801,s-0.072472613756020,s169.832159285895926
193_58,s-1.842349281808245,s-4.048356380964181,s346.818599255073764
193_59,s1.287408643524486,s0.043976034344072,s349.356931083050995
193_60,s1.871402238231192,s-3.023543681593921,s349.468326309270253
193_61,s-0.084297724747685,s1.948020009137458,s168.928479057548628
193_62,s1.886676469258649,s-0.976307613828825,s349.409312114017951
193_63,s-3.116598816846581,s-2.244238819334485,s170.051433556633498
193_64,s3.488435058997190,s0.963461083837807,s169.987434105373865
193_65,s3.488268273388552,s-2.143566535864334,s169.906366092550513
193_66,s-0.066119866774799,s2.979677759944236,s168.600418726280623
193_67,s3.082765556301315,s2.150170462855399,s350.310194326217584
193_68,s-0.649129942019455,s3.361073619125043,s67.130027217565114
193_69,s-3.801452004628411,s3.389520536219044,s240.738370439780880
193_70,s-1.899038622878665,s-1.164918795024125,s169.109027809218873
193_71,s0.448245985991005,s-3.191304036092282,s169.046118855610644
193_72,s1.701898027959808,s-0.117165692430223,s169.414136708346035
193_73,s1.889575024808976,s1.078569017141300,s349.395529321169874
193_74,s3.671664337834560,s-4.045501516029486,s349.104693284203904
193_75,s0.065208479874057,s-1.994691076463053,s349.097692949554869
193_76,s0.690765669623183,s1.080259279626857,s348.982616480115837
193_77,s2.306338479271164,s0.921814698730252,s169.663301582387902
193_78,s1.276788182885863,s-2.013736796908435,s349.345839616494175
193_79,s1.257234502859305,s-4.049803399518298,s349.395711615858204
193_80,s-2.894260032600630,s-1.024764192915955,s349.403255338884719
193_81,s-1.298344221972610,s-0.117833926835892,s169.352007525296330
193_82,s-2.890983744317961,s0.012249345327574,s349.897571433374651
193_83,s-2.727284209551323,s3.452179095692494,s244.388548803445730
193_84,s-1.283349080180886,s1.945454310411948,s169.155687378397715
193_85,s0.074749855887377,s-0.973443588765225,s349.126115485646210
193_86,s-2.429133119943745,s-3.107413010432098,s345.442422994906735
193_87,s3.487268828184848,s-3.180401637787785,s169.751789549640193
193_88,s-2.451747962452341,s2.958525079825880,s168.463768228870578
193_89,s1.133149823969192,s2.964980658141528,s168.738901861211275
193_90,s0.505283682125745,s0.912482314509488,s169.016109839829710
193_91,s3.082476800574348,s1.108909952897529,s350.037431373380684
193_92,s-3.080468699602471,s-1.194110748793891,s168.860565328202256
193_93,s2.487044053624304,s-0.972403307721293,s349.703217152307900
193_94,s-0.104611298181654,s-0.112641159433664,s169.124352982984561
193_95,s1.115396767997251,s1.938871455760071,s168.974582740436176
193_96,s-0.526500951892054,s-0.974262338206786,s349.150783732593538
193_97,s-1.890608109338713,s-0.129781803285100,s169.521765085494337
193_98,s1.284652165977459,s-0.985285950129857,s349.363003624341900
193_99,s1.890851748670436,s0.051004146759034,s349.405060657437559
193_100,s-1.198182727152536,s-4.048747275903636,s347.598355983044030
193_101,s-2.288719133980909,s2.086015534990448,s348.931375470938463
193_102,s0.090369825003752,s1.085438867479216,s348.931809043149769
193_103,s2.330557989803602,s2.984059357198103,s168.085055710867323
193_104,s2.923124454519794,s3.043245030588508,s-1991.391350933787862
193_105,s2.303165114995856,s-0.110250868656248,s169.659869695682971
193_106,s-0.122035481009434,s-1.139385608111204,s169.093824051839817
193_107,s1.102328460719681,s-0.124800808462350,s169.362311015369528
193_108,s-2.017402160922273,s-3.212777087095188,s166.818682447059132
193_109,s-3.074413191707866,s-0.158557454470078,s169.733150658719751
193_110,s2.279401875217108,s-3.194428406227445,s169.690516610006199
193_111,s0.630510267457202,s-4.049569110120510,s349.043380322500752
193_112,s-1.706517522958996,s0.040116641255588,s349.518668790043705
193_113,s3.079121412039155,s-1.991573198875712,s349.794546554027477
193_114,s3.801452004628411,s3.430031703549242,s20230.381704304127197
193_115,s0.515734102981437,s1.943282051879048,s168.939536242020864
193_116,s-1.728801600108670,s-2.031781231554267,s349.110026127661342
193_117,s-3.484439937378626,s-0.009698794769689,s349.837584236325085
193_118,s3.670960870091966,s1.134507513965945,s349.985956431510147
193_119,s3.671116803999840,s0.097930985617434,s349.832445294584716
193_120,s-2.881858022438269,s2.079225081057211,s348.234534359073507
193_121,s1.675504530451470,s-3.191231001279778,s169.628849927342230
193_122,s1.264854780282148,s-3.040781426884104,s349.425143076450297
193_123,s-2.982630334930259,s-3.144331135406381,s350.113803736040438
193_124,s0.497715719099006,s-0.117042623647571,s169.142081549505008
193_125,s-3.668320849172250,s-1.212196373120341,s169.618502543772507
193_126,s3.078886178585530,s-3.022255731834932,s349.746642256524353
193_127,s-0.703408533387805,s-0.111594421786112,s169.155717679059592
193_128,s0.832042296989773,s3.445795262541598,s247.023830224397898
193_129,s-2.890896227187440,s1.044567337077664,s349.722563668565215
193_130,s-3.691889813451954,s-3.790836487646209,s383.633002072267004
193_131,s3.075324181183781,s-4.050024706019636,s349.743674748387832
193_132,s-1.139049578897285,s-2.017408262113999,s349.090330826329307
193_133,s-1.104722118879299,s1.083883856124249,s349.149950509932125
193_134,s-2.293453357082743,s1.055514458064619,s349.487406810263678
193_135,s0.080947218147644,s0.055508540006467,s349.017819110045764
193_136,s0.656034446839240,s-3.027800453390103,s349.043392344625943
193_137,s-3.076960173379286,s0.874087135453267,s169.903890657229908
193_138,s-0.095332190771417,s0.917617774552883,s169.013934703582748
193_139,s-2.296084015237875,s0.023578159931811,s349.647840283511925
193_140,s-0.735853714012132,s-2.171095938253536,s168.716165675171993
193_141,s-0.684399537378403,s1.951569683510400,s169.152859126941678
193_142,s2.886931067442900,s-3.190855176736712,s169.740752122293571
193_143,s-1.701814912162474,s1.075350263936073,s349.618813533923003
193_144,s1.880527448846929,s-2.001994904175391,s349.438790246079009
193_145,s-1.122645770694672,s-0.982922356958566,s349.308236228440649
193_146,s-1.692757352199099,s2.114388813089436,s349.102825776881559
193_147,s-1.113970888231900,s0.051012765565867,s349.353742883571272
193_148,s1.094746666992517,s-1.153154517101712,s169.341810454385154
193_149,s-3.669010930601897,s0.856652186274757,s168.992133260562838
193_150,s0.023632169054814,s-4.049518977253191,s348.959153811926569
193_151,s0.570912375450368,s3.393958691390825,s62.829733466804839
193_152,s-3.072256931716014,s1.908716437704652,s169.635527393166683
193_153,s-1.885451914582049,s0.905395306268238,s169.632870539178896
193_154,s2.895236450002045,s-1.128921674563906,s169.796160208920469
193_155,s3.671565825598895,s-0.937559861925478,s349.431621581463048
193_156,s2.305604658933164,s1.950641753666339,s169.396692624237005
193_157,s-1.788213290543726,s-3.059070392515836,s345.298126229251409
193_158,s-0.666757470351437,s2.985311044896656,s169.108721857117445
193_159,s2.951053006003031,s3.434951327219567,s71.037885145209628
193_160,s0.703503038744578,s2.110913388945673,s348.648916941227696
193_161,s-3.277780514029642,s-4.052179095692495,s352.580433744167578
193_162,s-1.870169215771252,s2.977233348216546,s168.962802544337848
193_163,s-1.882410351162419,s1.942070125410708,s169.759982735568371
193_164,s-0.757861953112298,s-3.191178986289349,s168.695575067933646
193_165,s3.487002591410242,s-1.108938262755557,s169.931184491824723
193_166,s0.532418078805224,s2.974163623123107,s168.617627016214101
193_167,s-0.508582105551047,s1.088006131287469,s349.169679752438356
193_168,s2.472310114964046,s-4.050002520343432,s349.700950102225079
193_169,s3.670541775764891,s2.177275938770733,s350.388522266756183
193_170,s1.309769886601741,s2.105073955952332,s348.738345993193775
193_171,s1.680339466798012,s-2.168137064427481,s169.440141630037715
193_172,s1.107281501500234,s0.906217840348785,s169.285442557626396
193_173,s-0.394601367753526,s3.434985214116230,s252.093124568281837
193_174,s2.897889511795482,s-0.095908497176886,s169.776501313762623
193_175,s-3.669096531023777,s1.891914094546555,s168.784096952947891
193_176,s2.892984594485394,s-2.161356785381489,s169.747265401070024
193_177,s0.670871184929659,s-2.003599546256963,s349.104711256778955
193_178,s-3.702450620865012,s-2.895712621082753,s207.613064704604625
193_179,s-0.128673545642913,s-2.161242942056783,s168.938079331097697
193_180,s-2.525302832878988,s-2.214870133258930,s165.944861222755293
193_181,s-0.719694857767303,s-1.140951458093081,s169.095821275777695
193_182,s0.047845863639333,s-3.022639200886478,s348.937532675181444
193_183,s-1.838539305661403,s3.379376751132265,s64.443533029343598
193_184,s-3.673877624985604,s2.883266242023904,s165.402874278794371
193_185,s2.479795071368314,s-3.027585227976377,s349.686511819753548
193_186,s1.732209249555930,s2.990598427459310,s168.732135173462041
193_187,s0.679116531795727,s-0.976626349445346,s349.136239610677876
193_188,s-3.668309046317510,s-0.180252297952633,s169.629209946268702
193_189,s2.289851902939850,s-2.170030750397819,s169.686702696164957
193_190,s-2.806424442955166,s-3.381139218275606,s172.577016844511661
193_191,s-0.518404184856546,s0.056760343643348,s349.195002263501920
193_192,s-1.927833321941003,s-2.201798951945782,s165.290508552780494
194_0,s2.905004799471983,s1.997822336186094,s170.033229508974102
194_1,s0.509217570842840,s-2.167340325993156,s169.484378497202471
194_2,s0.091761197196996,s-3.026955166212335,s349.497415694803635
194_3,s-1.898948150241652,s-2.170832358965014,s169.289586594930881
194_4,s-3.677222172704125,s-2.242958450911648,s167.198779963970964
194_5,s2.499746821505057,s2.141713717636829,s345.802413078415611
194_6,s2.495711744104703,s-1.989832918536033,s349.790837425679115
194_7,s-0.697700524684404,s0.921530921019428,s169.495743771402488
194_8,s-3.490897273095494,s1.032996664500650,s349.852553617865851
194_9,s3.489720270924442,s3.150696450835886,s18174.143879447608924
194_10,s3.493049316959945,s2.021624193402605,s170.071800356227868
194_11,s1.705536592096031,s1.958550604586613,s170.086945872430817
194_12,s-2.993633978857514,s3.403482059437511,s62.372988449226156
194_13,s-2.483620177815939,s1.932458181602251,s168.950728361364810
194_14,s3.675903660088781,s-1.950586323265335,s349.500997267205037
194_15,s-0.107683760410598,s-3.193396368149220,s169.491745066537220
194_16,s-2.495049835018259,s0.901765980461601,s169.872930294742957
194_17,s0.108237780182882,s2.116406797885293,s348.831032497166291
194_18,s-1.580319760559197,s3.445447942636509,s250.054061549161077
194_19,s-3.035919867374254,s2.964174744318631,s167.050181050477107
194_20,s-0.509235415346685,s-3.026671756325281,s349.493958887619726
194_21,s-1.713249614400707,s-0.970435900519627,s349.949038722401212
194_22,s-0.492193803045549,s2.120000300029001,s348.657122417778169
194_23,s-2.896405402176647,s-2.048142311492751,s349.887176813838323
194_24,s1.888477706303833,s-4.053762483769594,s349.474825447644491
194_25,s1.717527273898385,s-1.137466612301408,s169.487491067061370
194_26,s-3.626014334955394,s-3.181380944452747,s346.158429843129454
194_27,s-0.507459712508509,s-1.996685920118750,s349.609408933974123
194_28,s0.693997196120347,s0.059101391403508,s349.605122518175904
194_29,s-1.296463418224814,s-1.136750737760988,s169.653527233043576
194_30,s-0.525036346346531,s-4.053782486818713,s349.479874680980799
194_31,s-1.089912261152409,s2.119957886397255,s348.629263723867950
194_32,s1.294777661782039,s1.083200103565383,s349.638556796638738
194_33,s-2.489652060641586,s-1.164336694066493,s169.918776384867783
194_34,s-2.306929842840987,s-0.993516966784251,s349.961220481941837
194_35,s2.902522431949008,s0.961527966590934,s169.944553093215887
194_36,s-2.305029408008865,s-2.027472590209181,s349.855484583595285
194_37,s1.889021901613092,s2.136800267196536,s350.069877523743912
194_38,s1.111298638868990,s-2.169453234021510,s169.482452055628414
194_39,s3.087100647315174,s0.098394793575138,s349.942368083793781
194_40,s-1.308963154759435,s-3.193179037987224,s169.460965081129416
194_41,s1.710592823389073,s0.924670289381584,s170.126888987690251
194_42,s-1.267071579634975,s2.978826915128852,s168.613546660684733
194_43,s-3.485253936925594,s2.074195087187558,s346.722418124899889
194_44,s-1.298981893274697,s0.923004596330903,s169.437129510119405
194_45,s3.087235629882691,s-0.936526666299719,s349.938660272882828
194_46,s0.513017660213909,s-1.138953240878067,s169.561775552709122
194_47,s-1.110010093733533,s-3.026602511941746,s349.498192279014290
194_48,s2.011486240637330,s3.441099200765808,s252.258287603536047
194_49,s2.313632310932847,s-1.125818926738271,s169.818158946906635
194_50,s-3.490651316248808,s-1.038674690735854,s349.974397229245540
194_51,s-3.484624210261730,s-2.070248227879905,s350.026581449667390
194_52,s-1.293732786642634,s-2.166099803798857,s169.504354595407278
194_53,s3.675587389426899,s-2.984468600927106,s349.789611721854271
194_54,s2.496151638087503,s0.079708306763373,s349.948737771556125
194_55,s1.095371406752591,s-3.195873154677451,s169.486558868642760
194_56,s1.754286088889957,s3.367906491790389,s66.471662048421607
194_57,s2.496130960242186,s1.113572615438934,s349.775276688593181
194_58,s-2.336412552321844,s-4.053371478386009,s348.826107061788946
194_59,s-2.492025622088859,s-0.130690170293543,s169.962136005031397
194_60,s-1.728449457515993,s-4.053658228792303,s349.286727256298946
194_61,s1.298527143019177,s0.054781961967586,s349.617758583408374
194_62,s1.895577852661642,s-3.028875040145357,s349.464612006615710
194_63,s-0.088402569804990,s1.950434530646987,s169.054263965850993
194_64,s1.902329600112621,s-0.967737200358732,s349.637659036025809
194_65,s-3.079266742631792,s-2.219026636711307,s169.882790668770241
194_66,s3.492570493138754,s0.984750429772935,s169.939178494386937
194_67,s3.491702369102627,s-2.121270267606601,s169.854137106391505
194_68,s3.492754791640631,s-0.050225033541999,s169.933319775338219
194_69,s-0.064077965484185,s2.979837012610610,s168.831014006765230
194_70,s-3.806751310413440,s3.393092663808316,s241.941393839830312
194_71,s3.087356789821624,s2.168844387965916,s350.033232849537683
194_72,s-1.898347340917503,s-1.140886598887739,s169.842799974722823
194_73,s0.493322086212788,s-3.193723924637237,s169.491046948448769
194_74,s1.718240113510058,s-0.106190237080253,s169.646114393608286
194_75,s1.892725723762454,s1.096002184743266,s350.110384566174503
194_76,s3.689087110913931,s-4.050583018970405,s340.899202754278463
194_77,s0.096399207741638,s-1.997648898595647,s349.589231266939123
194_78,s0.690881151081763,s1.087413902522148,s349.340845414696787
194_79,s-0.645381453315047,s3.380814816153768,s67.020590873285798
194_80,s2.311003723533155,s0.942895349929977,s169.903355769683316
194_81,s1.300895854357709,s-2.001232640584798,s349.482739206847157
194_82,s-1.299455774991098,s-0.107430543811505,s169.641850403047471
194_83,s-2.898041449190261,s-1.012479759561868,s350.003086422789522
194_84,s-2.902175899363738,s0.019641537038270,s349.934912493626371
194_85,s-2.736098915533953,s3.453727393293962,s246.399506472754069
194_86,s-1.287577143911542,s1.955057554343189,s168.783092998727540
194_87,s0.094256961322085,s-0.969642974077619,s349.603566969857127
194_88,s-2.318754205180251,s-3.061787329372256,s348.846539035449439
194_89,s3.491261126050602,s-3.155712895557353,s170.072215941413646
194_90,s1.282640866957700,s-4.053786273240420,s349.485670657954927
194_91,s-2.452675910203916,s2.968664569405571,s168.677096580831261
194_92,s1.135000226728220,s2.977467945680114,s168.010823401199417
194_93,s3.087006820476916,s1.132156663371623,s349.999330469267306
194_94,s2.496678936168319,s-0.955345298182851,s349.826913802312220
194_95,s-3.080499082084143,s-1.183495007912931,s170.026577924009700
194_96,s-0.093634606312017,s-0.111307690528779,s169.603217237917789
194_97,s1.111751943639219,s1.947206503119131,s169.201883773299016
194_98,s-0.510235497609362,s-0.967562939626077,s349.613112868625763
194_99,s-1.901252179898076,s-0.109606978080191,s169.960349528240982
194_100,s1.303855065186423,s-0.972443778946414,s349.605175237643152
194_101,s0.506293571042769,s0.917623523841260,s169.596276516261241
194_102,s1.903043992489484,s0.064385372506033,s349.900698961581782
194_103,s-1.125863707284433,s-4.053770286065816,s349.461040709472059
194_104,s0.090051423691305,s1.088229841896447,s349.165659023929379
194_105,s2.345477669577678,s2.988195926852906,s165.802413996717036
194_106,s2.313352277036551,s-0.091055895055077,s169.926342597246673
194_107,s-2.291280629687871,s2.099039427562648,s348.677454036361667
194_108,s-0.091219870607837,s-1.138978307077827,s169.609011256248607
194_109,s1.114723625007548,s-0.114932971961645,s169.601206577247467
194_110,s-1.911258272094323,s-3.194101793162366,s169.286728638100215
194_111,s2.305849885324592,s-3.192848915391291,s169.503093742101953
194_112,s-3.085759203226708,s-0.151082791585928,s169.980573431136122
194_113,s0.677539303444497,s-4.053783747301770,s349.487159822562091
194_114,s-1.715769933459818,s0.060969951249120,s349.734644354950433
194_115,s3.086368811343651,s-1.971528382979633,s349.895571381427146
194_116,s3.806751310413440,s3.453793167028533,s20226.372633541053801
194_117,s2.946949865959742,s3.065202591580069,s-1990.331323192210220
194_118,s0.511268996972551,s1.950312222862375,s169.182479171868437
194_119,s-3.491277801778171,s-0.003308304050707,s349.951135165506685
194_120,s3.675290338432769,s1.155970738965299,s350.067692908281686
194_121,s3.675440660882120,s0.120482273712653,s349.926026928304282
194_122,s-2.888272352886356,s2.089815392410947,s347.688693189643914
194_123,s1.295497764934067,s-3.029556543002383,s349.467542258137712
194_124,s1.700598813475116,s-3.196172630095429,s169.481459004433873
194_125,s-2.953520136386341,s-3.124775253322731,s349.225347565629363
194_126,s0.510339088223190,s-0.110577893444837,s169.597078099906668
194_127,s-3.673841776152694,s-1.209491835220913,s169.996655844120653
194_128,s-1.710222025483429,s-2.000751173569154,s349.838370377073829
194_129,s3.084785017335334,s-3.006898073134438,s349.846137955007976
194_130,s0.808921176540873,s3.444481629550906,s250.523068235147434
194_131,s-2.902359522038974,s1.054134502786864,s349.710248067598059
194_132,s-3.675464815357426,s-4.053217625270175,s348.569454763372676
194_133,s3.088702449649134,s-4.046501623348895,s350.262841633316498
194_134,s-1.109704575744958,s-1.996197948541444,s349.652145595587456
194_135,s-2.305193667240975,s1.072263416254190,s348.945832122732440
194_136,s-1.112794661927092,s1.092466634024732,s348.879055499680248
194_137,s0.090194324818735,s0.058334147942996,s349.592630209432002
194_138,s0.693372330627980,s-3.027403987525708,s349.478652505462946
194_139,s-0.697232936299235,s-0.108307471466172,s169.634322475880452
194_140,s-3.085827190504555,s0.883281810180816,s169.933539865669303
194_141,s-2.309129949339085,s0.040167201080784,s349.872596383401287
194_142,s-0.692852470381498,s-2.166178569046049,s169.495869312763944
194_143,s-0.687891859091260,s1.953648930710961,s169.032416807097633
194_144,s2.901200382341053,s-3.179872085522581,s170.486564868942537
194_145,s-1.713677759347841,s1.093031723415500,s348.930286526587224
194_146,s1.899943350561474,s-1.999112024173854,s349.483799247884576
194_147,s-1.697150547027708,s2.124967550634161,s348.874395910444832
194_148,s-1.112902474193846,s-0.966934417732391,s349.642217604285577
194_149,s-1.115215479336044,s0.062412139685530,s349.489114822306533
194_150,s-0.095234081921894,s0.918762101547492,s169.489617644038333
194_151,s1.116239285308388,s-1.141545217809765,s169.481592254093528
194_152,s0.076020638575760,s-4.053790221422689,s349.491745012073068
194_153,s0.559627158348809,s3.374063963589157,s67.596222200683613
194_154,s-3.081859517652806,s1.919345576491158,s169.651690390500050
194_155,s-1.900406252583763,s0.922514003621897,s169.738910273487136
194_156,s2.903858862826647,s-1.107236872050902,s169.868950116472092
194_157,s3.675497665088401,s-0.914777237173400,s349.871520142736301
194_158,s2.302328174023253,s1.969284992846397,s169.779955991114576
194_159,s-0.661811448230146,s2.984179424730801,s168.629704955526137
194_160,s-1.712749900422534,s-3.028098545373266,s349.289434999479283
194_161,s-3.674041885603822,s0.861943607985875,s169.811502794210583
194_162,s2.964628731046244,s3.410560357261505,s63.204043539060770
194_163,s-2.973915617608551,s-4.053217625668385,s348.569455334584688
194_164,s-1.869388011047794,s2.989274013782470,s168.807625588989310
194_165,s-1.885748320473173,s1.957723220589504,s168.948124148705801
194_166,s-0.708319272931680,s-3.193183026991675,s169.479767827888850
194_167,s3.492650638046345,s-1.085308224366012,s169.877136192913269
194_168,s0.531366805023096,s2.991536091400749,s168.837832662984653
194_169,s-0.511853833093312,s1.091120989063543,s349.046653875711627
194_170,s2.489100873565805,s-4.053793167028533,s349.507269234189380
194_171,s1.301788471362139,s2.116109833738200,s348.010813075043643
194_172,s0.698586586058939,s2.124539433134794,s348.817757671870424
194_173,s3.675286016089213,s2.192768282271852,s350.071798977783033
194_174,s1.110956953899841,s0.913466590517841,s169.621636339939442
194_175,s-0.380785234515517,s3.444998691435489,s250.270778367494103
194_176,s2.904067024056835,s-0.072323633187607,s169.955551397478246
194_177,s-3.677470265593509,s1.912735450974684,s167.016706634255911
194_178,s2.903268534426966,s-2.142300842066743,s169.828821321072780
194_179,s0.698399127065158,s-1.998730346209098,s349.559599904993490
194_180,s-3.212665572902703,s-3.279977743454776,s168.569455232537280
194_181,s-0.091998410053648,s-2.166525821011316,s169.499728733153489
194_182,s-2.491588275156008,s-2.198578140564713,s168.847936016929395
194_183,s1.712866492269603,s-2.167921440781631,s169.461961121117781
194_184,s-1.832771729357650,s3.378296320381823,s66.430139707889907
194_185,s-0.694014746784386,s-1.137250990432226,s169.623430798735569
194_186,s-3.685837253816715,s2.890400073617196,s161.902630827580168
194_187,s2.493338180537594,s-3.023524272767361,s349.665037258049722
194_188,s1.731870448979391,s3.024231029001771,s169.013693433644534
194_189,s0.697508561819023,s-0.969422232173846,s349.589067164030382
194_190,s-3.673899187675310,s-0.174073295144013,s169.944430841529027
194_191,s2.311506113131303,s-2.160410795734313,s169.665872660697801
194_192,s-2.539139122016624,s-3.222213391818225,s168.826103023802347
194_193,s-0.513115498202360,s0.061507800706680,s349.511910866628455
195_0,s2.914049941588721,s1.999912563070649,s170.000015880849816
195_1,s0.519596212937179,s-2.171244217494960,s169.075795444761638
195_2,s3.503370473843779,s3.152486621745850,s18175.834835459110764
195_3,s-0.492618769478616,s-0.966703152162719,s349.617724642497478
195_4,s1.281461734015325,s-4.061780175362540,s348.994014797684883
195_5,s-1.882257405747774,s-0.105974803165706,s169.562382697293913
195_6,s1.316007802139503,s-0.976563401448043,s349.574150578427975
195_7,s1.912628874428352,s0.065373128998403,s349.791016350760913
195_8,s-1.129523674321887,s-4.061555189808738,s348.625964916365945
195_9,s0.107381025962619,s1.090817015047073,s349.145605880174401
195_10,s2.322161259701726,s-0.089571297688327,s169.858185790687060
195_11,s0.525864107483529,s0.916622844916721,s169.487031272775710
195_12,s-2.269259623794387,s2.119809253910049,s347.541866808976692
195_13,s3.502085396228463,s2.023320159672342,s170.028499760367282
195_14,s-0.074974016312862,s-1.137751333231644,s169.425978778121134
195_15,s-3.081976077280979,s-2.164269962942606,s169.581164250812407
195_16,s2.310852390684581,s-3.198280170955669,s169.764155591219861
195_17,s-1.894211339635224,s-3.195021945518475,s168.917019336996759
195_18,s-3.086488779735101,s-0.102397315458598,s169.654832416533480
195_19,s0.669009195864788,s-4.061457091359824,s348.456673803045703
195_20,s-1.698294632054790,s0.063578166725129,s349.505679012769633
195_21,s3.094554053798567,s-1.975061071664000,s349.809600974902651
195_22,s2.350538466486779,s3.002842094767632,s166.539172106528184
195_23,s3.815919063588550,s3.460994853582689,s20226.139712690401211
195_24,s1.720188646869911,s1.963549110752016,s170.013211376942110
195_25,s0.529797598184949,s1.949202780376833,s169.175920076684150
195_26,s-3.499903972894514,s0.061434822379897,s349.833982446488676
195_27,s3.684527794467020,s1.157619609631465,s349.956300055780787
195_28,s3.684584206418739,s0.122089453479550,s349.903496871252173
195_29,s1.298732115221799,s-3.038708985176806,s348.948274764672192
195_30,s-2.882530211298235,s2.139665094812289,s348.096457376075080
195_31,s1.706123711806875,s-3.203776732655199,s169.031186648939212
195_32,s-2.899173303560245,s-3.026868935731900,s349.385113374871992
195_33,s0.496629837576989,s-3.200266283198711,s168.373335805967258
195_34,s2.953701060158666,s3.071979090406757,s-1990.087691657383175
195_35,s0.096400786797650,s-3.030354516288267,s349.067962229978150
195_36,s-3.683575573061983,s-1.140429915144424,s169.630919062900887
195_37,s3.092388968612138,s-3.015023656349797,s349.745344269342468
195_38,s0.837126132554672,s3.460428649854321,s247.852201983349772
195_39,s-2.902168977358759,s1.102796224757194,s348.748886889807693
195_40,s-3.513039231708658,s-4.061535009460363,s348.589082067150116
195_41,s3.105978112513387,s-4.063288901384853,s351.317335516835328
195_42,s0.712242562442799,s0.057222213416102,s349.537469956570078
195_43,s-1.093852191981317,s-1.997465764417706,s349.490956826801039
195_44,s-1.092482392954552,s1.092282836518948,s349.025263254039942
195_45,s0.107478304785706,s0.061762468380208,s349.519594668732168
195_46,s-2.973040559625392,s3.412589965422883,s62.344021459379185
195_47,s-1.695721298653098,s-1.995554783941854,s349.498638312000423
195_48,s0.696849506074244,s-3.034872428395655,s348.891188837455047
195_49,s-3.089238077487628,s0.930809246060708,s169.835584898341182
195_50,s-2.300324190248451,s0.065689972695582,s349.456866384047032
195_51,s-0.679895803058071,s-2.167097916778533,s169.100397982370566
195_52,s-0.669922531085590,s1.956346757832608,s169.096597225906578
195_53,s2.907043709124912,s-3.187328043828181,s169.757260061427246
195_54,s-1.692500982759151,s1.093301644385467,s348.947527212616819
195_55,s-1.668939136706173,s2.123530318961022,s348.427851999010215
195_56,s1.907977151345619,s-2.004283573322023,s349.581388759242600
195_57,s3.683931627721418,s-1.950295442271348,s349.757016544047929
195_58,s-1.094100662128181,s-0.967439719245922,s349.628764721257028
195_59,s-0.678760914616368,s-0.106847860187093,s169.630443426690931
195_60,s-1.096375236993520,s0.062345624156736,s349.586391372397713
195_61,s1.130809983381568,s-1.146413519207722,s169.220134874266506
195_62,s0.063276046208368,s-4.061372842152900,s348.325062820354617
195_63,s0.564612099417952,s3.405446675694622,s68.181541484826184
195_64,s-3.077027912527892,s1.968845954487453,s169.135223459702672
195_65,s-1.882285373154279,s0.923980710744134,s169.496263285517870
195_66,s2.911491689229294,s-1.105413878767402,s169.622064467009835
195_67,s3.684666156879853,s-0.913629186336247,s349.827245138606258
195_68,s-0.102310358855746,s-3.196898489497626,s168.310172946447494
195_69,s-0.641716735571876,s2.992060454186807,s168.238943780029643
195_70,s2.966620224756793,s3.449407889537308,s71.939853107456628
195_71,s-0.077940192393414,s0.921258147035811,s169.507514232161526
195_72,s-1.700949135634950,s-3.027898949634288,s349.144766129277798
195_73,s2.314725836587363,s1.977383827533337,s169.943366793656992
195_74,s-2.915895560060004,s-4.061696650334003,s348.857970227645126
195_75,s-1.828609936569659,s2.996574975442583,s167.586257468269935
195_76,s-1.865887771420082,s1.958761717450581,s168.564527160715784
195_77,s-0.700994001308491,s-3.195954370873145,s168.566061004208279
195_78,s3.501546366133781,s-1.084701934895145,s169.819580934936027
195_79,s-2.483938635326531,s0.926396389264322,s169.362673962231867
195_80,s0.548040169865797,s2.985235228668427,s168.399775795719904
195_81,s-0.494158774668076,s1.093175134591227,s349.107472904125530
195_82,s1.315184820155608,s2.119560053654175,s348.917669156193369
195_83,s-3.684756060977963,s0.929381068588186,s168.605853432129322
195_84,s2.494240417084490,s-4.062143615863480,s349.586193155465821
195_85,s3.684451164009415,s2.194325247519723,s350.028499340530573
195_86,s1.128552692129549,s0.915133423672484,s169.856333079518350
195_87,s-0.361486889670208,s3.455743589940539,s249.984534667748363
195_88,s2.913044685781192,s-0.070770769729551,s169.850717719509930
195_89,s-3.690315725551506,s1.966251162103273,s164.668289270753007
195_90,s0.116870392645464,s2.121692234448407,s348.529531538235403
195_91,s2.910418947355979,s-2.148002183431851,s169.677070294079186
195_92,s0.708297771709709,s-2.003432197361735,s349.139362327036167
195_93,s-3.085371328567878,s-3.196145709672478,s168.860006769534010
195_94,s-0.081059530950974,s-2.167806764524774,s169.106114591407504
195_95,s0.719496848359015,s2.116858399718576,s349.017570968468021
195_96,s-1.804888626326516,s3.390590843496439,s67.086748559036408
195_97,s-2.481357293505046,s-2.163728905001324,s169.479252452454716
195_98,s-0.676887940763044,s-1.136382470445127,s169.535956799747169
195_99,s-3.691969640802191,s2.939356161453875,s163.664626750465800
195_100,s2.498576050258472,s-3.028860904716027,s349.749663576688874
195_101,s-1.547939805765650,s3.455810486995663,s249.952576156645449
195_102,s1.131156619423966,s-0.115275481917764,s169.660508417124959
195_103,s0.712399173094734,s-0.972584814505210,s349.379459802718600
195_104,s-3.683553863743913,s-0.109111886717609,s169.650702487224009
195_105,s2.316986475427047,s-2.164783289174073,s169.725514948368755
195_106,s-2.489462196746858,s-3.195544896800006,s168.692365887932965
195_107,s1.721367601458660,s-2.173808755638326,s169.308102540771785
195_108,s-3.042576663975673,s3.007531131293500,s167.858972950638559
195_109,s-0.503378573198929,s-3.029664288905585,s349.089488787263861
195_110,s-1.696721741049202,s-0.965663892478847,s349.559071708721888
195_111,s-0.480682232500220,s2.125263200674321,s348.224697707333405
195_112,s-2.470531844527291,s1.955462968072531,s168.482409455289627
195_113,s-2.898256078644977,s-1.994559701167024,s349.614999886241208
195_114,s1.728091678013213,s-1.138369456602793,s169.716992771548092
195_115,s-3.497490742120340,s-3.029411322492657,s349.532930251842458
195_116,s-0.493462892324291,s-1.997980522069267,s349.394473060168707
195_117,s-2.295784816892448,s1.095765778933595,s348.506515052738848
195_118,s2.505362712122993,s-0.953819516885605,s349.833507693863567
195_119,s-1.278133620112745,s-1.137326445421751,s169.503219388085682
195_120,s-0.534488049236730,s-4.061507347931717,s348.560492989348973
195_121,s-1.074502373600147,s2.121965493613279,s348.193617617804080
195_122,s1.313038713634588,s1.085626661717796,s349.934919763155960
195_123,s-2.482764663311322,s-1.133813703417980,s169.614843305394317
195_124,s2.912766824335844,s0.963506154687159,s169.844930379400950
195_125,s-2.299044641992118,s-0.964088277740355,s349.582199901401566
195_126,s-2.297315178121127,s-1.994234178552795,s349.542842777307442
195_127,s1.903569400671380,s2.140012634971888,s350.017074193742530
195_128,s1.122533473261281,s-2.176583030001470,s168.926460601070858
195_129,s-3.683683835861069,s-2.170436721772579,s169.532930955835155
195_130,s3.096004408152075,s0.099785780556200,s349.882636683182113
195_131,s-1.297221961779004,s-3.196282911356611,s168.640681196543568
195_132,s1.725521927973002,s0.929155804343070,s170.086008079158120
195_133,s-1.235137186358217,s2.988691109321691,s168.177231722337865
195_134,s-3.486975304472068,s2.127955383837443,s347.090318782256702
195_135,s-1.281080204094935,s0.923105511497118,s169.508618244260305
195_136,s1.890759263294723,s-4.061884881809000,s349.161839049823129
195_137,s3.095344249762181,s-0.934778590358926,s349.854271417531265
195_138,s-1.101942065020839,s-3.029447426005097,s349.121386611926198
195_139,s2.023532216083562,s3.447188310791395,s254.588913458126910
195_140,s-1.880344700655987,s-2.164983064659297,s169.314778316814596
195_141,s-1.280088419277971,s-0.107408386324076,s169.619767070120474
195_142,s-3.499855725744331,s-0.970646908065294,s349.650680090442847
195_143,s-3.684777941540905,s-3.199424192404123,s168.589081853213514
195_144,s-3.498499291729515,s-2.000870596665077,s349.630910768328988
195_145,s-1.279106522145843,s-2.166987473329382,s169.139864931553547
195_146,s3.684947898224647,s-2.991708084045742,s349.569317717780962
195_147,s2.505201821527919,s0.081022976240008,s349.875758092409114
195_148,s0.527651435553189,s-1.141563632717606,s169.285857619954328
195_149,s1.099351734900103,s-3.203570463719907,s168.950317027068223
195_150,s-2.321450236646244,s-4.061318268442363,s348.598344105598358
195_151,s2.509624665443955,s2.150104611695394,s346.539172162878288
195_152,s1.761703894810241,s3.367559009830315,s66.589901360874350
195_153,s-2.484422887043845,s-0.103493971411717,s169.448072034259297
195_154,s-1.724985684879646,s-4.061751065076457,s348.946792802451512
195_155,s1.316978471967462,s0.054972194708209,s349.866362586075411
195_156,s1.901325489941952,s-3.036177037984110,s349.367338200500853
195_157,s-0.070535951481980,s1.953612718178259,s168.994082161834399
195_158,s1.912240353792350,s-0.968044635702651,s349.716538923729331
195_159,s1.737650418172816,s3.023007316944441,s168.517363121142068
195_160,s2.504868763910101,s1.115992360530572,s349.815941962315719
195_161,s3.501903858576522,s0.986830846315606,s169.946201357276408
195_162,s2.501648827001884,s-1.992521460096520,s349.672147163597685
195_163,s3.500525416793332,s-2.121339577276665,s169.835879596460501
195_164,s-3.815919063588550,s3.439820923315972,s242.297058052079223
195_165,s-0.047511721126345,s2.988921419349963,s168.443822522357749
195_166,s3.096500955383297,s2.170828408581341,s350.000017725434532
195_167,s-1.880514198123985,s-1.135175013702087,s169.551247496217542
195_168,s0.528093932713718,s-0.112350961068527,s169.460860416962532
195_169,s1.729334866967130,s-0.105091019699179,s169.745620543384604
195_170,s1.907750203946001,s1.100506902608540,s350.127083401543985
195_171,s3.689054630805729,s-4.059611701186647,s346.139009291944831
195_172,s3.501826334105648,s-0.048614424533166,s169.926900830577694
195_173,s-0.680317462984420,s0.923319276598012,s169.564776098197171
195_174,s0.106976992772655,s-1.999387456003400,s349.323715068373929
195_175,s0.710127298630604,s1.085949049769346,s349.408202640817933
195_176,s2.321583464525642,s0.945326532505838,s169.826445611429961
195_177,s2.320561674493645,s-1.124362666003013,s169.568476436522957
195_178,s1.309891474680738,s-2.008072318284126,s349.216113818560132
195_179,s-2.901518664527048,s-0.963855857305336,s349.711369597517375
195_180,s-2.902702642835290,s0.068183799738123,s349.607317260889488
195_181,s-2.714318170025184,s3.463288901384853,s246.641537924488318
195_182,s-1.268324530355303,s1.954747815198005,s169.021637110680899
195_183,s0.109421318606712,s-0.968477015250609,s349.484713521639492
195_184,s-3.497466092339896,s1.097776255695463,s349.112802890301168
195_185,s-0.609398521668028,s3.385519580199978,s68.161948229704379
195_186,s-2.300090535114287,s-3.026684860597583,s349.276038682088142
195_187,s3.498528282934791,s-3.168245851246178,s171.099065426020957
195_188,s-2.435257877178356,s2.978515552775516,s167.539890788169942
195_189,s1.142888640223183,s2.983619577868061,s168.917668685985035
195_190,s-0.495127584402088,s0.062901286828622,s349.607916281190228
195_191,s3.096371898699784,s1.134207963574976,s349.920014143728565
195_192,s-3.084840022488033,s-1.133914209312782,s169.728255507382812
195_193,s-0.076457634277422,s-0.107892102600860,s169.591379496619680
195_194,s1.127610627124504,s1.950532932458653,s169.405810507043441
196_0,s2.919342014570998,s-0.398450144155077,s258.871267584729992
196_1,s-3.289528149680147,s3.396241387915778,s246.397979686010274
196_2,s2.761359936869385,s1.622859403950748,s439.571651926422874
196_3,s0.675376249522335,s2.817691332222209,s79.948992978036642
196_4,s0.690590823601009,s-0.798132927161627,s79.460234643065903
196_5,s2.917295817338488,s-1.592006725303600,s258.858597817406690
196_6,s-2.423453660196530,s2.796039972500413,s79.973224430558204
196_7,s1.717003911417759,s-1.400371345780058,s79.511398171059412
196_8,s-0.359106317802001,s2.817312790237580,s80.155845636531112
196_9,s-0.340547357029953,s-3.204085599096857,s439.567798295777663
196_10,s0.878784311663811,s0.835397752676915,s259.537226447401167
196_11,s1.900752974272969,s2.039029684505182,s259.571055218139179
196_12,s2.748548879575713,s-2.601655711214222,s439.529726956209572
196_13,s3.781766444669844,s-3.811859371994072,s78.893474991586388
196_14,s-0.337573555247342,s-3.803655081346001,s79.571744641486347
196_15,s1.719729880276683,s-3.202103369565667,s79.605924833017951
196_16,s-0.172649893968341,s-2.787799130717109,s259.589912506053508
196_17,s-2.249529716878239,s2.612962366203155,s259.977755889734226
196_18,s0.846197166192145,s2.634662534447872,s259.925572107494759
196_19,s0.703466883536874,s0.412506062962402,s79.423086576282529
196_20,s1.710364905003896,s2.817969995139413,s439.915641686366655
196_21,s2.762251295182874,s1.011638534184674,s439.562473352750033
196_22,s2.750823799659094,s-3.802078074253207,s439.527911126288245
196_23,s-2.211095266638381,s0.835372730337650,s259.069291320897662
196_24,s1.717959387666313,s-2.601957484694112,s79.605312021854374
196_25,s-2.246064596414951,s-3.991512320041503,s256.399164796618834
196_26,s3.781734190348908,s-0.824244210001383,s78.840872514017477
196_27,s-1.201245226724068,s-3.388216151911406,s259.571933583383952
196_28,s-0.173899947192176,s-2.187430300876577,s259.577694653435969
196_29,s-1.369640378314761,s-1.394073574231699,s79.390796001043384
196_30,s2.750223306015244,s-3.201402005437989,s439.570371392587106
196_31,s-1.369167286078461,s-3.803546598381694,s79.873119494722474
196_32,s1.881227432616364,s2.635217574275843,s259.928387308908100
196_33,s-3.243486868854225,s-1.578730531691033,s259.603362252065665
196_34,s2.747769473867393,s-2.001802317152223,s439.447734657656724
196_35,s-0.324279245366842,s0.411019054209611,s79.390866172203985
196_36,s1.902934412929447,s0.825102682345727,s259.525805716636000
196_37,s2.926550375624643,s1.415159487373195,s259.577355054137570
196_38,s-0.213225179602739,s3.223350350345232,s259.935662715272997
196_39,s0.696445587178086,s-0.193661536246655,s439.390073298910011
196_40,s-1.191137731635076,s-0.378070906543104,s259.343876133953074
196_41,s-2.402322378455716,s-2.587220648406128,s75.677635177067827
196_42,s-3.782177912953547,s2.649143114693145,s331.588693679367566
196_43,s-3.774942860395444,s-0.825969677447530,s334.187780664393586
196_44,s-3.709418531150311,s3.519334932564475,s151.591520451595557
196_45,s-2.448318773119767,s3.430068872691715,s66.398702049197112
196_46,s1.897739791673840,s0.222242704061727,s259.239373981186873
196_47,s-3.730509392962637,s-2.193790257497757,s153.717116108406572
196_48,s2.918581393458849,s2.632019356644172,s260.228766793582849
196_49,s1.736204161252958,s1.023922773763642,s79.537373306723751
196_50,s2.920119905692021,s-3.387161286774115,s259.015339070424488
196_51,s2.895638403494893,s3.223517626608321,s260.190922835284539
196_52,s-3.249277486746664,s0.259106450082657,s258.922337972801927
196_53,s-3.727826746368550,s2.383549457127038,s158.697316645562012
196_54,s-3.727901931279159,s-1.073173954679719,s153.664446750321844
196_55,s-2.401990120963103,s2.208366668715561,s79.053159535099169
196_56,s-2.386266659144348,s1.618599145605134,s438.818948287557077
196_57,s2.723947321317084,s3.406098101597285,s80.003386579417537
196_58,s3.782177912953546,s0.997849662010285,s79.558565176091946
196_59,s0.884006437050026,s1.442166443106808,s259.621769917069685
196_60,s-3.776180558445146,s-3.067939647874591,s333.726334603603391
196_61,s-1.202821169764690,s-2.788196167736674,s259.562147728997616
196_62,s2.917295882629876,s-2.188652282744096,s258.861924776164358
196_63,s-2.234784395257094,s-2.186234490509023,s259.973064825444169
196_64,s0.695606536408851,s2.227361763270495,s440.109317184726137
196_65,s-2.272570909511141,s3.201272038516139,s260.202411801340929
196_66,s-1.204077260389464,s-2.188009136609801,s259.561095720602282
196_67,s-3.282762102766741,s-3.340288274801540,s257.579646244493404
196_68,s-0.319166591919764,s1.618657111096291,s80.050800696158888
196_69,s-3.698312286751569,s-4.119334932564474,s333.273462885062997
196_70,s-0.317879079551819,s1.015987799098395,s79.537497918992003
196_71,s-0.331690170859143,s-0.193854444626664,s79.381185015063011
196_72,s-3.769074242855024,s0.307251301053743,s336.490474721390626
196_73,s-2.231177246872348,s2.022582036352711,s259.813297613634404
196_74,s-3.776347670615606,s-1.947856193837944,s333.664600388977362
196_75,s1.888722922396897,s-0.982216312329577,s259.347307383294151
196_76,s-1.198456619322600,s-3.987478626760808,s259.571821277912989
196_77,s-1.201858859726148,s-1.585685098704671,s259.437393900950781
196_78,s-1.359823443168176,s-0.190132758946842,s78.944776058082269
196_79,s-3.397336337680148,s-1.047534001218802,s275.673693829165472
196_80,s1.719449862838228,s-0.797685111067883,s79.463521374234261
196_81,s0.689642057517986,s-3.203282031403738,s79.593433370257685
196_82,s-0.172604687364802,s-1.585539253406379,s259.494203106774933
196_83,s1.907190336789831,s1.429176344551183,s259.571511533159025
196_84,s-1.371978670966524,s-2.599328584185914,s79.704885831504342
196_85,s3.776875709545668,s3.407931062185279,s76.859932620984281
196_86,s-1.419330503751670,s3.406063115928188,s80.033496565860531
196_87,s-1.373519602581002,s-1.997637928661377,s439.811840680346108
196_88,s-0.169055949928073,s-0.982609411753648,s259.458895592454724
196_89,s3.781735175665193,s-0.223848100955353,s78.884158568808317
196_90,s1.730597544368603,s2.228335777829043,s79.951562469500530
196_91,s2.917568482812931,s-0.995690296914110,s258.845315653802459
196_92,s1.891365138624229,s-3.987529358582640,s259.526036028729777
196_93,s-0.147956674990579,s1.435890101083684,s260.099082108366360
196_94,s-2.378027126600708,s1.028597744543812,s78.650551804357093
196_95,s2.922783808561315,s0.200961888167774,s259.210382792716871
196_96,s-2.402355834984351,s-3.201741203415082,s77.914469908288879
196_97,s0.859779100412775,s-0.982185979081490,s259.460319788320305
196_98,s-1.195634167507116,s2.024758194405561,s260.050798679759225
196_99,s-1.180607373271088,s1.430671567161618,s260.050831962518089
196_100,s0.686554220893544,s-2.002735455144983,s79.588529610971037
196_101,s3.782165071330793,s1.606791214642930,s79.580597818673269
196_102,s-3.254599854430971,s1.453577835151744,s258.796875776099967
196_103,s-1.371662860293613,s-3.201972076952196,s79.872190248759026
196_104,s3.782172153507578,s2.217531096903403,s79.534816698074835
196_105,s-3.242448582997679,s0.859672670081932,s258.650514565034030
196_106,s1.886192409009707,s-2.185444701920314,s259.558740057570958
196_107,s-2.404040651063355,s-3.793774771952518,s436.366655086948185
196_108,s-0.170985158816138,s-3.387828738453085,s259.575208818360522
196_109,s-2.383160260745688,s0.430535960891232,s438.619207138281581
196_110,s1.730177894497428,s0.415452547938184,s439.407402131901165
196_111,s-2.215508449224935,s0.235405611734637,s258.962162182196494
196_112,s2.753027812756088,s-0.199616959099236,s79.244018693727341
196_113,s2.746378391977199,s2.817440692094415,s439.897566276029977
196_114,s0.857537238096547,s-2.786802889751353,s259.605715550583284
196_115,s-3.760484111718741,s1.464008719365336,s340.311295917779489
196_116,s0.687876500667856,s-2.603146985003052,s79.596648244767877
196_117,s1.716622835230150,s-2.001667363808918,s79.575742735450646
196_118,s-1.352689743469494,s0.412065877078799,s79.078192436723029
196_119,s3.781962631968457,s0.383562741686903,s79.208993144121536
196_120,s-0.168005803753030,s-3.987518436414179,s259.535878832596609
196_121,s0.692598893179597,s-3.803663061512927,s79.535915504910122
196_122,s-0.148357806762096,s0.832135627111578,s259.549124289510416
196_123,s2.757703952793275,s0.404106843129053,s79.244104802887335
196_124,s-1.347101221648145,s1.015087890773575,s79.394178690087585
196_125,s-0.341925848039533,s-1.401461333757860,s439.460809248657483
196_126,s-1.177666868342403,s0.830755072209048,s259.512978726363031
196_127,s3.781838660246903,s-2.613152886350404,s79.010748867720054
196_128,s1.858508235964682,s3.223416130696195,s259.995929131076878
196_129,s0.856163240274904,s-2.186410757192519,s259.590920005756800
196_130,s3.781744622104270,s-1.420836382032682,s78.858720987530361
196_131,s-0.343470938698830,s-2.003700559522004,s79.571493213698020
196_132,s0.862036491914305,s-3.987529726246215,s259.525704083187350
196_133,s2.748600921322770,s-1.401558695096113,s439.341436600242787
196_134,s0.822557074010499,s3.223287896310827,s259.967276726969772
196_135,s-0.342265525616380,s-2.603992517216194,s439.562451043645410
196_136,s2.918275721585092,s-2.787398306409890,s259.023573789665761
196_137,s-3.252271298483357,s-2.737290385241439,s255.677644507853159
196_138,s2.920631929498121,s-3.988252774917271,s258.893474795282827
196_139,s-1.183563347238605,s0.226668647877437,s259.381220683301137
196_140,s2.927720177206271,s2.024673790920007,s259.528963290860247
196_141,s-3.692466194921269,s1.211343330576361,s156.490411338096635
196_142,s1.887635794927994,s-2.785709594252614,s259.570351879030284
196_143,s1.892275155615649,s-0.380303738560815,s259.246368347191151
196_144,s-2.230628744204801,s-3.391686722341591,s259.873896920727645
196_145,s-0.333534831526179,s2.214210753515005,s440.179297017248075
196_146,s0.856849657325520,s-1.584821320153491,s259.518027219777139
196_147,s2.761020570050364,s2.224111609571271,s79.559830970435939
196_148,s-1.368677343042125,s-0.794744046999239,s79.163999301528207
196_149,s-2.383725115032451,s-0.164794161681574,s78.932907281990751
196_150,s0.687476117732289,s-1.400939058579548,s79.517983217607579
196_151,s-2.231368611402858,s-0.975702045107951,s259.393303165734380
196_152,s1.722092955016365,s-3.802982021057418,s79.525788598315486
196_153,s-3.202429382361613,s-3.992680870715404,s255.608263534906797
196_154,s1.687508530897138,s3.406099279389546,s79.964361693683145
196_155,s-1.198049478334549,s-0.982875616686736,s259.458071058975463
196_156,s3.781602757847608,s-2.016992958560337,s78.856683674249425
196_157,s-0.155288486835992,s0.226756415658364,s259.397143973417428
196_158,s1.886387503633920,s-1.584309614278964,s259.513273256678929
196_159,s-2.228466977233227,s-1.579050715803224,s259.392177060754477
196_160,s-2.215907235697645,s1.431072774142802,s259.670391018148052
196_161,s-0.338256503116607,s-0.798549063092921,s79.463060255339329
196_162,s3.781841516881700,s-3.210365217211489,s79.015349435494926
196_163,s1.723750736452108,s-0.192126853609655,s79.406782475966253
196_164,s-3.231926806640057,s-0.357459779781426,s258.933074466240214
196_165,s0.866896423655730,s2.043959484882018,s259.985775667863493
196_166,s-0.161902013750249,s2.032136138475904,s260.143672128910680
196_167,s-2.412327685340434,s-0.789210762661568,s79.418740854839143
196_168,s-3.402860293831378,s-2.180679271357407,s268.672892018842560
196_169,s-3.715192814040679,s0.055841572917186,s154.184932833760939
196_170,s-1.351879637329981,s1.613847523081294,s439.813246579271720
196_171,s2.750007305182399,s-0.801183747941332,s79.331072785151136
196_172,s-1.385081666580747,s2.799756831096726,s80.202597679554557
196_173,s-3.294327336515015,s2.622341803908546,s259.972906711362270
196_174,s0.709520322698714,s1.020190487133682,s79.537913122887076
196_175,s-1.213474231705014,s2.617797484631851,s260.176292620505478
196_176,s2.927568137508127,s0.804955666540270,s259.546183782641037
196_177,s-2.219777036598898,s-0.368894064609113,s258.949098347543156
196_178,s0.651608988424905,s3.406216961562439,s79.897840356397239
196_179,s-3.269434067013686,s2.039641677047194,s259.053158777322608
196_180,s-2.395151861619694,s-1.377745673864165,s79.603121703986602
196_181,s-2.230625390681179,s-2.787760903930481,s259.704738556782274
196_182,s-2.421015151753733,s-2.001035916961218,s80.191948044997517
196_183,s-1.248606987073058,s3.221476206664541,s259.972546194245922
196_184,s-0.187856610315940,s2.632756632940614,s259.972059097128920
196_185,s-3.730912783141095,s-3.315081857916489,s153.328188217234555
196_186,s-1.366754307422383,s2.207293470233664,s79.986353883585380
196_187,s-0.162756307139512,s-0.378140508771873,s259.381183357281941
196_188,s3.781192588964611,s2.821316696678889,s80.207430163959359
196_189,s0.865457430795399,s-0.378070582537747,s259.404283575821751
196_190,s0.872593203913934,s0.228223349233460,s259.413326451756575
196_191,s0.712256705991915,s1.626182373887581,s440.090660198768205
196_192,s1.741039660898881,s1.632274354822139,s439.610853608364152
196_193,s0.859300524612107,s-3.386948937745942,s259.604485124726637
196_194,s-0.384214799802822,s3.406209675872275,s79.895332236098511
196_195,s1.889390811213680,s-3.385756117192720,s259.597547960299551
197_0,s-3.855448186210709,s-4.050292584306995,s253.812349467855910
197_1,s-3.034422191928237,s-3.854305903067949,s76.951768202893959
197_2,s1.833995874362776,s0.449346689142412,s74.823236839434898
197_3,s3.854905663868091,s2.831920241649064,s73.442081283344976
197_4,s-3.064666218708610,s-1.836395958060475,s76.721686637207668
197_5,s-1.291469627341939,s3.290339323747876,s55.598147838056001
197_6,s3.258627561587726,s3.402925823426215,s253.447443123465632
197_7,s3.855423318845415,s-0.326971470358313,s75.098600892717769
197_8,s3.855283240765398,s0.872216335122967,s74.702836678767625
197_9,s3.856590932981864,s-2.067929873307076,s77.683952917860196
197_10,s3.856590568854889,s-2.656175385877511,s77.683225826953432
197_11,s3.856137155264186,s-1.484753840227106,s76.786023797708069
197_12,s-3.856590932981864,s-3.394590313228227,s256.797415552466646
197_13,s1.069582908617305,s1.585842745665930,s254.045693018257708
197_14,s-1.165419569189054,s-1.920563079910216,s77.378983472938373
197_15,s-1.146537967799835,s-2.579816313891835,s77.447960654539074
197_16,s-1.107930921985694,s-3.226036139327882,s77.577396194234822
197_17,s-1.048649659267887,s-3.855292586013965,s77.606729379451778
197_18,s-1.972624845614189,s-1.455626979406758,s256.407184861399912
197_19,s-2.921556319843393,s-1.433056561635490,s256.524063403327943
197_20,s-3.856464456766302,s-1.367597995231999,s256.527403008798160
197_21,s-1.194833365857524,s-1.243294710498781,s76.407214562282334
197_22,s-3.063090727516468,s-1.165384704475856,s76.526856699599008
197_23,s-2.125112029406784,s-1.233110957847165,s76.521101822172142
197_24,s0.091703159804863,s1.690293593701466,s254.818186044383054
197_25,s-3.069697789498881,s-3.184654802046543,s76.796171279238962
197_26,s-1.043699374228718,s-1.471868790477213,s255.929233841350339
197_27,s-1.008892179491547,s-2.146393832866251,s257.835032777015101
197_28,s-0.986907993066419,s-2.791761147549759,s257.882717311439137
197_29,s-0.944716685833395,s-3.420482829698600,s257.882118084120464
197_30,s-1.028015159896810,s-0.804606268136232,s255.757318884455884
197_31,s-0.885495461951053,s-4.044723868921978,s257.608791805538772
197_32,s-1.987754372103426,s-0.766933940398399,s255.747323910232979
197_33,s-0.206473527181699,s-1.935755289124912,s77.835256792702566
197_34,s-0.241272289577272,s-1.283128665036129,s75.920371760772014
197_35,s-3.065312391343072,s-2.508955270300162,s76.784291235425314
197_36,s-3.856242249435977,s-0.692136887442323,s256.026417578806331
197_37,s-2.914909157265482,s-3.413163147724842,s257.428210658188334
197_38,s-0.170862929869056,s-2.590026848817443,s77.881498267001817
197_39,s-2.927194528349611,s-0.760353204186084,s255.941212293264726
197_40,s-1.178708652607989,s-0.585268945141306,s75.742785178845182
197_41,s-0.114567892937425,s-3.228532638405377,s77.882517192728329
197_42,s-0.189670219298135,s-0.644800167101619,s75.756992914619417
197_43,s-0.053563817043281,s-3.855464251666858,s77.734122273981214
197_44,s-2.141366336319510,s-0.558675128753819,s75.782937934186037
197_45,s-3.066771599694442,s-0.492665940896968,s76.021072086313481
197_46,s-0.898743275421477,s1.760610915886707,s255.308362204110722
197_47,s-1.020195778104577,s-0.170048800129901,s255.545163940868463
197_48,s-1.960244940078444,s-0.101791786650125,s255.553089647194184
197_49,s-2.873447156820014,s-4.045619860793098,s256.942961731140315
197_50,s-0.206242187954116,s0.005528928854522,s75.543582698360296
197_51,s-2.926720511427906,s-0.079284848160539,s255.726296907798400
197_52,s-1.161027747427018,s0.084999277744693,s75.552418248017588
197_53,s-0.044972551578611,s-2.136989224600887,s257.902308055077981
197_54,s-0.080949498893939,s-1.481635135076235,s256.870717824618453
197_55,s-0.006872532426812,s-2.781861157711568,s258.033668285774979
197_56,s-0.038998201693639,s-0.871431440354606,s256.156872650036519
197_57,s1.891710205285095,s1.737648435811564,s73.837698914146046
197_58,s0.050001913535177,s-3.417284848300289,s258.015944587858996
197_59,s-2.114699461574064,s0.100439463617378,s75.536137025427195
197_60,s-3.856118771250410,s-0.014555987912361,s255.731040233141641
197_61,s-2.917511869530710,s-2.765306673374057,s257.275438223535218
197_62,s0.110009577502659,s-4.044574016700391,s257.723744716074066
197_63,s-0.055906588385742,s-0.212671291330657,s255.519022581490077
197_64,s-3.066732146799181,s0.181654879437848,s75.730766929862099
197_65,s0.807071354433337,s-2.576898898245324,s78.033598095836453
197_66,s0.768707308309726,s-1.933369673201156,s77.903397267153977
197_67,s0.786907612319984,s-1.337395552709551,s76.870928012502205
197_68,s-1.900411041190974,s1.854790998224995,s255.031824244265579
197_69,s-0.015670892347618,s0.395526462768969,s254.906031767589866
197_70,s0.869320858169490,s-3.215789271094085,s78.046668218332442
197_71,s0.772671261891103,s-0.686903344894601,s76.153404732766674
197_72,s-0.989518103274681,s0.488386022616263,s255.468946411803671
197_73,s-3.856584743349446,s-2.715581139309266,s256.784432702082086
197_74,s0.937476998208507,s-3.852684235764342,s77.723992387549387
197_75,s0.814717984759261,s-0.087081887618054,s75.369436356660160
197_76,s-1.953685826557722,s0.566046822127579,s255.514436857255390
197_77,s0.811132261099352,s0.553792909454220,s74.830855857110393
197_78,s-0.157237987714324,s0.649202403006266,s75.458417471291241
197_79,s0.929912212289063,s1.838443588971822,s74.805522869692183
197_80,s-2.893439053171710,s0.585208605335722,s255.533613707753346
197_81,s-1.132275803219722,s0.735605618149115,s75.513766517168079
197_82,s-2.105071939792935,s0.779980097103257,s75.533948433434631
197_83,s-3.856037834999375,s0.662543108734277,s255.529515916105225
197_84,s-3.035985657939815,s0.833308938136881,s75.529516477834207
197_85,s-2.095876308893777,s-3.218908987415215,s77.428051309847248
197_86,s0.034709334631585,s1.046028096309460,s254.824511048323302
197_87,s-0.962572041789166,s1.130741503264513,s255.312653216409473
197_88,s0.971477162852841,s-2.767727897195699,s258.133796657742778
197_89,s0.928030193034107,s-2.145896771770802,s257.976987185205758
197_90,s-2.923063657203367,s1.927847347875152,s255.422643588681808
197_91,s0.946521327220132,s-1.533621262649667,s256.861656133054225
197_92,s0.924298236255613,s-0.910035619927408,s256.289841180896360
197_93,s1.034294595788006,s-3.404039975546223,s258.144606528632835
197_94,s0.868161935103143,s1.197951260010905,s74.810288790559881
197_95,s-1.947622154812116,s1.214766574454639,s255.393032642178440
197_96,s1.101159623805661,s-4.045560705083203,s256.985867627286723
197_97,s-2.114546473448617,s-2.561475129795935,s77.275556071352341
197_98,s0.966920566176757,s-0.296893963427530,s255.211769286680720
197_99,s-0.112411396148251,s1.275978871264535,s75.308971050659764
197_100,s0.960057813699295,s0.338742861306931,s254.825090562380637
197_101,s-0.057449589982652,s1.912523075946105,s75.308450159886149
197_102,s-2.889165851506282,s1.262995396046499,s255.443112648246711
197_103,s1.006513310523403,s0.941177362742128,s254.217811236468691
197_104,s-1.107353572759419,s1.368549360156502,s75.385274405946390
197_105,s-3.856006224239319,s1.311184550660763,s255.448967558964284
197_106,s1.850962043539556,s-3.199646921025403,s78.144543622927998
197_107,s1.810791093500013,s-2.579002497057639,s78.127575692937739
197_108,s1.793437541180106,s-1.985700986127951,s77.977142177808005
197_109,s-2.041139004816438,s-3.855226013158211,s77.698399042139641
197_110,s-1.045107786869467,s1.992436458525053,s75.023077890389175
197_111,s-3.855775824822712,s1.968025186866712,s254.825977777456416
197_112,s-2.055250253251210,s2.055953985227268,s75.416738857552659
197_113,s-3.070793923036304,s2.157484325761500,s74.825978810511032
197_114,s-2.919781309205969,s-2.103576130479219,s257.173159569114716
197_115,s2.015880528146713,s-3.387536226746045,s258.144852289944708
197_116,s1.953623295564513,s-1.569648673073198,s256.817889344582625
197_117,s1.971263290946928,s-2.790648523808643,s257.679502794182270
197_118,s1.957961847551387,s-2.175138007063062,s257.688542948021734
197_119,s1.952158966968446,s-0.967777556435758,s256.182324033563987
197_120,s-2.092952439091738,s1.450851446571672,s75.429478628565050
197_121,s2.070291360072977,s-4.045765575352638,s256.837797817121384
197_122,s2.086377237226067,s2.126258195554245,s252.429953872806919
197_123,s1.954073865473185,s-0.360265871490991,s255.200892165636361
197_124,s2.028571388323948,s1.490851748062176,s253.725334694793816
197_125,s1.983445703440324,s0.849228103122243,s254.238136375691937
197_126,s-3.856558834801295,s-2.041983976448883,s256.729814098861141
197_127,s1.119548645327608,s2.256168314381770,s252.455570695101414
197_128,s1.986695232554418,s0.248104700967603,s254.778779043704617
197_129,s0.154063051748843,s2.331168194696904,s254.805780299934554
197_130,s-0.874475100790863,s2.388781618426140,s256.786745190130546
197_131,s1.795380521586824,s-1.367577523548940,s76.854365308593913
197_132,s-1.940748797185258,s2.465326285424410,s255.512566075177887
197_133,s1.955641877212399,s2.376152740330056,s72.376232007982082
197_134,s2.822013630103387,s-1.426828087194711,s76.813079564527087
197_135,s2.880523540560196,s-3.222816700419145,s77.935187656247464
197_136,s2.822732160088891,s-2.616065773739906,s77.679574702429619
197_137,s2.824032348794485,s-2.019099438184341,s77.688446206767196
197_138,s-2.120408461830181,s-1.898360136653056,s77.171756232775010
197_139,s2.862762085594133,s-3.839377572852105,s76.839805711344823
197_140,s2.820794121264557,s-0.832511653050834,s76.182252322953232
197_141,s2.893313616459579,s2.270299678579558,s72.429882577335022
197_142,s1.793360798511917,s-0.774250875372239,s76.289978323334907
197_143,s-2.944934680255804,s2.563359580492897,s252.331572599029926
197_144,s2.885833424274797,s1.609709577096911,s73.724806226378561
197_145,s2.822459348652689,s-0.235642146104847,s75.193672098885628
197_146,s2.857784243029602,s0.363144566577926,s74.774679789316892
197_147,s2.823465854814163,s0.988552624526272,s74.238961025573943
197_148,s0.973756483762661,s2.493489010029011,s74.803116310269786
197_149,s-3.855165469535319,s2.670172161210623,s252.635466063249424
197_150,s-1.957995102959008,s-2.779652373619081,s257.447975749134741
197_151,s-1.038993376083571,s2.581426654171737,s77.855529400511799
197_152,s-0.006708176851209,s2.532237287385859,s76.785932527867814
197_153,s1.910202194253691,s-3.849416919073994,s76.985881122049392
197_154,s-2.097847735734054,s2.672187662404643,s72.331575528515174
197_155,s-3.069983605821680,s2.834914760752460,s72.635567795526043
197_156,s2.086569577412837,s2.789322908561264,s252.620874901321912
197_157,s2.926827050544500,s2.907814459738226,s72.628841433936415
197_158,s-0.843688180733036,s2.990161910953039,s256.777229651627124
197_159,s0.199595152394377,s2.987235979171309,s254.819492409643118
197_160,s1.233768975023861,s2.929527307243997,s251.337031156416799
197_161,s-1.968857538515678,s3.077150643998243,s252.334579973523148
197_162,s-1.934471472503984,s-3.416827981878617,s257.579207663971317
197_163,s-2.833702557232983,s3.207230546765272,s252.331575074694626
197_164,s-3.038685146887357,s1.483049554496219,s75.448964883508083
197_165,s-3.854842028081205,s3.391584258088137,s248.952784273165889
197_166,s3.027015612794698,s2.016470871939795,s253.276391504172693
197_167,s2.979012400039323,s-1.027038783868758,s256.207394931713168
197_168,s2.982505582102595,s-1.618723241053974,s256.785972510963290
197_169,s3.025473311628248,s-4.061926911212900,s248.056696174087676
197_170,s2.985687510409678,s-2.216390914767441,s257.684277672128360
197_171,s2.986128762802005,s-2.805310716575375,s257.683224896315096
197_172,s3.038575315571996,s-3.443106664993356,s257.467707891832333
197_173,s3.025948119784942,s1.374007387328108,s253.296332115896575
197_174,s-1.966373135141872,s-2.127016376646753,s257.379782065243148
197_175,s1.804498845129784,s-0.143339202317833,s75.205316142486396
197_176,s2.977190862657635,s-0.433374930691145,s255.098807037209468
197_177,s3.063736184392777,s2.662954553441018,s253.435389752138946
197_178,s3.008939901767630,s0.156540203918942,s254.696696088203765
197_179,s-2.090000942511196,s3.411070430347245,s70.260536279696097
197_180,s2.973524136717200,s0.776814975521731,s254.702755273727576
197_181,s0.026009922905091,s3.189779451444481,s80.040055074146466
197_182,s1.156109233743603,s3.427874525273326,s113.084580370905627
197_183,s1.404918790857743,s3.371002190537626,s294.680914961292217
197_184,s2.636333340710915,s3.429194295527799,s293.629377969974996
197_185,s3.854865762489863,s1.510399808281798,s73.285638097877325
197_186,s1.841820134826385,s1.084029879968061,s74.210926760334885
197_187,s-1.877641932380572,s-4.044724042315746,s257.608769764668125
197_188,s3.855872195123306,s-0.905067223133592,s76.207121225772923
197_189,s3.854865345579855,s2.153571772747934,s73.283798321294157
197_190,s0.279555366438436,s3.427902445430981,s293.096087971209613
197_191,s3.855282844828026,s0.296753256434238,s74.696778715462216
197_192,s-0.990920662951126,s3.429193943765730,s293.629238876985653
197_193,s-2.979084636049250,s3.423199695464638,s68.952783197508168
197_194,s3.854448450942010,s-3.993038591862289,s68.056696162875838
197_195,s3.856477217935287,s-3.247577846292806,s77.468292541531554
197_196,s2.339294042796225,s3.461926911212900,s124.650495801860387
198_0,s1.817803958435445,s-0.827798502289395,s76.414651343224961
198_1,s3.873785874173572,s2.877007334426247,s74.583162597310775
198_2,s-1.995291969295754,s0.759935801189367,s73.207033480915797
198_3,s-2.950709696962579,s-3.419337365695061,s257.570112916080689
198_4,s2.076772083745720,s2.144705027975204,s254.568022781255735
198_5,s2.846113841586970,s-3.861097183877720,s76.946602209805206
198_6,s-2.848168566459895,s0.644312705415959,s253.183800508353869
198_7,s-1.729165823841696,s3.005308529144114,s257.248430139257835
198_8,s2.051521162188338,s2.799197889084250,s254.779946602833860
198_9,s0.186107234470880,s1.644626833067696,s255.171919082669632
198_10,s1.115949606669378,s3.455400420725088,s113.348554355408098
198_11,s-2.164299951521194,s-2.567003201165404,s76.506593966294389
198_12,s-3.080358232360526,s-3.858757356501236,s75.023713161794149
198_13,s0.982359237385206,s1.159499649386113,s75.159128284588320
198_14,s-1.803948972444495,s1.789154551813991,s256.284624866648471
198_15,s-3.089840979935951,s-1.772473033324085,s72.612455982172889
198_16,s-3.025126551105656,s-0.624831300442345,s252.255920197786878
198_17,s3.873833270706964,s1.584149925837664,s74.714374526119997
198_18,s3.057259625191044,s1.420210910607005,s254.735758958146192
198_19,s0.167012398020801,s0.989479358224250,s255.153843515239942
198_20,s3.068057479685438,s0.119916017412242,s255.189760923302345
198_21,s-0.880818076722147,s0.431370670538643,s254.778244056547607
198_22,s-0.240720085447595,s-1.330212392131616,s75.593300042923943
198_23,s1.263906482106134,s2.968677926294782,s273.198314873864661
198_24,s-1.943393631360810,s-0.103745965961518,s254.484085983566700
198_25,s1.908201061503078,s0.441548528701268,s75.194990368652313
198_26,s2.912958641513784,s1.658651865633536,s75.159936463053171
198_27,s0.992306921927740,s1.821702497789307,s75.169194639106252
198_28,s-2.776372860341358,s3.048433408654167,s255.391644833700809
198_29,s-3.873745687492455,s0.779647126639995,s253.468310780088473
198_30,s0.822460699778360,s-0.774850641455750,s75.139192137119451
198_31,s-0.164966076889312,s-3.234680151026381,s77.633429875147726
198_32,s-1.087738360207671,s-1.481466309144654,s255.596949917771724
198_33,s-2.008134306171200,s-2.786182922405922,s257.188260926274666
198_34,s-2.925872729381577,s-4.055745338266936,s254.916305230330977
198_35,s0.783070721981735,s-1.408717951793767,s76.968555559803860
198_36,s-0.256663575272219,s-1.950858224701096,s77.446977713385849
198_37,s-0.210642383218831,s-2.598222471917201,s77.622296481018594
198_38,s-1.989919029007222,s-2.131092259853367,s257.033627155815566
198_39,s1.121822301516814,s2.227294578680183,s254.529853692591104
198_40,s3.874688551614765,s-3.908991348834152,s76.800641779040006
198_41,s3.007137203292170,s-4.052933215135125,s256.800642125243712
198_42,s-2.977136019655402,s-2.754783119315090,s256.506592066083726
198_43,s2.924783573067106,s2.910628394620189,s74.784854159139940
198_44,s2.840277052012723,s-3.269609845389397,s77.562688017540879
198_45,s-1.986223887388186,s-3.424052495727926,s257.592523922482712
198_46,s-3.875056207854565,s3.084025878606947,s256.964056373705887
198_47,s0.089344172121625,s0.365491204256708,s255.137791785035347
198_48,s2.056127056743569,s0.218013098733135,s255.196897900287667
198_49,s-3.873480069186427,s-0.651061778910543,s252.277315923813035
198_50,s1.804667166454230,s-3.224525803502584,s77.566787124811754
198_51,s-2.992949907590535,s1.455946288628572,s75.159809249675902
198_52,s2.897000972633509,s1.016808900056464,s75.185861286874243
198_53,s0.021157609387817,s1.220565074350732,s75.042089152853549
198_54,s2.842444615681819,s-0.905119368537282,s77.210991191412873
198_55,s1.963900288836897,s1.083551347044942,s75.174601876106294
198_56,s0.948134024725105,s0.502190451244314,s75.160541544111084
198_57,s-3.869348119509199,s2.507963279199953,s256.220443707899108
198_58,s-3.873587051910643,s-2.651098803701935,s252.807810306083184
198_59,s-2.836959369936930,s1.855269235270496,s256.272107386710161
198_60,s-1.156839120627559,s-3.235097615871568,s77.592439774966621
198_61,s1.969607359177036,s-2.825682833036448,s257.472310484422678
198_62,s2.029978570725674,s-0.433837927647022,s255.742638420413641
198_63,s1.939790041241395,s1.738574295318332,s75.173305486617934
198_64,s1.015048206281040,s-0.350822527325006,s255.539650107960455
198_65,s2.855652663589172,s-0.264717823256134,s75.742662444223811
198_66,s-2.012051171872432,s-1.440457340494773,s256.417098698588688
198_67,s-3.352209562946694,s3.458306869889771,s66.658499113916307
198_68,s0.866534834644809,s-0.123650335579282,s75.132724573569149
198_69,s-0.935569245474657,s-4.052022117632858,s257.470525421242542
198_70,s-2.926082017289377,s-0.000335081809179,s252.603394107869406
198_71,s-2.854291717816153,s-1.373162276387040,s252.606290790154389
198_72,s-2.837291187977456,s1.259528841568259,s255.356312385388293
198_73,s-1.853783014837263,s0.515646019883434,s254.500866056897735
198_74,s0.048692525697781,s2.544887803637347,s77.254045387788281
198_75,s0.775358305530741,s-2.003304184510857,s77.486807812552613
198_76,s-2.986123333398293,s2.637944689057642,s77.188993688779249
198_77,s0.938146132827507,s-2.193139563228488,s257.498909843679485
198_78,s-1.968432848743278,s1.385153745904166,s75.345636334929097
198_79,s-3.874280008093994,s1.354135688242245,s255.159720351758068
198_80,s-1.068267915533652,s3.327883846611232,s304.383098500611140
198_81,s2.842922339305920,s-2.091597676075799,s77.436842530091283
198_82,s0.945295402377758,s-1.601901130505331,s257.374734682170072
198_83,s-0.015199575984797,s-0.927487888275540,s255.144547809433760
198_84,s-1.192913608104429,s-2.592073692818036,s77.187958532697650
198_85,s0.200302768602159,s2.306295472732173,s256.857447013045942
198_86,s3.005587035439218,s-1.690413528029920,s257.437227606336251
198_87,s3.873829977199700,s2.208948328245262,s74.704775593724662
198_88,s1.488390717313106,s3.430916279372839,s295.844679214194912
198_89,s3.005064676639159,s-0.493352016344956,s255.988664015403202
198_90,s0.981917804548562,s2.521101974025085,s76.886442587640914
198_91,s1.967683151267924,s-3.414080007970641,s257.563604595052084
198_92,s0.935657845351488,s-2.782380677149322,s257.529746861029707
198_93,s1.130889057564608,s1.563543651785351,s255.170917211022555
198_94,s-0.003322782784691,s3.218719228952247,s85.057449470601640
198_95,s-0.001730503670616,s-3.424033117899842,s257.633618325581267
198_96,s0.056991812869915,s-4.051874323709743,s257.582552161329090
198_97,s-0.849855724792741,s2.961959971342165,s265.057088822828177
198_98,s2.921436344717677,s0.347859465541244,s75.192265080343532
198_99,s-1.927249319025035,s-4.051847048611357,s257.603340174110372
198_100,s-1.031746275024333,s-2.793337677811997,s257.622366212898385
198_101,s-1.078776139758602,s0.019281962159932,s74.486054321035894
198_102,s3.004107120366175,s-1.097092823743150,s257.248298791510194
198_103,s-2.925729136987691,s3.459007503067731,s293.629389587483615
198_104,s3.315294068243056,s3.442224577339138,s254.589176445370612
198_105,s-0.930533691690074,s1.917804431494348,s76.277196123613763
198_106,s0.042979783274293,s-0.286977587095771,s255.126961835500111
198_107,s-2.144859201992646,s-3.214145898595665,s77.569963359277679
198_108,s3.874001584919749,s0.297395571666327,s75.184923487436706
198_109,s-1.065189665714419,s-2.152754968936347,s257.447923569103921
198_110,s-0.095781953384754,s-2.149214641492658,s257.482781521730487
198_111,s0.772724840598248,s-2.591925898122377,s77.584165979775435
198_112,s3.040570333693063,s0.777320618993956,s255.166389396142250
198_113,s2.843824074612530,s-1.496794838954163,s77.434250177885403
198_114,s3.003841142665177,s-2.870470704376890,s257.443829505647670
198_115,s-1.026942965743857,s-0.841000342290663,s254.769123634395243
198_116,s-0.106204642264408,s-3.862345271820517,s77.616543269765643
198_117,s-1.962685028516432,s1.982331776420046,s76.275610445605409
198_118,s-0.085267675879614,s-1.553377481053628,s256.974698448510139
198_119,s-1.789432447047468,s2.378030988415484,s256.632442656583351
198_120,s2.609911747784779,s3.418691982705734,s296.821563006927533
198_121,s1.869007836834917,s-3.858165626770639,s77.491262748066333
198_122,s-2.970619641043417,s-2.061032963692336,s252.609659130393197
198_123,s-2.088455227943130,s0.127934292490288,s73.103117573785013
198_124,s1.973270598319561,s-1.051029458931295,s257.211243953677524
198_125,s3.875005631336501,s-2.133862266270638,s77.437481740564252
198_126,s1.093777426826141,s0.270469159599721,s255.189487923932717
198_127,s-1.098736337791230,s-3.862102146656244,s77.593457546276753
198_128,s-0.933583722279007,s2.545761543042126,s77.248357146236373
198_129,s-1.229454042439331,s-1.229107961826168,s75.575374604241276
198_130,s-2.016359011825307,s-0.736992794003757,s254.471347760632426
198_131,s-3.053769884209103,s0.262507036492709,s72.273194199280510
198_132,s3.005464701892781,s-2.281706314052852,s257.437388981938568
198_133,s-1.380256822728745,s3.458940662729710,s66.397985649221880
198_134,s1.976209773973065,s-1.647634642755236,s257.434275503225763
198_135,s-2.992853175318143,s0.861038823529080,s73.468323529507288
198_136,s-0.993595764449404,s-3.424660484552190,s257.633391362932855
198_137,s-0.775002561526617,s1.706475230319553,s255.321543084498870
198_138,s-1.216376939610016,s-1.908947675230671,s77.020052083977987
198_139,s-3.871226795955356,s-4.064720127124358,s249.398790986559789
198_140,s0.184878052838595,s2.986800418388866,s258.247288795143049
198_141,s-2.090667639032924,s-3.862346726824733,s77.677085567587127
198_142,s-3.873999325285116,s-3.364709781409318,s254.343008190874855
198_143,s1.878990400302587,s-0.214859399488800,s75.539922913821158
198_144,s-2.167674669506688,s-0.524570067371055,s72.330628721627775
198_145,s-0.165378300569715,s-0.711665075929294,s74.767304933732916
198_146,s-0.771955285280019,s2.353837139511306,s257.249357516435055
198_147,s-0.835249387902105,s1.083535532311792,s255.047458683059972
198_148,s2.361118586230675,s3.464720127124359,s115.863512068740221
198_149,s3.875005455027550,s-1.542379724472927,s77.437157290638169
198_150,s0.241171279729631,s3.459001594771006,s293.629846873907525
198_151,s-3.169964138442107,s-0.420992515633501,s72.273340787220874
198_152,s-1.820554349027444,s1.158697677634249,s255.074369414004821
198_153,s-2.995652710651020,s2.048447315534554,s76.272237471173980
198_154,s1.809153903157563,s-2.046877916515998,s77.493861191687273
198_155,s-3.874595196748828,s1.927136928446789,s255.993138131558567
198_156,s-1.893271409639071,s3.196235728586122,s77.808740454810319
198_157,s3.874321028200661,s-0.361289584422369,s75.986767463002877
198_158,s1.806724010164096,s-2.635831553591065,s77.519724759998397
198_159,s1.048304380579779,s-4.051994908209080,s257.491085694801654
198_160,s-0.981973282713326,s1.309730273984850,s75.073477172448889
198_161,s-2.150099819684137,s-1.140742250792077,s72.604574434919527
198_162,s-1.949159578601693,s2.573000483531284,s76.267444906334347
198_163,s-3.116805856801070,s-2.460716218579588,s72.800069110475519
198_164,s-3.873473609756476,s-1.249562694833547,s252.243686469028518
198_165,s3.027473766932839,s2.068637045043803,s254.704899746037711
198_166,s-2.152791289099445,s-1.923984922789026,s72.609193960961022
198_167,s-0.934897015604825,s-0.215001920960752,s254.768349151386673
198_168,s0.819758614519672,s-3.229044375966350,s77.630394383629366
198_169,s-3.104249278754031,s-3.168616456340449,s74.342945426915406
198_170,s0.983015629840934,s-3.418630742007442,s257.569402780784060
198_171,s-1.024431716213910,s0.666702147291570,s74.503006256440671
198_172,s3.075265149772492,s2.700833374518882,s254.583996552571051
198_173,s3.874908608135562,s-0.953351647497515,s77.248117648920939
198_174,s-1.169114060949867,s-0.600388644516065,s74.471418027536146
198_175,s1.971901251517255,s-2.237105536048531,s257.436795490596921
198_176,s0.976937216042382,s-0.993983356674748,s256.415287031568596
198_177,s3.875008805351166,s-2.725114286741063,s77.443618981559879
198_178,s1.128330703833724,s0.928766761620483,s255.183578101596538
198_179,s3.875056207854565,s-3.313309314859174,s77.544325326888782
198_180,s1.814375610116749,s-1.454027125038941,s77.374635845132360
198_181,s-3.873555624443835,s-1.938881228755371,s252.661048864359913
198_182,s2.031426643078111,s-4.052730892502714,s256.946482313886975
198_183,s-0.104534887384758,s-0.061419717659718,s74.769927279615032
198_184,s0.885178681513246,s-3.862157464525964,s77.585468311646181
198_185,s1.936844389247466,s2.389945704256385,s74.519220926895400
198_186,s2.886509190728086,s2.312020200821295,s74.575209851878441
198_187,s-0.047445855556043,s-2.787676263123431,s257.613825717358964
198_188,s-3.000378295923988,s-1.168882863437977,s72.243435348095275
198_189,s-0.057045291624392,s0.594157402311581,s75.038881468320852
198_190,s-3.873479398518930,s0.131191102034768,s252.273250675392376
198_191,s-2.821937451640895,s2.443508413644264,s256.272273461718385
198_192,s0.040338538985368,s1.878424026538080,s75.328277510851521
198_193,s3.873990663203394,s0.933464611249136,s75.165608669228746
198_194,s2.083408574415043,s1.499447034294687,s255.171150325936225
198_195,s2.841125827822923,s-2.680554824839598,s77.471897712028507
198_196,s2.103693119582625,s0.829692574732646,s255.187303653547815
198_197,s3.003277963670618,s-3.459165073369773,s257.562384030532542
199_0,s-0.164247160902974,s-3.245363589760411,s77.193795169107119
199_1,s0.027702617674348,s-3.486409779651341,s258.468714453456187
199_2,s2.866994572491586,s-1.487199762371928,s76.799273304905995
199_3,s-1.947543688863150,s-0.804680479463637,s256.684856609939686
199_4,s-1.995214053843108,s0.665653695603200,s77.154224493000513
199_5,s3.083910142941571,s0.210878321184911,s257.176003407898634
199_6,s1.838124527888960,s-2.046772852159979,s77.343520015569581
199_7,s2.116344073278060,s-0.382596640984109,s256.814574048932514
199_8,s2.949582468745031,s-0.205838179845354,s76.816146796630093
199_9,s1.963243339056341,s-0.159177888953043,s76.803938447942343
199_10,s1.989122876683320,s0.467376893169332,s76.855331441895430
199_11,s0.034190241575888,s1.851436695137869,s78.726278455186176
199_12,s-2.859502330638463,s0.512579393959025,s257.150506040896630
199_13,s-2.086363527516822,s3.060263526798784,s77.807806815235864
199_14,s0.159904068022261,s3.470990336295086,s293.634776014090392
199_15,s-2.050426753647284,s0.048044348393607,s76.479422847557402
199_16,s2.133425398499122,s0.926266236956692,s257.179577009981642
199_17,s0.795486431255188,s-3.228114788359337,s78.862229594213176
199_18,s0.932958654360144,s2.532863358524226,s77.525030632267175
199_19,s-0.792283155052373,s1.028536197629020,s256.961671501155251
199_20,s-1.896815042269617,s-0.173074801224701,s256.714523699464110
199_21,s-3.889425399590775,s-4.083823551426372,s251.050533773983375
199_22,s3.018960357191102,s2.766122391480553,s256.406554507360454
199_23,s1.822917446187492,s-3.239869584342673,s78.523957332405686
199_24,s-3.097833098071611,s-1.171265739065527,s76.455702001293943
199_25,s0.113671252467580,s-0.287201609071209,s256.762211885829629
199_26,s-2.940145666230519,s-0.758458074584354,s256.479721949510349
199_27,s-2.858395332416422,s1.703207765156031,s257.427297077738444
199_28,s-3.071204265972552,s2.529677550747492,s77.449727851155174
199_29,s2.861049877153901,s-3.881383953323075,s76.926451629134675
199_30,s-1.986410208659174,s1.260025434971116,s77.423131570692917
199_31,s3.891501250957165,s-0.919879312208827,s76.777340778368909
199_32,s2.937212560100793,s0.467652230152056,s77.155766512639062
199_33,s-1.994206771449260,s-2.099869377974517,s256.859289096737939
199_34,s-3.891724764358307,s1.746949765824190,s257.452616665856112
199_35,s2.947088236311860,s1.121442066458677,s77.180762989157785
199_36,s-3.432904430854641,s3.355103461201316,s56.921282098659375
199_37,s1.917183413357542,s1.777117321067795,s76.764108539237924
199_38,s3.074337817017831,s1.532861855597833,s257.238715113271724
199_39,s1.117032480839272,s2.955890401708783,s253.457643440767896
199_40,s-0.844718357284521,s2.268875528027635,s261.007016496694746
199_41,s-0.078942128047423,s3.165945451812261,s85.981577232658935
199_42,s1.020298134281828,s-1.587385097125702,s256.794705914507233
199_43,s-3.869014495878714,s2.986031753267268,s257.449727974158179
199_44,s1.922200971953024,s-0.790293057474590,s76.786020477638445
199_45,s-1.101239657848462,s-0.638785792946106,s76.702080462728404
199_46,s-1.157913368219481,s-1.272905176368130,s76.684099774238433
199_47,s-0.893794603197581,s2.868373611027020,s265.864567733591571
199_48,s-2.102350320651248,s-0.589216461218617,s76.479272909264367
199_49,s-3.085924491520289,s-0.509231700260515,s76.475698457438725
199_50,s1.972300904883876,s1.121636011215448,s76.891159741466780
199_51,s-2.960647475016981,s-2.079119094818503,s256.513390733235724
199_52,s-2.150824734402363,s-1.889034337009246,s76.514427583416463
199_53,s-2.914818071463112,s2.304925228858818,s256.298499659303161
199_54,s1.979993464874427,s2.846957526266382,s255.917669494611630
199_55,s-3.085530272555068,s-3.880329333055535,s76.063822139979948
199_56,s3.891724764358307,s1.726050873259681,s77.232919451742021
199_57,s3.023925041380137,s-1.699644656819580,s257.101472268972941
199_58,s-2.891414083393369,s-0.118855824782673,s256.479089107770960
199_59,s3.891709161365170,s1.077250369799015,s77.201996396299364
199_60,s1.076728456469435,s2.246167953045217,s255.689628002823724
199_61,s0.194455518784872,s1.619122369252991,s256.689299235007468
199_62,s-3.891178105385437,s-2.733601428473219,s256.334511635071749
199_63,s-1.896655280020996,s2.273086027923080,s260.974704786507857
199_64,s1.117830660447224,s1.576534601572782,s256.764391468745657
199_65,s3.891605086122531,s2.310983786750950,s77.202899182281996
199_66,s-0.221530639972281,s-2.594036977940203,s77.144693470869356
199_67,s-0.207092451589453,s-1.946227239935517,s76.865288923225052
199_68,s0.962922438686158,s-3.414988281741362,s258.572725176258757
199_69,s3.020599496024262,s-2.890063209663339,s257.099625491266011
199_70,s0.909129089993126,s-0.752295552712644,s76.761613964887701
199_71,s-0.057142389280456,s-2.795739674225357,s258.383726192938639
199_72,s-1.019073898866975,s2.448471856445869,s80.979099339969821
199_73,s2.012286163521845,s-1.648253818315351,s256.801696606352550
199_74,s3.891661575911967,s-2.148007527621276,s77.106867502290243
199_75,s-1.024436621087179,s-2.796455132782443,s257.148072512715487
199_76,s2.909522010010117,s-0.847723323541292,s76.803506019338400
199_77,s-2.952255483230160,s-1.421577583819881,s256.484864084498838
199_78,s2.047183033224784,s-4.074469226169285,s256.542878968364732
199_79,s3.891490571058585,s-0.250489191947835,s76.815868106268184
199_80,s-2.979311234075163,s2.944622926420399,s257.807805689151564
199_81,s-3.891236354347330,s-2.059829634825781,s256.449904084085233
199_82,s3.891659902839435,s-2.748334823719154,s77.103479196071333
199_83,s3.022053639167705,s-3.481935432760179,s257.107651893216769
199_84,s-3.018651063204737,s0.714313411640084,s77.129899645278854
199_85,s-0.004532759408239,s2.492974823991132,s81.017966984020646
199_86,s0.960670883532980,s-0.120826195179231,s76.774858446092821
199_87,s1.989839326518989,s-3.431742693179662,s257.134763747045952
199_88,s2.860922694822072,s-3.289501227750253,s77.103910161224235
199_89,s2.023250128085894,s2.202674475753904,s255.815267063400739
199_90,s-0.991657860606847,s1.860236307897992,s78.671171647787304
199_91,s3.017788285590697,s2.171567326817029,s257.231023426424372
199_92,s2.855205430391840,s2.368495965263444,s75.688972295061944
199_93,s-0.992819360171624,s0.614851358895780,s76.924388231567804
199_94,s-0.955449488173744,s1.225786541555075,s77.800383689908458
199_95,s-2.148255806696160,s-1.227577262041419,s76.486683108505375
199_96,s-3.891248031109222,s-0.702133884495600,s256.475535296510486
199_97,s-0.824899522270442,s1.673587142827176,s258.713273830736114
199_98,s1.824379264980085,s-2.648303319836358,s77.920579872080395
199_99,s-0.148113848116959,s-1.319663430410946,s76.761423075101746
199_100,s-3.891560415218106,s0.575259039096157,s257.129789060357439
199_101,s-1.037121913518677,s-0.017207281622807,s76.723293330526914
199_102,s1.861205183559586,s-1.416458611763845,s76.791613836103991
199_103,s-2.169480501082380,s-2.547916932391998,s76.524104192720358
199_104,s-1.197598537198478,s-3.198175909423714,s77.255981944755561
199_105,s2.859636518075787,s2.960885892557680,s75.919259232090099
199_106,s-0.050172831505934,s-2.164235946749232,s257.399642548281577
199_107,s1.012082882260082,s1.157320199687447,s76.872760254057596
199_108,s-3.891723278130258,s2.336214943724928,s257.449727501238783
199_109,s0.171261719428091,s2.297095147405642,s257.506891651406193
199_110,s-1.035611182220927,s-3.388624910002159,s257.249217473600197
199_111,s1.892722513979756,s-3.846970618395169,s77.238959979878231
199_112,s-2.856804600428326,s1.113643130414756,s257.417407022540203
199_113,s2.146630784073170,s0.256343537092285,s257.153854458629553
199_114,s0.017742305476869,s1.223730689071845,s76.956925282744294
199_115,s1.141089187427611,s0.300797033511531,s256.854535567686185
199_116,s-2.042507862953514,s3.471080981069668,s293.629369332577596
199_117,s-1.175417862963889,s-2.559012178392577,s77.137881640975735
199_118,s0.861964623042378,s-1.386409656794906,s76.756472915243322
199_119,s-2.945787783300152,s-3.418384413379341,s256.505121493884531
199_120,s0.168394019152137,s0.987236148741319,s256.882174108022241
199_121,s1.988976731246097,s-2.840025166696881,s257.084541838944517
199_122,s0.812560370033096,s-2.006073071511715,s77.398730436786266
199_123,s-0.995106325468977,s-4.076550961942296,s255.149202833203759
199_124,s2.229829836574326,s3.501784219590350,s124.313457846970138
199_125,s2.075941207803978,s1.568217244360321,s257.176597891434767
199_126,s2.073315564793934,s-1.022342683375539,s256.807409258973394
199_127,s3.891661983130328,s-3.337874195701497,s77.107651337350902
199_128,s-1.992753730430286,s1.857077477816766,s77.427389693280361
199_129,s1.163782862534740,s0.926133750436672,s256.895089334698810
199_130,s0.114809772172298,s2.984398776932494,s260.879438917575101
199_131,s-0.075593500417508,s-4.094204671911301,s246.370624344773944
199_132,s-1.089135402927744,s3.060254559598472,s77.807048950339492
199_133,s1.059770590444305,s-4.057024665058391,s243.444472900097395
199_134,s-3.891248207256093,s-0.042204994782450,s256.475882320033747
199_135,s-1.822652316234916,s1.069806615164681,s257.740066328980276
199_136,s1.117831202818681,s-0.327094496234318,s256.810582556085478
199_137,s-1.839712714196421,s0.446592613586485,s256.918120878097625
199_138,s-1.180570654915012,s-1.908451353423448,s76.859779868979004
199_139,s-0.231671533215420,s-3.866966500665637,s75.149955535842309
199_140,s3.891695999572118,s0.410134385629400,s77.175771141636915
199_141,s0.956558073178464,s-2.804200298764568,s257.922997568101152
199_142,s-0.946600349850384,s-0.855085838378360,s256.756429123765884
199_143,s-0.086961189331608,s-0.698705050398001,s76.753537049624597
199_144,s-2.950099744533149,s-2.759412083720912,s256.517858981813561
199_145,s3.891330051458334,s2.897823417298512,s76.408310262346703
199_146,s3.891658255833665,s-1.552653518647181,s77.100196922339819
199_147,s-0.882605561015411,s-0.233377706407720,s256.730119913129613
199_148,s1.067853614649526,s-0.951408778066852,s256.785738291279074
199_149,s-3.891236573858310,s-1.372662841214631,s256.450325140045209
199_150,s-3.040311703882289,s0.117384978982596,s76.476021171684351
199_151,s1.034911837142947,s3.468726588467297,s113.406945194387120
199_152,s-1.922535663534915,s2.871404642564880,s257.812408386493644
199_153,s-3.021044477565790,s1.893169660261830,s77.452617357727902
199_154,s3.022140445933955,s-4.074608587122956,s256.445193664667499
199_155,s-2.007473773339854,s-2.740964523608449,s257.166949397474809
199_156,s0.988658670601568,s0.527637668054941,s76.858657880443644
199_157,s3.095051988104098,s0.869732556868502,s257.203625711589552
199_158,s-3.111158702508316,s-1.848768403599147,s76.450102230115832
199_159,s1.311995239751900,s3.425323107857428,s297.259170230590200
199_160,s2.859473009764302,s-2.697638191891516,s77.084550934870563
199_161,s0.011070413604462,s0.566813648942010,s76.907130294491893
199_162,s3.026730193724148,s-2.299513733510302,s257.106867633787886
199_163,s-1.001349584632472,s-1.481283679310363,s256.763571901946364
199_164,s0.791613528049593,s-2.610363350820089,s78.383563373189062
199_165,s3.392573848116225,s3.423275316966438,s297.317711681521644
199_166,s-1.826395600223882,s1.661679791661498,s258.630835365738392
199_167,s-2.073516180183817,s2.469339894699298,s76.292018413735249
199_168,s-1.045271199058411,s3.471072783922303,s293.626027013539101
199_169,s1.998242936125261,s-2.247970300470019,s257.105002287042169
199_170,s-3.100938513776699,s-2.530061774122613,s76.418920228116576
199_171,s0.066143138513647,s-0.921377573752126,s256.760402253351572
199_172,s0.164602865201506,s0.343713875342415,s256.854800395346160
199_173,s-2.927336303603375,s-4.075893741079357,s255.574916489376704
199_174,s-0.039569950715932,s-0.064681646767457,s76.731071648661057
199_175,s3.096712605246986,s-0.455001542518069,s256.797176640582222
199_176,s-3.891069444953684,s-3.408095763205756,s256.072668508146364
199_177,s0.004375353892338,s-1.544952874739586,s256.766587541348144
199_178,s3.056990590070236,s-1.095229869283797,s256.779815174239275
199_179,s-3.891699629231421,s1.160632875189361,s257.404885102603146
199_180,s2.554077163615436,s3.471037883141861,s293.632747246638985
199_181,s0.973785227168759,s-2.201907060135370,s257.349954024625674
199_182,s-0.837401367337989,s0.399862185482109,s256.905344340175645
199_183,s2.916714295515585,s1.744024735572017,s77.176395593613165
199_184,s1.875233780450378,s2.435067673323777,s75.689880681006628
199_185,s-1.155618004729192,s-3.878932650628458,s76.626624326527519
199_186,s-1.994121861613279,s-1.445859196286699,s256.684053181088416
199_187,s-1.027477739102793,s-2.132842092201765,s256.867930953798691
199_188,s-3.107089685334428,s3.441849325973094,s271.457635802313348
199_189,s-1.977499268272434,s-3.418253983558190,s257.256166291656484
199_190,s0.813805141479913,s-4.101784219590350,s63.444472901825790
199_191,s0.972832167778252,s1.834054536702192,s76.685112400204545
199_192,s-1.960063424963686,s-4.074468894289588,s256.543110895494920
199_193,s3.891346792558448,s-3.937325006401311,s76.445193960675439
199_194,s2.866731914224273,s-2.102150723687928,s77.104870498953716
199_195,s-2.119673274454326,s-3.881729637875221,s76.502235483553548
199_196,s-3.101698115072174,s-3.207894218752469,s76.080887620845587
199_197,s-3.019330590894547,s1.303658785987696,s77.404911348213517
199_198,s-2.139843163032007,s-3.225107745410155,s76.518964070517612
200_0,s-3.103436787702300,s-1.208050103118655,s77.120516165598517
200_1,s-2.957584630427105,s-2.141844342911197,s257.125615529005586
200_2,s2.036346560445319,s-4.077466655552104,s257.111302412143914
200_3,s-0.803482034250392,s0.993876827347325,s257.917850296020447
200_4,s-1.184258789983149,s-2.607232089532144,s77.668302366775350
200_5,s-0.159205741259715,s-3.248036262854724,s77.680682111033022
200_6,s0.120732335891485,s2.229228221646366,s258.263866605177157
200_7,s-1.077857753742968,s3.065622581970959,s78.490066037132905
200_8,s3.897577719904485,s1.752821857964537,s77.970048491710784
200_9,s-1.885774653596022,s-0.212861552072154,s256.724585038758164
200_10,s-2.956951414900214,s-2.801156232571127,s257.246519239266149
200_11,s2.953932108761369,s0.455910500406302,s76.883614861885846
200_12,s3.896926210959067,s-0.925764450047785,s76.696850171150814
200_13,s-0.093538369739224,s-3.885411556407443,s77.582456411240940
200_14,s-2.862922278028355,s1.650147076261671,s258.224623549237037
200_15,s-1.155186749122994,s-1.309323591994123,s76.780684045345652
200_16,s1.137320081668821,s-0.329545967461548,s256.728207815152530
200_17,s-2.957332796137008,s-1.468141589332423,s256.812075002113033
200_18,s-0.822012423274948,s0.371351825354565,s256.832967320509852
200_19,s-2.062242827181440,s3.051187301972769,s78.478642546046871
200_20,s-2.863734461362955,s2.241590752019035,s258.340190995938372
200_21,s0.015662220323873,s-1.557559026515031,s256.887966233348550
200_22,s3.072893212648788,s-1.107673448489287,s256.696844724585787
200_23,s0.945061558915600,s3.479004726508423,s293.488109530601946
200_24,s0.225832260829280,s0.956606253371906,s257.708774451662975
200_25,s2.004564697586346,s1.160892085520396,s77.689970933867869
200_26,s1.079016349113998,s2.855009344136799,s261.604584588180501
200_27,s-1.037257080578736,s3.477676519474858,s292.936440897722548
200_28,s2.955170387062618,s-0.216573642284337,s76.745163515954317
200_29,s-1.139819103057141,s-3.256092681113071,s77.696873127679581
200_30,s-0.045178836003640,s-2.180534166174502,s257.267345953965503
200_31,s3.026914781944009,s-4.076933086195037,s257.508995802808897
200_32,s-2.008634964466622,s-2.150281664254346,s256.840256581148708
200_33,s-1.092579140843049,s-0.678858303316122,s76.720893547212512
200_34,s-1.914702278644580,s-4.077372500522912,s257.180464147015130
200_35,s0.937154724674626,s2.435287678522790,s78.270095453565773
200_36,s-2.865179776311988,s2.833517207342442,s258.468915453731313
200_37,s0.985801891881523,s1.794005905145550,s78.052124685514499
200_38,s3.027303892131736,s-2.310296273402672,s257.420888901754836
200_39,s-2.881405238493588,s-0.162160392644524,s256.698141074401804
200_40,s0.069146653911935,s-4.076889253082199,s257.541611432447951
200_41,s-2.039447909540706,s0.006945510917226,s76.707550646319106
200_42,s3.896949963536541,s-0.255214265826667,s76.747255083289730
200_43,s3.897283874127088,s-2.163328178503730,s77.420823250644219
200_44,s1.872180230644609,s-1.426582042744015,s76.725106959420913
200_45,s-0.875939291697407,s-0.260140285183593,s256.800713718375334
200_46,s2.157293475773348,s0.918768754916515,s257.042811234084979
200_47,s-3.898145021393017,s-2.754166068519613,s257.111202604104619
200_48,s1.029295379421606,s0.496888569583923,s76.914394515990480
200_49,s-0.028704581655891,s-0.093678001262860,s76.800720773145798
200_50,s-2.907189632073867,s-4.077411781747143,s257.151359799365196
200_51,s-1.988566376065610,s-1.485988848816071,s256.798282765075328
200_52,s-2.865373120062329,s0.464869292145008,s257.747189648014853
200_53,s2.924230595151435,s-0.866636491662128,s76.725285235593461
200_54,s-0.047062074422633,s-2.814580809679316,s257.854745896620557
200_55,s-1.201094750054937,s-1.954622253295172,s76.807030055415098
200_56,s-1.996361383594473,s2.402761801293665,s78.343272240925018
200_57,s-2.018844142313419,s3.469724600665003,s289.324847242986039
200_58,s-2.864119273307110,s1.059062300687375,s257.916258978290273
200_59,s3.898738303494763,s2.425448644865414,s79.861844596496226
200_60,s0.974593313806532,s-2.219742738435324,s257.268546181357806
200_61,s-3.898271731595510,s-0.095516494913561,s257.360646466778462
200_62,s2.910950680343213,s3.050712726271819,s86.729798701995335
200_63,s-3.898512079416617,s1.097339653542786,s257.815736283044544
200_64,s3.025966504739946,s-3.487642684734746,s257.618284979349824
200_65,s-3.898523643456220,s1.686326591967693,s257.836994595476824
200_66,s-2.144976840620318,s-1.276287863408747,s76.820406019299909
200_67,s-3.898147461713697,s-1.415993459340251,s257.120681390634957
200_68,s1.902189297063035,s3.274469998746747,s94.661611672088142
200_69,s0.169741800715087,s1.590161987285167,s258.025388950022489
200_70,s3.102691450921052,s2.887518619500580,s266.158471849703005
200_71,s2.012021249588395,s0.487920138777084,s76.830020266132081
200_72,s2.945720522922716,s1.130356164005083,s77.045099037158408
200_73,s-3.084649387594850,s-0.552242785256180,s77.124054425612925
200_74,s-0.996781173761882,s-1.511461440265338,s256.875558407842789
200_75,s-1.831532196897159,s1.023253764635492,s257.952677428706011
200_76,s-3.898151518131971,s-0.746821870039984,s257.122978545090348
200_77,s-0.961327431881717,s1.782412087182442,s78.370179389953137
200_78,s2.161499226892150,s0.248844539717695,s256.826900518767388
200_79,s1.081269989795178,s-0.959486936761335,s256.729321275093355
200_80,s-3.898133777154832,s-2.083561183497489,s257.120002585701968
200_81,s3.081327512395016,s2.197526473637861,s258.458661064041507
200_82,s-0.982316346054023,s0.580513683049128,s77.709927354444602
200_83,s-2.077752643927701,s-3.886298667824834,s77.456802694706909
200_84,s-0.920092994368707,s-4.077304502096551,s257.228938200312882
200_85,s1.982929624305135,s-0.162712166683533,s76.735965735773192
200_86,s0.977312662700874,s-0.135428445825056,s76.792951746951559
200_87,s-0.047199445707901,s3.479330588582016,s293.621584046510407
200_88,s-2.128730325588545,s-3.254376704646285,s77.263938423409755
200_89,s-1.994774570152600,s1.809795922789744,s78.278249500753248
200_90,s-3.029348536243612,s2.430743654042217,s78.013436451351296
200_91,s-3.898582110088819,s2.275552742455091,s257.943792426259108
200_92,s-0.914051753966974,s2.867033058603613,s258.385076494255941
200_93,s2.079721334107597,s-1.034090028096101,s256.719996951475594
200_94,s0.182162670987678,s0.328947151244275,s256.913882135070935
200_95,s-1.995415380651415,s1.213860045706693,s77.925889589879134
200_96,s0.826783448002218,s-3.251746090842528,s77.838973946955520
200_97,s1.995711982515797,s-2.265227925852298,s257.408628979826688
200_98,s3.897281015469685,s-1.566780941098691,s77.415324821104349
200_99,s2.864088078255429,s-3.887225513588251,s77.509947177998143
200_100,s-2.101783194944653,s-0.636436839890122,s76.698321937295475
200_101,s0.893163195196730,s-3.884772145712176,s77.542438030086799
200_102,s1.149758745862286,s1.602596872258479,s258.031541431092876
200_103,s1.992022110151992,s-2.856796335766074,s257.550557349204951
200_104,s0.904105327919341,s3.067089134827169,s78.291327793083326
200_105,s1.056010792429563,s-4.077484479077100,s257.098275339974691
200_106,s2.874036237415004,s-1.499531385539059,s76.825892998894417
200_107,s-0.796808610440233,s1.589519703429678,s258.353795927286512
200_108,s-1.944493227634593,s-0.840904539581025,s256.722567111003855
200_109,s-3.102173488875684,s-1.876504499456235,s77.115481256277974
200_110,s-3.069154126416924,s-3.886610938218446,s77.233937163426191
200_111,s1.982157069596227,s1.794984369149291,s78.032410510727800
200_112,s1.047140151975337,s1.152681613739277,s77.701142483876978
200_113,s0.062837796719167,s1.152087598196634,s77.921436435729731
200_114,s1.033435736381022,s-1.598401617669729,s256.735724023862588
200_115,s-3.896345811604655,s-4.079330588582016,s254.943142806610155
200_116,s-2.163244298579628,s-1.932698663045963,s76.838605762736563
200_117,s-1.831217069915124,s2.213042636432881,s258.360810258151048
200_118,s-3.001427359721919,s3.474319031609106,s291.482326562295952
200_119,s3.897336783652291,s-2.753585181502874,s77.522486410058946
200_120,s-3.028267501669016,s1.838964474673462,s77.917971141126614
200_121,s2.865320299813487,s-2.117810051192794,s77.408533671230302
200_122,s3.098448060167228,s1.536494167080149,s257.303731268130264
200_123,s0.990184526318165,s-3.443433516463724,s257.860138360941448
200_124,s2.923572357842403,s2.427197523873526,s78.060117604963068
200_125,s1.874764288370236,s-3.886611562104394,s77.121076739560792
200_126,s2.092820538946159,s3.453855379078071,s278.506864264805699
200_127,s3.897008706800843,s0.414608795305471,s76.872183220575323
200_128,s-0.079561117782201,s-0.724705744581941,s76.793401857238166
200_129,s-1.023044849770348,s-2.806865187044231,s257.683488387724424
200_130,s-3.898482091475324,s0.508680871872034,s257.760384477196624
200_131,s2.132471229478927,s-0.400074884904097,s256.731770939798878
200_132,s-0.141411688366553,s-1.349834280273810,s76.870992453611933
200_133,s0.075945979412085,s2.868806243329287,s258.290376624308351
200_134,s0.814808478402844,s-2.019386966402133,s77.261193187759517
200_135,s-3.898737423335512,s2.865692639303540,s258.221121452474904
200_136,s0.076865311454463,s-0.934315609553449,s256.799219170879951
200_137,s0.025496439908331,s0.538594930962536,s76.871933064328005
200_138,s3.025543941554165,s-2.898841233748845,s257.522484580560160
200_139,s0.793663947795604,s-2.630072225615009,s77.852298402259663
200_140,s-3.027990960635546,s0.658659770359495,s77.757175420051198
200_141,s3.897096791702365,s1.076335573564406,s77.050744357670681
200_142,s1.836178208251626,s-2.061105370077077,s77.259834419232931
200_143,s2.950437385966072,s1.790581197950550,s77.123034335708397
200_144,s3.897387286131887,s-3.340729269870288,s77.618284758112665
200_145,s3.898572952690847,s3.383165899575365,s98.619763556282436
200_146,s-1.829180310570174,s1.621676987387170,s258.368423428576023
200_147,s-0.976451081794912,s-3.446648279098610,s257.687773772367450
200_148,s-0.863235626087769,s2.234016809147863,s258.357074236122912
200_149,s3.103370470294307,s-0.459758073968362,s256.746229154400169
200_150,s-1.965818436210378,s-3.448709358687332,s257.698499283292165
200_151,s1.930528853109604,s-0.795410861702049,s76.725227182637582
200_152,s-1.083997832985843,s-3.886321913678558,s77.715988082100097
200_153,s1.991226458621840,s-3.445824978147530,s257.667344769017859
200_154,s3.101948483657458,s0.209721226438249,s256.870583800158386
200_155,s2.001538978763282,s2.843202645643305,s264.979560975461084
200_156,s-1.991659840636498,s-2.812652623860378,s257.673009635513154
200_157,s2.862602627836714,s-2.709156540865254,s77.541679139680923
200_158,s1.098471827085122,s2.227356806156613,s258.104060621001338
200_159,s-3.030673554099698,s3.024458299935201,s78.221121605137782
200_160,s0.874356271455344,s-1.398287190245545,s76.889327578549612
200_161,s-3.104287022770224,s-2.545416181996936,s77.132690999145638
200_162,s0.002638848037340,s-3.447362865667885,s257.836855420437644
200_163,s-1.997999447506967,s0.619608934437051,s77.735418525143004
200_164,s3.092519450298871,s0.876241627206782,s257.050709297963579
200_165,s-2.150568188094566,s-2.600049047476781,s77.235845301891160
200_166,s1.828456191345424,s-2.667034911594362,s77.710499988795959
200_167,s1.827125117381969,s-3.256406160301356,s77.863277715069046
200_168,s2.022374782693779,s-1.663140521717945,s256.829664257505499
200_169,s2.144475440731784,s1.590620619334099,s257.124287108516057
200_170,s-1.838989180013977,s0.409343379008027,s257.703468175238129
200_171,s3.030728528565948,s-1.719085065405369,s257.415372226621514
200_172,s-3.898738303494763,s3.457372833699665,s258.222689706213032
200_173,s-1.027342711591247,s2.428724638658687,s78.362412191045848
200_174,s-2.954361122050657,s-3.442273620612650,s257.269782905415980
200_175,s2.862732828878123,s-3.298236081255888,s77.631074977034629
200_176,s0.921183353407486,s-0.765796694305378,s76.797130742871644
200_177,s1.922831320032807,s2.425994496676890,s78.104970793362313
200_178,s0.009102020920903,s1.803771199378921,s78.357622728924625
200_179,s1.207270780639159,s0.948172075139982,s257.694312577849246
200_180,s1.189724516288122,s0.303008301904876,s256.793275562191639
200_181,s-3.036517382866017,s0.063843385686864,s77.350031051689868
200_182,s-1.032585115128889,s-0.051616732865463,s76.728804884740967
200_183,s-1.897274446159320,s2.859007618530018,s258.485847585879696
200_184,s-0.935384734078841,s-0.885216977439949,s256.809812102566354
200_185,s-3.109524951084024,s-3.219340677000869,s77.123783117458117
200_186,s-0.207294034963857,s-2.607153985672712,s77.688811508898297
200_187,s-3.028270903584470,s1.248326521569352,s77.817665464865513
200_188,s-1.041259937279197,s-2.153822450836659,s257.026570572117805
200_189,s0.957692904583840,s-2.818816055946928,s257.862086337356175
200_190,s2.924679436215652,s3.479259593274306,s293.592561554328938
200_191,s0.128213243162545,s-0.300544824040408,s256.800748873730470
200_192,s2.087507680403710,s2.237153320286487,s258.056189162110741
200_193,s-3.897808864771210,s-3.432568426406383,s257.166823297357041
200_194,s-2.937783881489270,s-0.809792625376493,s256.699850967692214
200_195,s3.897329141561928,s-3.929657531870640,s77.507864026638586
200_196,s-0.967282051954593,s1.185122568930876,s77.958928435056563
200_197,s-0.040807767767307,s2.437247121007055,s78.374295678200909
200_198,s-0.087519964894084,s3.067657072912201,s78.392326135063072
200_199,s-0.204594656605136,s-1.976774736852502,s76.964769801555860
