id,x,y,deg
001_0,s0.218381745595710,s1.782235032116043,s45.000000000000000
002_0,s-0.369007661957598,s-0.223935163032579,s23.629380666907139
002_1,s-0.060813611847548,s0.298983537378646,s203.629386819146248
003_0,s0.262856064884255,s-0.006662701784541,s67.252972428798017
003_1,s0.253196619569438,s0.008365970478467,s130.849822936562418
003_2,s-0.055468981079014,s0.103344629443346,s157.604009967834031
004_0,s0.568709737035511,s0.118637952347508,s25.686112398178064
004_1,s0.465539410915823,s0.103595182894664,s28.212557888997548
004_2,s0.647025509068627,s0.589275986337043,s204.646115232031178
004_3,s0.559438742898530,s0.637834055501275,s208.039055577284358
005_0,s-0.313245110824914,s1.078997316215971,s247.172493278924833
005_1,s0.065432763351162,s1.166190336917340,s331.239868667000849
005_2,s0.376770224901422,s1.252545018503075,s90.233816254989677
005_3,s-0.060301890705939,s1.524035267942878,s175.140000030789110
005_4,s-0.197464946262287,s1.279081319630394,s302.850734030851129
006_0,s0.234806379837598,s-0.793778779488528,s24.626452606521745
006_1,s0.590449557539198,s-0.851622872835010,s243.718006883063993
006_2,s0.345771349600687,s0.086201769296931,s202.415853518343965
006_3,s1.202150008182525,s-0.003537141207279,s63.751447433624321
006_4,s0.686204254732387,s-0.459067104455153,s25.023992444882158
006_5,s1.090488781885881,s-0.889770155067536,s338.811696018360635
007_0,s0.407217881725589,s0.372288865044020,s337.690454318215927
007_1,s0.095814480291856,s0.362843376257328,s113.698732356181665
007_2,s-0.340248492717194,s0.750668559273118,s143.534256939739493
007_3,s0.049591965970908,s0.939892700517652,s216.048997103563607
007_4,s-0.421953265379905,s1.111025278555396,s169.425403072250504
007_5,s0.105586373973603,s0.986516429898229,s70.677274689431144
007_6,s0.336117450818044,s0.110837243179754,s33.940418183923434
008_0,s-0.799058693997990,s0.055397304795799,s224.451099470388925
008_1,s-0.313466820706476,s0.099927548578275,s43.948152342921269
008_2,s-0.206608428772789,s0.356435446477713,s218.375756670900586
008_3,s-0.047875784519756,s-0.293135001359508,s336.568574937660117
008_4,s-0.657831795177561,s-0.473304411284512,s-7.578705798977898
008_5,s-0.305075891378189,s0.165502161537572,s150.158714560295778
008_6,s-0.057549582456739,s0.112310991097693,s206.932756538324099
008_7,s-0.492053696185691,s0.214791186814014,s159.329442729930577
009_0,s0.572594587365822,s-2.738712796476288,s44.506173987035638
009_1,s0.073661145036165,s-1.823249651225879,s881.656974589042989
009_2,s0.981342420524816,s-2.820110408068894,s121.928633996034606
009_3,s0.754109621499674,s-2.665149258044385,s222.836742699954414
009_4,s1.047112850262690,s-1.908983497917259,s123.232680098567513
009_5,s1.187308764932644,s-2.419676600243647,s70.310231024442402
009_6,s0.120352608268296,s-2.351660269601718,s346.803981438466906
009_7,s0.640524416521190,s-2.812739491744512,s285.611620316671122
009_8,s0.610269847339144,s-2.961601381454022,s86.003816705818025
010_0,s0.449795761365929,s0.196765788438098,s1.763265327284890
010_1,s1.032523683815612,s0.277667494094411,s11.842463104417801
010_2,s1.217048719584836,s0.345351381181956,s114.563225233783243
010_3,s0.356828029552271,s1.634520446317969,s192.808766143294065
010_4,s1.359891002786393,s0.595022436842133,s140.532131012319837
010_5,s0.879227360244926,s1.115844684748565,s4.071450359715291
010_6,s1.205321280928843,s0.728925189460976,s338.686097886565562
010_7,s0.015154026936970,s1.252287584053871,s-564.591528736985651
010_8,s0.125507237170494,s0.698354632904319,s203.334381044634512
010_9,s0.694776809724509,s1.560020176278203,s180.069986630763594
011_0,s0.805311551959431,s1.075830012498030,s-0.429774169758139
011_1,s0.663850184997412,s0.083675170342769,s105.706795434577288
011_2,s1.464966360537355,s0.173412305947646,s26.802742652588719
011_3,s1.574979040921625,s0.687406286841404,s203.000115314178743
011_4,s0.554799414471762,s0.876298707946651,s115.706265121916985
011_5,s0.371101576776097,s1.620963947478117,s198.503734612640130
011_6,s0.057622727145550,s1.068977564136360,s22.732656115239156
011_7,s1.538559952718943,s1.132530210213661,s345.657387044068685
011_8,s0.123962721205309,s0.081983918758773,s284.376699986723622
011_9,s1.305321713158415,s1.664853294943757,s183.186930376684103
011_10,s0.935653802664381,s0.658182686460632,s211.902354094659358
012_0,s0.706151487832364,s0.676220995538260,s2.800973282040619
012_1,s0.835898494531949,s0.245448560966588,s124.389699047744884
012_2,s1.382418679975492,s0.100606948008491,s359.125242865986024
012_3,s1.275852252673774,s0.598626555538706,s195.927887568334171
012_4,s1.179347933554729,s0.782677035629088,s178.668907767515236
012_5,s0.322236784812661,s0.643079181204781,s198.706038549205147
012_6,s0.254759077558533,s0.014777451025022,s16.164389646606011
012_7,s0.129322464307424,s0.680369656607367,s6.169266791744409
012_8,s1.080608863741660,s0.740386986387174,s-1.290549772379827
012_9,s1.537917572446408,s1.453278862177595,s66.290795699114312
012_10,s0.730882586978886,s1.498870339238806,s181.039736382959489
012_11,s0.105911511463706,s1.449564694445449,s196.218676550898294
013_0,s0.212729228926556,s1.927742623751352,s293.633144826769978
013_1,s0.149391350070199,s0.127468830442130,s25.511815915095625
013_2,s1.850863148306934,s1.612942878370359,s39.612015185894904
013_3,s0.739846201585972,s0.127330126712482,s13.540575158542554
013_4,s1.802972317622291,s1.118844069919119,s161.160055087947512
013_5,s0.924897733194732,s0.977572071649191,s192.135027305629706
013_6,s0.159967640490331,s1.303049117159718,s26.847625592435257
013_7,s1.808038293312756,s0.208341908332703,s339.082411458365129
013_8,s1.352807445834985,s0.116987714531767,s4.081349803238203
013_9,s0.661164746494076,s1.180825913045536,s1.756228723737763
013_10,s1.363445561936423,s1.250117830079206,s358.571593375319480
013_11,s0.130901928909796,s1.010197764214473,s204.708384409560040
013_12,s1.003321643760598,s2.009771869381781,s179.211600169569124
014_0,s0.452454832359089,s0.020078190146652,s0.766610854514592
014_1,s0.570910253957940,s0.203146756852230,s348.272342168475177
014_2,s1.216556302832518,s1.003421572111393,s363.435926403080202
014_3,s1.687488256069403,s0.378265249351072,s349.959813612551272
014_4,s1.032899249534548,s0.884277921861809,s190.331632495247419
014_5,s0.881164944429836,s0.910337757298500,s194.637470064644248
014_6,s1.777364817736607,s0.572596446972766,s169.726063662267137
014_7,s0.432682908167756,s0.630158450751862,s2.980088147497461
014_8,s0.455278705053609,s0.996227769455465,s4.474980280580087
014_9,s1.751840559540497,s0.047412307324875,s359.448066763090196
014_10,s1.475087337102725,s1.037580524974545,s333.056935220393200
014_11,s0.806388453775400,s1.580977393761948,s183.863358280108940
014_12,s1.154071224533932,s1.658740884970585,s151.397525153145608
014_13,s1.861873792869181,s1.706846920325441,s151.731192450947589
015_0,s-0.168053371121292,s0.762018332363306,s25.538250947863386
015_1,s0.802385128499007,s0.358010343377463,s-0.577444215628633
015_2,s1.369014647026282,s1.148797786958478,s15.586490610579025
015_3,s0.348052761715325,s0.759892606072081,s168.326055285034499
015_4,s1.559311002127469,s1.082702922436915,s192.605435441328922
015_5,s0.943373655475459,s0.915815540076690,s189.075272274675655
015_6,s0.473391763892107,s1.529732752617501,s74.396931399924554
015_7,s0.829401670622319,s0.851074479373381,s368.626841507923643
015_8,s0.954562188908050,s0.166663984839202,s12.495695397572309
015_9,s0.973609202481397,s1.558340916760217,s200.776748274168369
015_10,s1.331014055618567,s1.784478227803633,s198.245456642160320
015_11,s0.593636660398755,s1.929285030909424,s188.394057507552532
015_12,s-0.009023768010284,s2.158306400693529,s138.000899039991737
015_13,s0.858374365723978,s1.980820467449441,s61.164384576784769
015_14,s1.097771925545121,s2.002422555847408,s291.845365128850744
016_0,s0.505207859959285,s0.774962043552420,s100.704970011777462
016_1,s0.949275279454212,s0.188247465269516,s111.752214084176387
016_2,s1.158389987505161,s0.158687197406937,s355.693565205747461
016_3,s1.020975851583844,s1.976189362747354,s288.223961378007516
016_4,s1.445210059942950,s1.674479145034310,s328.234008218234294
016_5,s0.456042671761935,s2.150004105231586,s199.459857163339422
016_6,s1.814528440428137,s0.751373397294716,s163.766347560237733
016_7,s-0.000492329864512,s1.985549809139968,s158.434152948345655
016_8,s0.507403646373936,s1.060281134659857,s2.686971658991877
016_9,s-0.079187424493569,s0.937572205406327,s318.758930079957622
016_10,s1.040162248804870,s1.423428058176228,s335.040228194059580
016_11,s1.702511558236792,s0.695332735412024,s204.909899519248825
016_12,s0.809232922853406,s1.090526086348382,s175.948458552520918
016_13,s-0.107087156007462,s0.207285489784210,s284.402191165870818
016_14,s1.602049569093525,s1.406851071852173,s14.842749329780258
016_15,s1.517680030950441,s1.326468260940869,s338.925992787987582
017_0,s1.049232870163611,s1.186523595283465,s70.656716822537931
017_1,s1.098977720406385,s0.381232899433040,s341.186331246486588
017_2,s1.575706057799038,s0.347603216426677,s-6.687480218075931
017_3,s1.312100223352403,s0.176210974891947,s363.332706980622618
017_4,s1.001256427029559,s0.761437145654387,s175.802938978554664
017_5,s0.959690169586258,s0.718838628145455,s192.474067189689379
017_6,s1.156444763614604,s0.800616023174488,s163.495681492049130
017_7,s1.624948549551163,s0.618178727114995,s350.806511239418057
017_8,s0.148926856191264,s0.367567457912439,s33.567725170933535
017_9,s0.268234858937430,s1.045966852154743,s29.613741861789205
017_10,s1.379800032018454,s0.952904190249635,s333.309762720136632
017_11,s1.619911707408410,s1.683779207962349,s164.749698662981217
017_12,s0.682287668139275,s2.034362580610467,s167.983010053518797
017_13,s0.837272574329263,s1.559589003803789,s221.762774584234819
017_14,s0.923251926913389,s1.849228669787313,s64.190333456630100
017_15,s0.812384934842261,s1.727687880087521,s50.693337490773679
017_16,s1.121496032739583,s1.548547540325211,s320.185902819343482
018_0,s-0.053911431800211,s0.073414640319170,s9.723727161881811
018_1,s0.700000000000000,s0.000000000000000,s0.000000000000000
018_2,s1.400000000000000,s0.000000000000000,s0.000000000000000
018_3,s2.119621784204431,s0.016937133901522,s354.999558395930649
018_4,s0.350000000000000,s0.800000000000000,s180.000000000000000
018_5,s1.050000000000000,s0.800000000000000,s180.000000000000000
018_6,s1.750000000000000,s0.800000000000000,s180.000000000000000
018_7,s0.000000000000000,s1.000000000000000,s0.000000000000000
018_8,s0.700000000000000,s1.000000000000000,s0.000000000000000
018_9,s1.400000000000000,s1.000000000000000,s0.000000000000000
018_10,s0.777581057145322,s2.121890607064503,s49.415059393894069
018_11,s0.350000000000000,s1.800000000000000,s180.000000000000000
018_12,s1.050000000000000,s1.800000000000000,s180.000000000000000
018_13,s1.732628983369722,s1.818099251501568,s180.000000000000000
018_14,s-0.071216304109872,s1.905035186863097,s343.967477051037804
018_15,s2.111791240586198,s1.024178509665339,s1.650043916790764
018_16,s1.317957755203057,s2.017138897024406,s325.616579365741586
018_17,s2.006745656319133,s2.024673581840579,s324.697480671145286
019_0,s-0.084472988401021,s0.039080229660276,s360.033723002634133
019_1,s0.986285423775676,s0.092624142955658,s826.583383858239472
019_2,s1.386772366097802,s0.239341154064955,s357.664136545773147
019_3,s1.886845595911003,s-0.032372889313085,s-5.587190233387672
019_4,s0.298726215033866,s0.627743093528263,s165.745359695051803
019_5,s0.769143845751907,s1.134923031975918,s179.594665229223381
019_6,s1.719921324151243,s0.574335900098888,s184.147692111804901
019_7,s1.844796045479344,s1.030310347926820,s207.640632299660922
019_8,s-0.071481508073269,s0.937627262428051,s1.497099865104030
019_9,s0.973412633124156,s0.863085858540045,s0.939557033176521
019_10,s1.665448058499785,s1.194708225604191,s-9.389808539569739
019_11,s1.762471322167972,s0.821027630876194,s355.671606620282262
019_12,s0.330734673492682,s1.646344221301448,s178.495171282970034
019_13,s0.850878322764059,s1.997090149565140,s185.354926962984933
019_14,s1.584876512850583,s1.974010429179278,s179.963702258777829
019_15,s1.897188830736934,s1.912369051519081,s202.718258646035792
019_16,s0.303623980902199,s1.716202582491953,s30.313871254792858
019_17,s0.592453310146996,s1.683749892359451,s52.410102144242053
019_18,s1.420830058898760,s1.911400161235216,s301.483863740773813
020_0,s0.458146120157772,s0.260949619446743,s222.419492650767069
020_1,s1.659177791209858,s0.010736291027212,s119.983266676041382
020_2,s0.598819920635051,s0.726843747296716,s33.912045610113474
020_3,s0.658797185662295,s0.045894072826210,s106.001509966077293
020_4,s1.019906984859452,s0.388637952339898,s107.880407073573750
020_5,s0.677239169587293,s0.475084723627360,s95.094313683313231
020_6,s1.649972968751274,s0.374733181088294,s213.050894936726905
020_7,s1.997941669328760,s0.700929614981761,s208.156723356255867
020_8,s0.107560873214673,s1.496597100033441,s30.163086574793603
020_9,s1.610233875405184,s0.936054829330124,s352.978335859576873
020_10,s1.716901759854860,s1.025181179360604,s104.255859968329901
020_11,s2.065561680699793,s1.478087799915425,s349.444911178318762
020_12,s0.264130627844013,s2.139592046792672,s228.806094034434437
020_13,s1.396345959376346,s1.543842792520583,s165.089587157132655
020_14,s1.283253274695136,s1.627203873855331,s156.442389376588721
020_15,s-0.074706843060859,s1.182518890898982,s22.097236597098444
020_16,s1.528397738456657,s2.013445152978978,s293.762940850408086
020_17,s0.914002059307269,s1.869072201379304,s72.511080455593032
020_18,s1.642689266531688,s2.079153489483891,s293.457481601621623
020_19,s1.548659560900974,s-0.122568874189492,s47.462965857325528
021_0,s0.244325069106956,s0.173877174950036,s9.913715958174677
021_1,s0.558392738687191,s0.043149525243118,s-6.762198604751290
021_2,s1.515874189371586,s0.345772107986520,s-1.350257860622188
021_3,s2.097955241687178,s0.338958853365694,s-10.017445432190621
021_4,s0.389546612508991,s0.852335197615229,s171.389206731802744
021_5,s0.566736701881619,s0.758183881979781,s181.667826813035163
021_6,s1.831864266777982,s0.891226159566577,s188.967110656872279
021_7,s2.364172804235769,s0.866049834283491,s171.252250183060994
021_8,s0.229039799961038,s0.920346774196758,s-4.163951336913008
021_9,s0.910655649714169,s1.220134265897077,s0.955224092078192
021_10,s1.450039701852179,s0.895904782498400,s-3.293797201740057
021_11,s2.099325810341762,s1.155422339619038,s-3.329470539366806
021_12,s0.236827771383438,s1.670261667508573,s168.303849930822906
021_13,s1.282376195625263,s1.593562347987046,s182.561877780531375
021_14,s1.902710241478599,s1.817766586710081,s181.873775553518556
021_15,s2.461449201941436,s1.588304966016534,s176.457902605841809
021_16,s0.231955875886345,s1.904514913985097,s28.655510309801272
021_17,s0.743477014371008,s1.911150511500494,s0.483965949866194
021_18,s1.804522688486128,s1.889407109573749,s62.622406056808643
021_19,s2.215339950036680,s2.197902265258766,s-42.005571909246711
021_20,s0.379819900669135,s2.556967929526816,s178.243691003609541
022_0,s-0.158065529142695,s0.240763952869115,s609.213793422327853
022_1,s0.923966562753964,s0.120243578024155,s-5.713880326223824
022_2,s1.497279633409911,s0.428284815282894,s6.015273540751184
022_3,s1.369665987613450,s0.586178666900002,s4.528529187650769
022_4,s0.029591824789218,s1.263276247102472,s196.804284894672548
022_5,s1.021361897983971,s0.976819796841861,s179.154835916933280
022_6,s1.314186013231597,s0.843894857120022,s177.550037368806926
022_7,s1.893813937520557,s0.982527307480225,s192.632948275973177
022_8,s0.152683358089964,s0.553066975733976,s-5.390213251639747
022_9,s0.770083645113333,s0.678887046697306,s-3.358887660791754
022_10,s1.167535906158966,s0.891287932511374,s13.839627150307946
022_11,s1.629779538396818,s0.856609671368533,s11.927422025920912
022_12,s0.857820892821344,s1.926153541393983,s174.886653457035436
022_13,s1.217038068313891,s1.459576770142518,s164.065776497373037
022_14,s2.095989475551923,s1.961105043603549,s187.463908296061902
022_15,s2.096018276893797,s1.845945689849042,s170.432529782226368
022_16,s0.143543571114104,s1.936045367195778,s30.990872524763372
022_17,s0.415776866458554,s1.649017394786872,s5.985489366243336
022_18,s1.212053050687702,s1.928231070706005,s0.116139255421497
022_19,s1.963789859365356,s1.849049685076048,s-20.280664934066913
022_20,s0.504714622551599,s2.140099634481025,s166.841518820135576
022_21,s0.799367504497331,s2.387447384194420,s194.350439916415041
023_0,s-0.050939106313496,s0.260283018991734,s-3.091492575957755
023_1,s0.705015930911450,s0.198445008739831,s11.256079583920226
023_2,s1.539987406929220,s0.339281251696673,s10.391553598247350
023_3,s2.098391381511481,s0.160269716293930,s1.609839308412715
023_4,s-0.049348540436346,s0.726467059347881,s176.882268139989208
023_5,s0.967659675732167,s1.184941597366422,s185.041530402921580
023_6,s1.755927324248055,s1.024385427813547,s186.051687842000888
023_7,s2.264635235046312,s0.798383542222358,s176.933824704606394
023_8,s0.457187277660209,s1.185140660035684,s0.044929897587380
023_9,s0.706952433697180,s1.190833937092673,s-4.738428180225579
023_10,s1.209584744031678,s0.810702825547757,s0.894747199022268
023_11,s1.897337230102925,s1.214275830299752,s-0.810804348524608
023_12,s0.444444926072916,s1.738311328333002,s173.318455177567586
023_13,s0.999738752375445,s1.418609610187788,s176.358597350421178
023_14,s1.655484549738148,s2.003274081396783,s178.234082247687667
023_15,s2.212668959610337,s2.009906639809934,s175.859987936084593
023_16,s0.266878159883599,s2.103349201998231,s4.131991421053939
023_17,s0.816594441225240,s1.920464578709647,s-1.065159798510454
023_18,s1.372684318706684,s2.157589741283577,s8.225999139977949
023_19,s1.986467401755510,s2.355635247111268,s-48.093289532527187
023_20,s0.395721079181472,s2.633030662954000,s181.321623520506847
023_21,s1.001260781701347,s2.667920217327913,s181.399795441277774
023_22,s1.848063801424786,s2.697265323975184,s172.467752306582128
024_0,s0.030799884474090,s0.241795196401461,s17.673934154758079
024_1,s0.576715160316285,s0.177498109892695,s-0.484988689236679
024_2,s1.355474282694673,s0.067135686821889,s1.950146603931300
024_3,s2.194901828979776,s0.109546698322384,s-3.617743356439950
024_4,s0.466020444808413,s1.031114323969788,s177.383792971167281
024_5,s0.897330547283722,s0.835781916978788,s179.146406788030021
024_6,s1.972794201475094,s0.871494692079771,s180.046238926497637
024_7,s2.444960000313279,s0.639791912022155,s181.466502690675242
024_8,s0.265828743445428,s0.960243950216171,s-3.599469376543064
024_9,s0.668509930932795,s1.008277541717491,s4.675469987276029
024_10,s1.292850019634386,s1.237033040026517,s1.109150727361985
024_11,s2.208797828844835,s1.260575038422956,s-1.146518845227644
024_12,s0.555094185465712,s1.740970193222792,s182.873876324592146
024_13,s0.989205116128212,s1.796321154450062,s181.242843062532756
024_14,s1.762178557414976,s1.726909446471660,s177.684513055068606
024_15,s2.381789525542665,s1.630465389373158,s173.318307874284017
024_16,s0.184184504395950,s1.876109742414860,s3.980756224129932
024_17,s1.027762316392258,s1.964709907953071,s2.339873731081698
024_18,s1.375245394413840,s2.122354647598693,s1.191244721437927
024_19,s2.126592394019502,s1.702873297201750,s-7.948703557883465
024_20,s0.375701140738681,s2.724637611450397,s188.038196999655412
024_21,s1.262493301348813,s2.774896578196584,s180.006216400689055
024_22,s1.711595866084201,s2.697742676303822,s175.511572255867890
024_23,s2.445942135438183,s2.742775435255294,s186.516151252573820
025_0,s0.380472114807413,s0.402522494449896,s19.518006038135930
025_1,s0.547536177731843,s0.099540494242372,s376.885031222979705
025_2,s1.461767936405480,s0.063326320168450,s10.454558542265339
025_3,s1.499183729224038,s0.119126282861291,s7.334507439560559
025_4,s2.459733723596722,s0.746586079652602,s9.198062849954788
025_5,s0.472841897592324,s0.791469294642539,s173.196058973962153
025_6,s1.325216944747223,s0.786480261221905,s178.449098677548591
025_7,s1.350474237342873,s0.685510283582824,s185.489164911619611
025_8,s2.360752563825124,s1.238832911378160,s184.265079746595802
025_9,s0.310839461880325,s1.925984498313396,s25.369309794592649
025_10,s0.973093147787588,s0.867384882055939,s361.399074703790575
025_11,s1.039160547590369,s0.347682971460224,s363.116515559471793
025_12,s2.512155766357385,s1.148437918994031,s360.767732258279864
025_13,s2.101850340987292,s0.236002945402285,s610.173995525101304
025_14,s0.703876145065069,s2.063723856518442,s161.431631215723030
025_15,s0.777131045263661,s2.304993405077432,s166.742422636767117
025_16,s1.541310483519746,s1.167856066186610,s248.650521434231024
025_17,s2.300753947405414,s2.297090425515514,s199.517473936977268
025_18,s0.172185905954957,s1.549259562397188,s26.394446666959091
025_19,s1.118889214998419,s1.345416682853405,s15.417889339737735
025_20,s1.836159623077032,s1.711952037333383,s374.647018578145492
025_21,s2.325569619496509,s1.892394533793869,s340.303561930550813
025_22,s2.516935128603142,s2.114013302748442,s345.024996226647261
025_23,s0.695272986013633,s2.447648167864860,s298.589406221130389
025_24,s1.062236575760027,s2.486365505199656,s179.089742990050212
026_0,s0.158300124933548,s0.006988600411530,s10.835331347918745
026_1,s0.716956897626276,s-0.071519427879365,s-1.470929874396509
026_2,s1.500233361558261,s-0.035335891373113,s-2.954873972412891
026_3,s2.076697967871200,s-0.055068877156095,s348.988401566707637
026_4,s2.641581319269665,s-0.091911867259911,s358.452420545477423
026_5,s0.422704654732100,s0.881482318085187,s184.395033859957437
026_6,s1.225815931023453,s0.773402705875431,s172.996490719585296
026_7,s1.855836419632051,s0.751244243682227,s181.149514779034007
026_8,s2.458156987509486,s0.874612274140567,s180.282542144532698
026_9,s0.051075733926717,s0.921732717251431,s20.856157755395028
026_10,s0.746404483913170,s1.012919128309473,s-3.731559555035934
026_11,s1.454830659920080,s0.961089567170501,s5.401149223620639
026_12,s2.094185592940299,s1.159783002003564,s5.384622563052732
026_13,s2.653667355658975,s1.273012270887137,s359.439935944122169
026_14,s0.290786608543004,s1.821899958910387,s176.568732424597215
026_15,s1.097571385754984,s1.917759001365199,s180.345261365075430
026_16,s1.626504967041061,s1.889057327820743,s181.602173850334083
026_17,s2.277771953528872,s1.906515903274058,s178.447761846987504
026_18,s0.169293712150915,s1.994027094977429,s7.030468485433418
026_19,s0.649141955590887,s2.074245825223799,s-5.908769711069577
026_20,s1.476681781734058,s2.182451232541637,s-1.526811547883655
026_21,s2.099560216305594,s2.186988495016139,s-10.618618151183689
026_22,s2.623582409481689,s2.214372749131373,s336.439814798282612
026_23,s0.523782400978146,s2.740562572734817,s186.824849230978515
026_24,s1.017994613550813,s2.780912681656433,s179.936482701119928
026_25,s1.606382011107733,s2.738830883964979,s181.278878756805966
027_0,s-0.068616858360043,s0.222006863971716,s2.804589422900867
027_1,s0.701885344789601,s0.038119500334956,s-1.779220264813977
027_2,s1.426393868915012,s0.298759693700632,s2.942444256150989
027_3,s2.013673077891793,s0.242082611854064,s-8.242169926829469
027_4,s2.471870811521033,s-0.032765854123828,s-28.079114801169883
027_5,s-0.019778340275580,s0.548110790760173,s189.184997532370573
027_6,s0.849212596826370,s0.924943916280558,s170.794831062623473
027_7,s2.037006226011400,s0.722905081564349,s171.799734172760054
027_8,s2.588986134205471,s1.075915186217886,s165.570440118603017
027_9,s-0.013016123218337,s0.642202404528174,s-2.534727894580816
027_10,s0.614990680432486,s1.048314292993567,s8.753191629062295
027_11,s0.948114675470056,s1.056729287180587,s-1.051276337352766
027_12,s1.957661497266219,s1.041122132448990,s-5.004840947493743
027_13,s2.495170023271343,s1.499276610570800,s15.054385179148547
027_14,s0.704282220036087,s2.240647305690285,s190.482299492478120
027_15,s0.988367734486282,s1.980488525344681,s189.199441826650201
027_16,s1.853748514642614,s1.850632387236747,s184.417383060735176
027_17,s2.250894184968350,s1.860835310403123,s172.061999808941096
027_18,s0.148744436876200,s2.247495166599007,s-5.477125538416939
027_19,s0.537105037758089,s2.049334338962549,s-1.874845920574707
027_20,s1.148468390830902,s2.313052968978031,s-6.744319428128939
027_21,s1.837334607762904,s2.037910871070475,s0.894667948818860
027_22,s2.534452216434269,s2.150660996843965,s-8.152672352474514
027_23,s0.363895859188196,s2.845583737575042,s187.586475753229081
027_24,s0.469547840309510,s2.901453302460994,s186.374100001792272
027_25,s2.210989631417885,s2.607875443463448,s184.062157865808899
027_26,s2.461468147082938,s2.492132399998320,s192.141626122003743
028_0,s2.737836805481279,s0.142616441290979,s110.695849238459303
028_1,s2.753680461648215,s0.595030106570523,s78.828811083455861
028_2,s2.532681983878244,s1.124641670631809,s447.105279715263805
028_3,s2.878408281788063,s1.932257921922141,s95.395592595419075
028_4,s1.984092918988261,s0.100128898948043,s259.852773811525026
028_5,s2.222502459386514,s1.186215669251663,s259.468327344841612
028_6,s2.317383882698949,s1.926124863494408,s278.117901222694684
028_7,s2.201272053825980,s1.975870756732238,s259.191911254110266
028_8,s2.349578065773515,s2.462395555545230,s288.122311999928968
028_9,s2.418180068362160,s-0.091313288949237,s112.561389004458690
028_10,s1.801608044313831,s0.526284600842075,s450.099433057002557
028_11,s2.355926247681974,s1.055461966098983,s82.486943636750937
028_12,s2.023606676461479,s2.042560144779086,s85.258899647686704
028_13,s1.757700341813082,s2.446415006490563,s448.666699200279993
028_14,s1.115368813464075,s0.005240137847669,s266.457668872775741
028_15,s1.024219679770288,s0.350295067796255,s256.233234994654651
028_16,s1.286592657419474,s1.677369185562153,s270.238495968419272
028_17,s1.361832726816846,s2.356663690439027,s255.693471983861969
028_18,s0.979163594513281,s2.412400352597512,s263.404250226811769
028_19,s0.953484030848671,s-0.190304339853843,s104.839525590725898
028_20,s1.111085995485345,s0.538126710204351,s91.452140610686229
028_21,s0.953029538436925,s0.991592038304390,s453.229218451192025
028_22,s0.570843762164667,s1.682370783283189,s438.667123359891832
028_23,s0.699449225827910,s2.368903792318632,s451.784551484359326
028_24,s0.080027683514806,s-0.123023168974743,s287.404511685176658
028_25,s0.024432587583391,s1.047387522217363,s278.608962492366913
028_26,s0.114521088889579,s1.645648210319026,s274.916004510258290
028_27,s0.053443975666839,s2.364683974560190,s261.359888785310261
029_0,s0.299113488800546,s-0.078997088411719,s21.439904805114715
029_1,s0.862140514301635,s-0.110624618108794,s-0.743690925473669
029_2,s1.468025062427188,s-0.181681241645782,s354.494747195500622
029_3,s2.197215577859676,s-0.077994424586061,s-4.657968536123194
029_4,s2.510115053185521,s-0.165636911159393,s325.444425643201782
029_5,s0.636275403621656,s0.919391067433260,s164.857137552765465
029_6,s1.348398609987481,s0.842121467645616,s172.042515909632755
029_7,s1.636068174512819,s0.868604385831176,s184.520024608202846
029_8,s2.391768259162687,s0.711979897944344,s172.372101715831178
029_9,s3.000262826184417,s0.882906000807841,s200.467201222496982
029_10,s0.340866151522260,s0.871449297918308,s29.440541144055480
029_11,s0.631811212038881,s1.009963415816773,s359.225570578730469
029_12,s1.505435014438274,s1.094374704999060,s-1.968851588136329
029_13,s2.224114133238642,s0.980525013397098,s1.777469787248437
029_14,s2.839290617595622,s0.909492242442110,s359.150958416478943
029_15,s0.585748213517504,s1.820901267205573,s181.797720455938077
029_16,s1.080822283326820,s1.731320741157889,s186.092456686181094
029_17,s1.684827873349278,s1.799501015185324,s178.318012467954247
029_18,s2.464524503246358,s1.904274178373525,s177.806749103827428
029_19,s2.981575138409257,s2.093458630992523,s176.610441307868399
029_20,s0.306436199101288,s1.814446599398663,s13.077734914845982
029_21,s0.673195251777190,s2.040063301411478,s3.742832829737219
029_22,s1.610435366512186,s2.176517173152143,s359.577190130452664
029_23,s2.381618244157933,s2.242811318416729,s354.712398540822107
029_24,s3.016560216304228,s2.136289103093145,s358.720668245051968
029_25,s0.466777691778602,s2.699000886568586,s186.106927274738609
029_26,s1.193100151111240,s2.642324180161850,s181.528670535763496
029_27,s1.637300848387999,s2.593438475728133,s177.418583392819301
029_28,s2.489356249392378,s2.639971494613816,s181.088495673584987
030_0,s0.104075890287138,s-0.153545253788229,s1.862359099854546
030_1,s0.751016000269478,s-0.127489219921427,s354.525197448248889
030_2,s1.395887477687385,s-0.147188142933465,s351.714079584854403
030_3,s2.006456155916443,s-0.097970448523637,s357.476862110117224
030_4,s2.731788909859972,s-0.149280757135790,s0.132066201011872
030_5,s0.389585016000689,s0.715819576120777,s181.509473761756112
030_6,s1.170265575549391,s0.727189317900970,s169.389087211548997
030_7,s1.738274674562027,s0.797395228027720,s180.204862290838349
030_8,s2.364477950174074,s0.774788723391254,s188.257331498132203
030_9,s2.977621376674573,s0.791687020871106,s191.829387480790245
030_10,s0.099154994395597,s0.961023732327736,s5.449511202492311
030_11,s0.743951535790811,s0.944710744708870,s0.956204513437171
030_12,s1.402612624690353,s0.997490567667349,s359.996367910099934
030_13,s2.098870681829887,s1.000684416987980,s359.881448936815332
030_14,s2.788568211003471,s1.010596970522306,s359.468408462903994
030_15,s0.375699973070044,s1.799498180943675,s184.485814308229067
030_16,s1.051620318460404,s1.797060653247427,s179.977124290995050
030_17,s1.748673826508291,s1.801507879794619,s179.999843746898193
030_18,s2.438200136098859,s1.813580278141615,s179.942994854492468
030_19,s2.965345537585183,s2.006697356304244,s195.469696498996825
030_20,s0.117992304751133,s1.998541201753353,s26.879454660684932
030_21,s0.713067873998920,s2.029011852571207,s357.882644656195737
030_22,s1.399125919956434,s2.009245484265063,s1.945511003143062
030_23,s2.088146580828354,s2.014054475125221,s1.529364812311478
030_24,s2.691784605965762,s2.174868488456603,s8.685400022872253
030_25,s0.509521614735543,s2.999784181311427,s157.510936198130793
030_26,s1.109628809792488,s2.951061257140312,s173.306813620063480
030_27,s1.727193084706257,s2.828597994570586,s182.454001622646075
030_28,s2.271514655625355,s3.005628232893958,s186.948778407948538
030_29,s2.967123606423453,s2.966793503024824,s187.683167389847370
031_0,s2.566707319383801,s0.175124677547589,s241.441320346633972
031_1,s0.979924004741416,s0.827008805825055,s99.994629053864415
031_2,s3.110730018689212,s2.912592048250561,s100.062554740644529
031_3,s3.018763994978620,s2.357534299315045,s105.802286695642337
031_4,s1.238074986237754,s0.158360423018693,s87.108425197270975
031_5,s2.206854583700278,s1.759339545592978,s271.270075777598151
031_6,s0.989020512388788,s0.399817562437298,s270.627923517674390
031_7,s1.026194599100090,s3.083765210519531,s276.707495693124770
031_8,s2.274525628114330,s0.617690896033521,s262.937517224601550
031_9,s1.208583151340757,s0.934919605829418,s273.782789265880240
031_10,s1.976338938346685,s2.301310697114328,s94.291061389416811
031_11,s2.141956778274125,s1.453691926380460,s96.513188000660591
031_12,s2.081638484485595,s0.752989784290676,s94.505085090121312
031_13,s0.998697387139925,s1.259034005214564,s92.955841896092380
031_14,s3.185232800148881,s0.988753205993473,s445.047579851912758
031_15,s2.313569760368538,s1.283802166466817,s267.929338455523634
031_16,s1.046137203167408,s2.412475739199507,s274.855781124123553
031_17,s1.265852260474825,s1.843126590754131,s278.114975003991560
031_18,s0.173223978959519,s1.507850240229819,s274.678526600026657
031_19,s0.026959720485862,s0.955129532675369,s280.830125094470304
031_20,s3.110406708702197,s1.604413024416078,s96.951232424250534
031_21,s2.044554486459100,s0.219911581292082,s93.116761988690143
031_22,s1.876251474628197,s2.665701702548985,s91.244317217393160
031_23,s1.019691511613738,s1.947114713118216,s90.358404991565763
031_24,s0.956315645199507,s2.617011633101749,s440.613758857644598
031_25,s0.136431930622452,s0.384307180933609,s270.977208621065870
031_26,s2.138863789283783,s2.408940062448982,s288.145267295388976
031_27,s2.062355656124028,s2.950612607764051,s287.206287011328300
031_28,s0.000359576013402,s2.152102282091989,s288.643607291981652
031_29,s0.015438644111929,s3.011926017760675,s270.454574691654727
031_30,s0.093634511332696,s0.514717589187845,s386.436216443492185
032_0,s0.599681544698730,s0.465875270899450,s-5.236504816236626
032_1,s1.798070499262013,s0.050955063976204,s0.453894978621008
032_2,s2.461568570780991,s-0.135459435619756,s-2.626542636752792
032_3,s2.632612384965570,s0.262365693136907,s-1.074423627825104
032_4,s0.373220442681295,s0.904243138034551,s187.974527537761332
032_5,s0.544432620957920,s0.513672716218726,s184.166286090729614
032_6,s1.893194888866827,s0.737766601897988,s183.528014413208552
032_7,s2.473374590773036,s0.592815381554138,s167.413885352975910
032_8,s2.802718861259320,s1.011183962224545,s178.418110367904461
032_9,s0.143148069485362,s1.081879734052198,s-5.472385725714950
032_10,s0.534638943410522,s1.012879907566284,s0.140759115615154
032_11,s1.419676028678514,s1.196380652655994,s2.920372016765191
032_12,s1.891685120615159,s0.945951428207711,s-4.103294347739068
032_13,s2.914700271345568,s1.195399870039533,s0.709258636058753
032_14,s0.000151529543507,s1.960015920797731,s183.130500055769687
032_15,s1.051835517607448,s1.471842171171830,s178.777143013322132
032_16,s1.728357068703406,s1.515002475198080,s195.341097884583320
032_17,s2.485152765965122,s2.077633200344243,s192.747997033636608
032_18,s2.732023937950435,s1.676448721904793,s210.482682608480928
032_19,s0.081384596038862,s2.261884808533849,s5.166986069735383
032_20,s0.889442557943523,s1.842279732953148,s4.273069759633126
032_21,s1.577098894357749,s1.766110126375642,s-2.368678061832876
032_22,s2.164927203838477,s1.922856067488047,s3.885586968730012
032_23,s2.552269468428917,s1.966100127838493,s-4.898893660417723
032_24,s0.296463445533296,s2.948520271511596,s166.910416600166798
032_25,s1.161724238015653,s2.773312292356370,s175.564549495707126
032_26,s1.772671169279849,s2.803399597101606,s179.911237940247844
032_27,s2.375483775668202,s3.035521121505299,s211.940479407379144
032_28,s2.936721548814247,s3.104723256286119,s206.873292730649467
032_29,s0.111932516876376,s2.608351321061492,s30.297006474171148
032_30,s0.746104227922040,s2.763020908918972,s47.030373633082242
032_31,s1.440414366499644,s2.874512497072695,s301.794477478319948
033_0,s0.285783189298696,s-0.002417034042961,s50.713109975369896
033_1,s0.729450138865716,s0.069043096800780,s-0.605780043547022
033_2,s1.516139405101895,s-0.081640541627799,s-0.767376866675118
033_3,s2.412109137491647,s-0.079613146743958,s-4.617071210689578
033_4,s2.561712766652327,s0.137313390803964,s7.645342663742289
033_5,s0.412246276146374,s1.181644060035898,s162.418523387263349
033_6,s1.347802004659825,s0.723837731811818,s183.975154203852725
033_7,s2.114114963639204,s0.753282462596586,s173.644569133019786
033_8,s2.101004716915743,s0.801246037544332,s178.268875750000660
033_9,s2.924251774269115,s0.712937091509249,s193.013962658857594
033_10,s0.205763281858128,s1.137332380403614,s9.238489507526699
033_11,s0.509638388568862,s1.175549629155892,s-1.636418116522231
033_12,s1.355490100074937,s1.067269294227915,s-1.214751730917539
033_13,s1.936081990803414,s1.017944636490522,s-0.330041161480496
033_14,s2.795438173403172,s1.249365516940826,s3.041335419161361
033_15,s0.276439584124200,s1.957297038933973,s176.381553376566586
033_16,s0.688600321839334,s1.743523023295950,s176.746227477004680
033_17,s1.654419618952693,s2.198162057070744,s182.900963209534297
033_18,s2.344273592107821,s1.511430761460508,s186.061817687274896
033_19,s3.008597267714657,s1.662470275673608,s197.565630923588259
033_20,s0.225273320952557,s1.982949668817735,s2.340643301557434
033_21,s0.898996097775759,s1.572553227620662,s-8.603800339429148
033_22,s1.533182074045673,s2.009658769435089,s-6.972806062639073
033_23,s1.981480491633448,s1.626131496760039,s1.795474628882101
033_24,s2.521288373005638,s1.622379656160071,s6.197670476327019
033_25,s0.057111112671600,s3.162926009553939,s187.756558613403769
033_26,s1.653052882054497,s2.789574850338426,s184.382359613116478
033_27,s1.533154528890001,s3.194529573611153,s171.258632625622113
033_28,s2.071371723467394,s3.163461951085372,s187.978225518339940
033_29,s2.715895316461134,s2.816273019724540,s211.842445178008148
033_30,s0.471948596813183,s2.641862925490519,s33.915717542582371
033_31,s1.006405836049977,s2.763024535760831,s35.627200363660428
033_32,s1.495941077806425,s2.942682632213857,s305.438451140939947
034_0,s0.067192243871238,s0.006829660085175,s-2.391990191035514
034_1,s0.765181093369684,s-0.016179564343375,s0.646152324220242
034_2,s1.401947270214993,s0.031573120872937,s-2.877820029699996
034_3,s2.122703075989812,s-0.015290189369263,s0.620731323099829
034_4,s2.788797636827542,s0.049726600218577,s-1.114632965376286
034_5,s0.320434608089098,s0.844494931245768,s181.168443225403053
034_6,s1.109455731415819,s0.785870346794078,s181.183703264047352
034_7,s1.701401050419415,s0.891316207846227,s178.359005857192102
034_8,s2.490256596084938,s0.707194628270253,s180.273092847406019
034_9,s3.152451734099430,s0.762023367701187,s180.637201092926460
034_10,s-0.021615852984063,s1.017910717017682,s-1.290941756328350
034_11,s0.662459468005926,s0.924049153679674,s-1.798321007782305
034_12,s1.329177171470724,s1.075096654558728,s-2.821106760810870
034_13,s2.151507122039669,s1.002362826580961,s-1.173376170372898
034_14,s2.893353359780626,s0.991248414563466,s0.854833746930042
034_15,s0.390590366273130,s1.817834120978611,s178.640224400441866
034_16,s0.977142871334368,s1.733055814821463,s177.710827595657264
034_17,s1.702207906874135,s1.783525248816783,s182.408676117309284
034_18,s2.445222648760439,s1.848493737983748,s177.303847614322791
034_19,s3.187687723833101,s1.708003997489032,s180.798389594229377
034_20,s-0.028769404078296,s1.935427386161321,s-2.810951734160002
034_21,s0.745412998952774,s1.995760641964778,s2.633421599023597
034_22,s1.353088820388828,s2.021994045134140,s2.435278542133359
034_23,s2.174998012728501,s1.929952076731554,s1.288716492464125
034_24,s2.841296283483784,s1.922223672090514,s-2.365839861910071
034_25,s0.361219176658656,s2.739319731814132,s181.514587737587334
034_26,s1.068736445183314,s2.850334877302341,s179.099587422099887
034_27,s1.676177117780352,s2.718683982208826,s179.739454791962089
034_28,s2.427097010316111,s2.887775473118377,s177.699849638639222
034_29,s3.144317260575281,s2.756633019580631,s177.481200063968203
034_30,s-0.055267508885985,s2.964578580553540,s-2.415600455368929
034_31,s0.619139559862223,s2.965997552636713,s-1.878401888962473
034_32,s1.469593739856666,s2.934125370940207,s-0.779654558714933
034_33,s2.074342737341884,s2.966806206913979,s-1.209794218140025
035_0,s0.117330581397308,s0.091980738021486,s21.153358362482106
035_1,s0.566428605340798,s0.136970167458635,s-5.784754848584893
035_2,s1.366986009275946,s0.287821815182668,s3.345579598914518
035_3,s1.951379028917553,s0.047289275065879,s-4.747773931711938
035_4,s2.818618247063607,s0.163777440436239,s-5.757890096499015
035_5,s0.548168034106328,s0.635925213119633,s176.405554447682221
035_6,s1.023714869410941,s0.969145419111347,s180.554084020683035
035_7,s1.638185164835058,s0.634549999198526,s175.147586421373063
035_8,s2.450969954193525,s0.775635355665445,s176.748315124872590
035_9,s3.283773411336498,s0.712554253974331,s185.747308814131316
035_10,s0.138753113335007,s0.870663311976221,s2.182989435410414
035_11,s0.809198895738047,s0.948310352773824,s-2.645302668730551
035_12,s1.487842931591665,s1.224535254568137,s2.251895662443385
035_13,s1.962875083816952,s0.918016025424056,s-1.180534577823763
035_14,s3.069037382709379,s1.097826313997411,s1.688328325468733
035_15,s0.568917612567838,s1.586314965984930,s183.135598435680862
035_16,s1.080099183912401,s1.775916909575426,s180.590116809643547
035_17,s1.508412902049556,s1.760141296071620,s172.976826778085808
035_18,s2.532185709685485,s1.603240480580687,s189.530651366949996
035_19,s3.327149173687007,s1.938642365413797,s184.901772334338233
035_20,s0.121608953312458,s1.991028551614595,s-0.216282281153545
035_21,s0.816878485312079,s2.083935577688330,s-1.886168902871684
035_22,s1.398527391264044,s2.244660869097499,s5.132435621668425
035_23,s1.881840473927735,s2.118598872468665,s-6.201042802960609
035_24,s2.807270838480436,s1.949869006224481,s5.086002752171372
035_25,s0.346783688521793,s2.768140107677576,s181.158797215599492
035_26,s1.165036308883485,s2.875243200699121,s194.322021014028934
035_27,s1.819271084546165,s2.590699145423896,s180.462394572416713
035_28,s2.338081302550141,s2.903267568923233,s183.292993694575983
035_29,s3.259755809682185,s2.954558240397477,s184.422278812166752
035_30,s0.082373485868565,s2.966756464667310,s20.146419480450263
035_31,s0.530522613060667,s2.700691031770821,s1.018242634111647
035_32,s1.586362469949396,s2.917843497225621,s-3.827241471988714
035_33,s2.325022977611602,s2.939269956921725,s-1.630403977910396
035_34,s2.848287448260504,s2.877877095380997,s-2.987177354372584
036_0,s-0.010272553230914,s0.001639018049469,s359.447954321279155
036_1,s0.700218265412277,s-0.000505660059119,s0.000000000000000
036_2,s1.400000000000000,s0.000000000000000,s0.000000000000000
036_3,s2.100000000000000,s0.000000000000000,s0.000000000000000
036_4,s2.799790685008369,s-0.000524975330001,s0.022525250610670
036_5,s0.350000000000000,s0.800000000000000,s180.000000000000000
036_6,s1.050000000000000,s0.800000000000000,s180.000000000000000
036_7,s1.750000000000000,s0.800000000000000,s180.000000000000000
036_8,s2.450000000000000,s0.800000000000000,s180.000000000000000
036_9,s3.183309171993433,s0.784449054519074,s197.270715339303251
036_10,s-0.077014814831845,s0.973160157305484,s353.962151342899233
036_11,s0.700000000000000,s1.000000000000000,s0.000000000000000
036_12,s1.400000000000000,s1.000000000000000,s0.000000000000000
036_13,s2.100000000000000,s1.000000000000000,s0.000000000000000
036_14,s2.800000000000000,s1.000000000000000,s0.000000000000000
036_15,s0.350000000000000,s1.800000000000000,s180.000000000000000
036_16,s1.050000000000000,s1.800000000000000,s180.000000000000000
036_17,s1.750000000000000,s1.800000000000000,s180.000000000000000
036_18,s2.450000000000000,s1.800000000000000,s180.000000000000000
036_19,s3.164539853418156,s1.799847972321997,s184.497327653144566
036_20,s0.000000000000000,s2.000000000000000,s0.000000000000000
036_21,s0.700000000000000,s2.000000000000000,s0.000000000000000
036_22,s1.400000000000000,s2.000000000000000,s0.000000000000000
036_23,s2.100000000000000,s2.000000000000000,s0.000000000000000
036_24,s2.800000000000000,s2.000000000000000,s0.000000000000000
036_25,s0.350000000000000,s2.800000000000000,s180.000000000000000
036_26,s1.050000000000000,s2.800000000000000,s180.000000000000000
036_27,s1.750000000000000,s2.800000000000000,s180.000000000000000
036_28,s2.450000000000000,s2.800000000000000,s180.000000000000000
036_29,s3.180349394651897,s2.849190536837738,s204.101077493220828
036_30,s1.967201108799389,s3.037629217114253,s342.946225628663342
036_31,s0.697666929539466,s3.014833260929920,s358.870213832614809
036_32,s1.322547170031714,s3.159090412660303,s323.297536085701950
036_33,s-0.151492043620443,s2.817791247176203,s357.088107242024080
036_34,s2.720597214836332,s3.015988288601678,s0.810923188961567
036_35,s0.233752235895722,s3.613769294212173,s176.452055249535761
037_0,s-0.066870905287885,s0.294312165934383,s-1.051301204662059
037_1,s1.072563149845264,s0.083221838405552,s3.888228702121164
037_2,s1.919832220240345,s0.219580733567370,s-5.714052433424775
037_3,s2.050190658908350,s0.021503582801440,s1.493847367662065
037_4,s2.782610440019223,s0.135423350336273,s8.327746274417773
037_5,s0.433261954214320,s0.956397323635192,s183.528657234252080
037_6,s1.072739855396402,s0.577845231989954,s170.752633148394835
037_7,s2.012495697582474,s0.770411843902940,s194.409709425112766
037_8,s2.535091355716102,s1.226427780000054,s174.069018042140300
037_9,s3.083923022032278,s0.646748695672610,s191.979955269345396
037_10,s0.170185792088586,s0.973844150170702,s8.204349489276131
037_11,s0.908387964092582,s1.233952327358344,s-6.166058028549680
037_12,s1.493724146205388,s0.824059413291591,s-10.689203667165456
037_13,s1.983995876673325,s1.245216134521195,s16.976016069465430
037_14,s3.040214372351720,s1.232973429482458,s-1.552887639357215
037_15,s0.633221901010815,s1.498779459447949,s177.038081957255713
037_16,s0.933102214657468,s1.745629107072350,s167.654889970189060
037_17,s1.634855645495854,s2.299351765741948,s176.656171900416240
037_18,s2.720772124552534,s1.539115335824032,s171.191482615584249
037_19,s3.165931864194457,s1.685286984729402,s174.593201897569600
037_20,s-0.136861954423350,s1.934044605609478,s-33.701831623002924
037_21,s0.531545335900395,s1.636776793309924,s-0.012018687383861
037_22,s1.082701809584323,s1.447694783514306,s2.755291665301416
037_23,s2.353900328940948,s2.221087915076458,s9.966384932784448
037_24,s2.489131657719052,s2.134147019795603,s-6.946310255236873
037_25,s0.641804704176369,s2.395974172255911,s173.862180148668841
037_26,s1.106491240072947,s2.718352400681621,s175.374170268850037
037_27,s1.330343271512237,s2.810070553224009,s188.477916327499486
037_28,s2.321417485169075,s2.820335271126370,s177.851847407966687
037_29,s2.795516676390239,s2.869102920580926,s184.670394915191338
037_30,s0.314297739579619,s2.942806077374049,s-15.996489294394930
037_31,s0.807571116998511,s2.820632181425220,s-1.053668855536392
037_32,s1.413014795267449,s2.962138943877057,s0.284938284876047
037_33,s2.253840077409552,s2.943674326047487,s-10.020472129371141
037_34,s2.596059926747931,s2.840871315552215,s-7.215598766633164
037_35,s0.642702043216967,s3.378569279224030,s191.867410060022422
037_36,s1.078512820947493,s3.326706154529814,s183.903702389725652
038_0,s0.125162325346143,s0.261729741620192,s27.888641580818042
038_1,s0.710966779911067,s0.419106865213349,s0.679632391017824
038_2,s1.059073734652257,s0.047895406988360,s-1.342805054595543
038_3,s2.065548286678117,s0.359907487720995,s-2.778510776445277
038_4,s3.083968306498448,s0.214659178114144,s-5.390279667379262
038_5,s0.042048465915710,s0.809413649850219,s187.662641300238022
038_6,s1.485019476366805,s0.929896432106112,s178.348934893757246
038_7,s1.963823070003802,s0.709286041843805,s167.483011016112386
038_8,s2.467265659086698,s0.852394148561190,s173.364470445062551
038_9,s3.181728401370077,s0.710398843011891,s180.036773650765809
038_10,s0.103756053062074,s0.988239207150492,s5.761769418031621
038_11,s1.161419778871659,s0.905339447877566,s8.430984002461004
038_12,s0.852783291249891,s1.003542979289277,s0.520342834506689
038_13,s1.782921554157717,s0.849647735499491,s-4.434739605576927
038_14,s2.872126763670629,s0.828756173041274,s-8.370379976756595
038_15,s0.396065682980897,s1.798937929791072,s175.135665765376615
038_16,s0.878252317651921,s1.809674927122252,s194.386194309130758
038_17,s1.982498843572612,s1.662579456840191,s171.641840016670812
038_18,s2.471685962047238,s2.034912300442020,s184.699916926653373
038_19,s3.164757958559399,s1.777525725382188,s170.403590571994329
038_20,s0.151305248396881,s2.205366840585067,s-5.617669016691499
038_21,s0.460362387722566,s1.879404858752195,s-17.059561177620591
038_22,s1.779428231972086,s2.080336884917675,s0.319872487569202
038_23,s2.040939683821197,s1.866050539666672,s-3.312146567097937
038_24,s2.501122972388536,s2.138040551657361,s-9.492197316105317
038_25,s0.250100837124649,s2.339493881635208,s187.403269776938544
038_26,s0.763487270233304,s2.670266653889124,s185.293534718495209
038_27,s1.554858300365272,s2.407844876101250,s184.097476114626687
038_28,s2.143134015260403,s2.704059433266046,s185.990832366032748
038_29,s3.223076410669953,s2.607753649836538,s197.122155037473789
038_30,s-0.007669212958476,s2.899694231280460,s18.265329209110636
038_31,s0.512885158016434,s2.931932715369363,s2.027113995235092
038_32,s1.417860259891748,s2.491390869221019,s-8.121190089907808
038_33,s2.566028002093090,s2.945612595007477,s0.823300377271999
038_34,s2.963078143832817,s3.141186540308161,s-46.010709720628633
038_35,s0.534725104435379,s3.311734746594557,s184.786055724382805
038_36,s1.121466406665579,s3.528216231944285,s187.205184510025504
038_37,s1.881490516031566,s3.482233732623911,s173.343471237861280
039_0,s0.241749674259941,s0.064521762656097,s-6.398530083589853
039_1,s0.843658190720282,s0.023402898417792,s1.737223413037069
039_2,s1.409478956806249,s0.075079681778081,s-4.169326813205853
039_3,s2.225695089065700,s0.152902626538162,s5.659273153200521
039_4,s2.876302109944403,s0.021991895567020,s0.752136143112590
039_5,s0.465759902152716,s0.655220133375636,s183.057327536764149
039_6,s0.936594205441002,s0.667485681898077,s179.384279491952327
039_7,s1.851546533189031,s0.791883271220095,s174.463412990775225
039_8,s2.377562940863342,s0.779005104337147,s177.618096539918241
039_9,s3.243957141218413,s0.788733005480574,s180.399132243199062
039_10,s-0.128649500652913,s0.816420634096661,s1.810263594861999
039_11,s0.727905697342014,s0.851824545426836,s-3.286369695265407
039_12,s1.215506866087061,s0.985575904227497,s0.851607881357330
039_13,s2.042194214833938,s0.837247541008594,s-2.369165663794647
039_14,s2.881380910566499,s0.972578211232751,s2.457229931695952
039_15,s0.394918413310090,s1.879658309953808,s180.043150776772421
039_16,s0.858933153761960,s1.814195757096524,s182.096794072623766
039_17,s1.604371634674774,s1.759167322091864,s177.508113253471265
039_18,s2.680026588368205,s1.766920942878590,s180.519256075449050
039_19,s3.052785133814318,s1.943919981180377,s180.662073123070485
039_20,s0.025760110091304,s2.051010226373760,s5.783607176880139
039_21,s0.654213049627728,s2.025232756595023,s2.112951830528167
039_22,s1.246124188252496,s2.001589040958503,s3.911839113211501
039_23,s2.004617823372298,s1.938273974540339,s-1.547333058033395
039_24,s2.880845502824189,s2.081002500601945,s0.064022911365208
039_25,s0.538393040938589,s2.697011115407792,s184.907240209101275
039_26,s0.975710870018849,s2.799371085673927,s184.525692314322328
039_27,s1.916296510955140,s3.003956243174451,s178.659840844319376
039_28,s2.565224959066613,s2.734172327779075,s185.497548900942746
039_29,s3.144406566945563,s2.732932728496886,s180.904132409920351
039_30,s0.134857092483145,s2.967899871503000,s-2.470924032104582
039_31,s0.666411976700320,s2.940772667417890,s-4.451509725682623
039_32,s1.433781354095969,s3.083541664209537,s0.321937144167419
039_33,s2.308152865646421,s2.968574098959292,s-3.049001122866290
039_34,s2.777804048366686,s3.033636263465374,s0.362623194427056
039_35,s0.132767053857977,s3.750514815484889,s181.116535666377388
039_36,s1.122974046341194,s3.746528306136379,s180.904154504824220
039_37,s1.845513904479193,s3.773610775774466,s183.430708210135094
039_38,s2.478791885907939,s3.790345048929232,s178.397065502141686
040_0,s-0.070263201052291,s0.096128874716316,s-3.125818471221112
040_1,s0.535684169846256,s0.072743652209647,s-5.637381111627914
040_2,s1.423753914750542,s0.042225236145762,s6.786969409148785
040_3,s2.103830051925740,s0.082469673064369,s-0.148059180510428
040_4,s2.944277336737590,s0.057839077340010,s-5.990758371344405
040_5,s0.280062718128939,s0.819491651770428,s180.464573610304740
040_6,s1.056970230135339,s0.921209751255527,s186.995430159467588
040_7,s1.631941404824972,s0.715938942016062,s177.835511353358726
040_8,s2.277882653901983,s0.765849027359619,s180.916016429399519
040_9,s3.039456008295049,s0.755150953788337,s179.012823886792688
040_10,s0.010490616227675,s1.213072942378938,s4.318083530197628
040_11,s0.739639637924226,s0.997051810212752,s-1.437326541314984
040_12,s1.450666147869274,s0.904651067338171,s1.169277281476578
040_13,s2.052063627088126,s0.923177095676732,s3.185522454984613
040_14,s2.925335016572049,s1.191078071496943,s0.300680244912106
040_15,s0.311378144831894,s1.825720812447479,s174.179469329700709
040_16,s1.074917789308399,s1.760449261386612,s174.937462800063656
040_17,s1.896000974977001,s2.002428934276105,s176.246846423916764
040_18,s2.501985427540612,s1.761833432731244,s185.391431902493991
040_19,s3.125918777545848,s1.863373814701409,s183.534388933257674
040_20,s-0.068247285265026,s1.967968149083549,s-2.343290817655821
040_21,s0.664221368062437,s1.969028035440529,s4.775008492250196
040_22,s1.489720891889130,s1.997513578522556,s-3.085970695360471
040_23,s2.148772979659136,s2.115939397106219,s-0.276603511541740
040_24,s2.640083559782381,s2.049258882132980,s2.435568756356226
040_25,s0.521239002516636,s2.653081001029109,s180.155199751902643
040_26,s1.129420804177415,s2.889943980759972,s180.455356410028003
040_27,s1.740568801068060,s2.801905690160766,s185.105205437446131
040_28,s2.458792331010987,s2.955754897909964,s184.391936500779025
040_29,s3.229286897068895,s2.808398223921851,s180.203383312530008
040_30,s-0.142894234728686,s2.864658706698278,s-11.483080010877561
040_31,s0.711108903801967,s2.861107855907485,s-2.155830915817127
040_32,s1.560204612039141,s3.021875458657119,s-0.265360702442622
040_33,s2.105460494931170,s2.947211040442832,s-3.086247356530840
040_34,s2.810823446321524,s3.033398563850604,s-0.867466054092963
040_35,s0.313711519216810,s3.694399099616760,s178.169103563165748
040_36,s0.989295803059518,s3.695646983463008,s177.748554433308982
040_37,s1.592792167330429,s3.693865491608049,s184.219315077661122
040_38,s2.394018600323641,s3.704145468162497,s178.893091104623210
040_39,s3.240523912389023,s3.603957730309528,s196.292481298463770
041_0,s0.190012863359194,s0.186892239885714,s29.436121097781992
041_1,s0.567608728886981,s0.060801311263772,s-6.437154376490938
041_2,s1.336786382237931,s0.134096448625052,s4.355870803929061
041_3,s2.248782944511734,s0.230966304013796,s-6.236774755023045
041_4,s2.836049062777268,s0.114392905724171,s-0.782287724695841
041_5,s3.402375698503791,s0.023378152451455,s4.258494665498458
041_6,s0.489224895605187,s0.634794738275241,s182.654636848854665
041_7,s0.857214594519630,s0.618111804604767,s177.871122645555545
041_8,s1.884975764335326,s0.826082834089137,s180.699023719640422
041_9,s2.381067850153620,s0.854597276435367,s183.585927328313005
041_10,s3.122637257377476,s0.986233526526844,s182.593443564516917
041_11,s0.153088437268930,s0.872964802788843,s16.584990428604016
041_12,s0.559493718438642,s0.858899385105582,s-6.744925278691843
041_13,s1.340107586880324,s1.172151003905259,s4.189166194741371
041_14,s2.025591951619204,s0.905321034289267,s-1.694808281169452
041_15,s2.867719458243534,s0.955890070815477,s1.693074304135062
041_16,s3.422051958928241,s0.821376794893183,s-2.793365158023648
041_17,s0.486441701568763,s1.661705901061950,s181.460322284225896
041_18,s1.057781008711802,s1.550604050201775,s175.563092987596747
041_19,s1.702193588003925,s1.717327446536573,s181.927466098984240
041_20,s2.457547030535728,s1.840389326348607,s186.108387367821138
041_21,s3.019950799327748,s1.897438578903203,s182.515292230500052
041_22,s0.252155784491720,s1.975242131716310,s18.366458166787840
041_23,s0.451963258784329,s1.885920121523359,s-0.440142495583714
041_24,s1.306465822093920,s2.022365683949042,s3.559457196894894
041_25,s1.984300781427750,s2.274300491730065,s3.233772263802217
041_26,s2.596010370672678,s1.900031587978014,s-6.763626435048941
041_27,s3.453634720920697,s2.104696294354657,s-15.999939606526487
041_28,s0.428420453096509,s2.926018556196927,s176.725816103104961
041_29,s1.053378460433230,s2.397465024693981,s180.406565719490175
041_30,s1.862146946101434,s2.732435651008664,s177.650465800110823
041_31,s2.360780272463690,s2.772616696191423,s174.976326011531540
041_32,s3.121955339654866,s2.945505824810091,s177.242988247989928
041_33,s0.043508885378941,s3.001068607018116,s3.013478752684463
041_34,s0.745619766428323,s3.119843127803563,s2.374026300005269
041_35,s1.200265912734732,s2.823416403644858,s0.136659950044291
041_36,s2.110920031109181,s3.069513556872533,s-17.300345270271904
041_37,s2.835966891648138,s2.851311324686248,s-0.828861233313433
041_38,s3.419564473441447,s2.899756722067266,s2.856719803904587
041_39,s0.384614185366013,s3.544047561562272,s179.512319310751877
041_40,s1.160097166314293,s3.693913742632285,s186.385991630801271
042_0,s0.000000000000000,s0.000000000000000,s0.000000000000000
042_1,s0.700000000000000,s0.000000000000000,s0.000000000000000
042_2,s1.400000000000000,s0.000000000000000,s0.000000000000000
042_3,s2.100000000000000,s0.000000000000000,s0.000000000000000
042_4,s2.800000000000000,s0.000000000000000,s0.000000000000000
042_5,s3.500000000000000,s0.000000000000000,s0.000000000000000
042_6,s0.350000000000000,s0.800000000000000,s180.000000000000000
042_7,s1.050000000000000,s0.800000000000000,s180.000000000000000
042_8,s1.750000000000000,s0.800000000000000,s180.000000000000000
042_9,s2.450000000000000,s0.800000000000000,s180.000000000000000
042_10,s3.150000000000000,s0.800000000000000,s180.000000000000000
042_11,s0.000000000000000,s1.000000000000000,s0.000000000000000
042_12,s0.700000000000000,s1.000000000000000,s0.000000000000000
042_13,s1.400000000000000,s1.000000000000000,s0.000000000000000
042_14,s2.100000000000000,s1.000000000000000,s0.000000000000000
042_15,s2.800000000000000,s1.000000000000000,s0.000000000000000
042_16,s3.500000000000000,s1.000000000000000,s0.000000000000000
042_17,s0.350000000000000,s1.800000000000000,s180.000000000000000
042_18,s1.050000000000000,s1.800000000000000,s180.000000000000000
042_19,s1.750000000000000,s1.800000000000000,s180.000000000000000
042_20,s2.450000000000000,s1.800000000000000,s180.000000000000000
042_21,s3.150000000000000,s1.800000000000000,s180.000000000000000
042_22,s0.000000000000000,s2.000000000000000,s0.000000000000000
042_23,s0.700000000000000,s2.000000000000000,s0.000000000000000
042_24,s1.400000000000000,s2.000000000000000,s0.000000000000000
042_25,s2.100000000000000,s2.000000000000000,s0.000000000000000
042_26,s2.800000000000000,s2.000000000000000,s0.000000000000000
042_27,s3.500000000000000,s2.000000000000000,s0.000000000000000
042_28,s0.350000000000000,s2.800000000000000,s180.000000000000000
042_29,s1.050000000000000,s2.800000000000000,s180.000000000000000
042_30,s1.750000000000000,s2.800000000000000,s180.000000000000000
042_31,s2.450000000000000,s2.800000000000000,s180.000000000000000
042_32,s3.150000000000000,s2.800000000000000,s180.000000000000000
042_33,s0.000000000000000,s3.000000000000000,s0.000000000000000
042_34,s0.700000000000000,s3.000000000000000,s0.000000000000000
042_35,s1.400000000000000,s3.000000000000000,s0.000000000000000
042_36,s2.100000000000000,s3.000000000000000,s0.000000000000000
042_37,s2.800000000000000,s3.000000000000000,s0.000000000000000
042_38,s3.500000000000000,s3.000000000000000,s0.000000000000000
042_39,s0.350000000000000,s3.800000000000000,s180.000000000000000
042_40,s1.050000000000000,s3.800000000000000,s180.000000000000000
042_41,s1.750000000000000,s3.800000000000000,s180.000000000000000
043_0,s0.082903984702216,s0.254862889555998,s28.223484020373995
043_1,s0.641598523620152,s0.135789463786873,s-7.516924624900296
043_2,s1.256913423499201,s0.112687241096715,s3.743343713842926
043_3,s2.156407060653195,s0.127285134048912,s-3.420407232710957
043_4,s2.774493836447158,s0.236108244916489,s1.633435533181670
043_5,s3.488182308436220,s0.092004930762671,s-25.826766856684245
043_6,s0.288450609919237,s0.794593204551997,s186.140739422611574
043_7,s1.103274972998860,s0.935432399389055,s174.871081538930440
043_8,s1.469467363560113,s0.875412389070686,s182.065529341643952
043_9,s2.131660148197452,s0.742756006716424,s175.970578589389504
043_10,s3.072314849236188,s0.642343370467241,s184.979947538151976
043_11,s0.044471251320664,s1.034613061189854,s11.046816308796275
043_12,s0.876589789993067,s1.055057052968122,s1.515952000611754
043_13,s1.199233953725427,s0.924914407103914,s0.603550696692120
043_14,s2.047958221423634,s0.908027938687808,s-3.570142817615079
043_15,s2.528247892834688,s1.129859640289546,s-8.455438362336640
043_16,s3.300173237338338,s1.306971432493650,s8.581203406473881
043_17,s0.399694518682881,s1.871129056169706,s180.370339984126133
043_18,s0.937129497251092,s2.170103744532346,s183.177145820231118
043_19,s1.924456989896583,s1.538796899151949,s179.874809579201241
043_20,s2.561692800528488,s1.686400557661378,s185.826364657914155
043_21,s3.012924939273905,s1.921215069727568,s186.931748792538741
043_22,s0.055278297713472,s2.235523216257987,s22.404491553847944
043_23,s0.553815398994997,s1.877180622211060,s-0.472197028401113
043_24,s1.577655708704461,s2.084604832786904,s-6.065564563290223
043_25,s1.983848011458390,s1.975637771858509,s3.919168946723667
043_26,s2.840196095756700,s1.963936525671428,s-1.043690229070163
043_27,s3.328289925066427,s2.075167031817354,s-4.392021960833384
043_28,s0.476016682118548,s2.935728934552542,s184.761099915851418
043_29,s1.083359403959335,s2.806042655845123,s181.629515345456980
043_30,s1.803391633243257,s2.771145313138624,s179.182161920251048
043_31,s2.374910925773935,s3.055146207385985,s178.355637243772975
043_32,s3.026870878414032,s2.588172255039452,s176.082092984961491
043_33,s0.053342407614239,s3.000704932752973,s-0.860002220988383
043_34,s0.836005754138685,s2.800362896376596,s-1.306988764801181
043_35,s1.447893280973893,s2.951211819415700,s-0.301620194173405
043_36,s2.211880549689929,s3.096100305312240,s-2.631574235649649
043_37,s2.771782981280035,s2.955281243123762,s6.978953195728496
043_38,s3.443534675173542,s2.928666683401515,s-21.138863148634922
043_39,s0.392970415252544,s3.660006678381667,s180.709318800891452
043_40,s0.977856947438427,s3.616111368450350,s181.429555180607650
043_41,s1.958990589231582,s3.779307867204008,s177.656110767769292
043_42,s2.296579013371116,s3.651298274281767,s179.897376462937160
044_0,s0.000000000000000,s0.000000000000000,s0.000000000000000
044_1,s0.700000000000000,s0.000000000000000,s0.000000000000000
044_2,s1.400000000000000,s0.000000000000000,s0.000000000000000
044_3,s2.100000000000000,s0.000000000000000,s0.000000000000000
044_4,s2.800000000000000,s0.000000000000000,s0.000000000000000
044_5,s3.500000000000000,s0.000000000000000,s0.000000000000000
044_6,s0.350000000000000,s0.800000000000000,s180.000000000000000
044_7,s1.050000000000000,s0.800000000000000,s180.000000000000000
044_8,s1.750000000000000,s0.800000000000000,s180.000000000000000
044_9,s2.450000000000000,s0.800000000000000,s180.000000000000000
044_10,s3.150000000000000,s0.800000000000000,s180.000000000000000
044_11,s0.000000000000000,s1.000000000000000,s0.000000000000000
044_12,s0.700000000000000,s1.000000000000000,s0.000000000000000
044_13,s1.400000000000000,s1.000000000000000,s0.000000000000000
044_14,s2.100000000000000,s1.000000000000000,s0.000000000000000
044_15,s2.800000000000000,s1.000000000000000,s0.000000000000000
044_16,s3.500000000000000,s1.000000000000000,s0.000000000000000
044_17,s0.350000000000000,s1.800000000000000,s180.000000000000000
044_18,s1.050000000000000,s1.800000000000000,s180.000000000000000
044_19,s1.750000000000000,s1.800000000000000,s180.000000000000000
044_20,s2.450000000000000,s1.800000000000000,s180.000000000000000
044_21,s3.150000000000000,s1.800000000000000,s180.000000000000000
044_22,s0.000000000000000,s2.000000000000000,s0.000000000000000
044_23,s0.700000000000000,s2.000000000000000,s0.000000000000000
044_24,s1.400000000000000,s2.000000000000000,s0.000000000000000
044_25,s2.100000000000000,s2.000000000000000,s0.000000000000000
044_26,s2.800000000000000,s2.000000000000000,s0.000000000000000
044_27,s3.500000000000000,s2.000000000000000,s0.000000000000000
044_28,s0.350000000000000,s2.800000000000000,s180.000000000000000
044_29,s1.050000000000000,s2.800000000000000,s180.000000000000000
044_30,s1.750000000000000,s2.800000000000000,s180.000000000000000
044_31,s2.450000000000000,s2.800000000000000,s180.000000000000000
044_32,s3.150000000000000,s2.800000000000000,s180.000000000000000
044_33,s0.000000000000000,s3.000000000000000,s0.000000000000000
044_34,s0.700000000000000,s3.000000000000000,s0.000000000000000
044_35,s1.400000000000000,s3.000000000000000,s0.000000000000000
044_36,s2.100000000000000,s3.000000000000000,s0.000000000000000
044_37,s2.800000000000000,s3.000000000000000,s0.000000000000000
044_38,s3.500000000000000,s3.000000000000000,s0.000000000000000
044_39,s0.350000000000000,s3.800000000000000,s180.000000000000000
044_40,s1.050000000000000,s3.800000000000000,s180.000000000000000
044_41,s1.750000000000000,s3.800000000000000,s180.000000000000000
044_42,s2.450000000000000,s3.800000000000000,s180.000000000000000
044_43,s3.150000000000000,s3.800000000000000,s180.000000000000000
045_0,s0.095739857456622,s-0.103473797748071,s0.327730883707677
045_1,s0.450616140249406,s0.087759405008099,s1.657824413560951
045_2,s1.303687855741160,s-0.085806333270907,s0.406912666043150
045_3,s2.086481806129819,s-0.072645263303126,s2.831382968912573
045_4,s2.830702173527841,s-0.036046204763426,s-18.244983211186117
045_5,s3.674696187395310,s-0.018742677364801,s-5.427712918939343
045_6,s0.563031501543280,s0.835532929299026,s182.940812475446251
045_7,s1.273387316976997,s0.662690454460723,s175.171971482801837
045_8,s1.779724605696565,s0.752251286769499,s179.711918948494031
045_9,s2.505314189587845,s1.038987797540898,s185.666141506691105
045_10,s3.385910477823385,s0.978651669553458,s188.457604392222237
045_11,s3.757583702419634,s0.647548404976907,s180.723433788063090
045_12,s0.227525220480371,s0.722239596642885,s-8.168029365946190
045_13,s0.708653857350772,s0.713703202488507,s-5.074988748956146
045_14,s1.461109380855801,s1.156433921047577,s0.176148522021560
045_15,s2.228761158889874,s1.195134025447674,s-3.580783873530395
045_16,s2.601861193338950,s1.089752057341608,s3.225623425156543
045_17,s3.464598834242939,s0.901824490259376,s4.458946993761714
045_18,s0.059528847823926,s1.701482880651859,s176.315499657663850
045_19,s0.958269943130512,s1.824390885218955,s172.464864105269271
045_20,s1.464133411470775,s1.742051110851124,s181.789561105738898
045_21,s2.467855542724116,s1.661391130850271,s190.546721737053957
045_22,s3.317971032808389,s1.687399491688077,s187.775080778257461
045_23,s3.762476907785385,s1.633649406956908,s174.216967975507771
045_24,s0.166948050454337,s1.904228432165078,s10.627069133971501
045_25,s0.695188996102197,s2.273660792206827,s9.983900941298799
045_26,s1.371911408881157,s1.930259469855534,s-3.422803615525657
045_27,s2.418954783201569,s2.220682023209302,s-3.508317233084030
045_28,s3.036762591816353,s2.042500751920588,s3.038005705945725
045_29,s3.755143444864574,s2.022096240077955,s9.091818659257548
045_30,s0.141873453424205,s2.846934144005017,s180.836373310070996
045_31,s1.168454442854377,s2.694336522058030,s184.428143521151043
045_32,s1.547231338889518,s2.957982965743584,s183.960531565347850
045_33,s2.435924129540386,s2.471934345150713,s180.119721393107881
045_34,s3.076551982522548,s2.834205876008796,s184.112703187611601
045_35,s3.721017644542882,s2.562709715825402,s173.906418922784809
045_36,s0.197224170884689,s3.112978138011029,s-3.550463315971707
045_37,s0.593298346667755,s3.114520472969927,s-2.381988242046558
045_38,s1.284119721482144,s3.021572544066101,s-10.883891274155921
045_39,s2.014607436444043,s3.022104679691381,s-1.702098254490313
045_40,s2.579583156731476,s2.928174419636228,s9.749273449344635
045_41,s3.670024566521982,s2.866053645778801,s-1.655662484463583
045_42,s0.072208577953276,s3.796672571844653,s178.615978221224708
045_43,s1.015783475266946,s3.598802448235192,s180.763208095639698
045_44,s1.860192280335170,s3.730277326233344,s182.997577831290045
046_0,s0.274258201407727,s0.048186628258011,s12.650317385990997
046_1,s0.762058110179927,s-0.073463249663292,s11.624473458439565
046_2,s1.583718820700611,s0.045393001366776,s18.137255276730809
046_3,s1.923590963286809,s0.087117957540171,s-6.943261664995293
046_4,s2.745691441576244,s0.346738094702290,s-7.253166277486383
046_5,s3.430541059464643,s-0.075249163277941,s8.256279088656990
046_6,s0.355500127724478,s0.706446363077225,s181.729302437566446
046_7,s0.865340146601808,s1.028844833108391,s172.810253024077554
046_8,s1.754552866737918,s0.447212757981051,s194.265195841545875
046_9,s2.505555032894319,s0.590687051474293,s179.727826700942842
046_10,s2.743577353515064,s0.576865427133879,s170.981016378739639
046_11,s3.767939261721249,s0.640933924341388,s205.777318984516626
046_12,s0.271431305600550,s0.719618157391094,s-7.705374225540202
046_13,s0.546340851112617,s1.345789565007326,s-11.462604214870598
046_14,s1.486209990209374,s0.962656366418048,s11.427003452681518
046_15,s1.726777244647129,s0.903101103942065,s2.741332779710885
046_16,s2.857775180659805,s0.908259829201405,s1.782023148685558
046_17,s3.615010779045795,s1.030254178219325,s-0.551176721460741
046_18,s0.282033657897178,s2.257899035038465,s185.561903299830789
046_19,s1.074014500573182,s1.691982214403507,s173.937230946533674
046_20,s1.623213436653174,s1.731081978134581,s182.206598754657904
046_21,s2.314365045149484,s1.815784936008113,s179.165624053662498
046_22,s2.968928097321869,s2.159849779893902,s182.617570161992205
046_23,s3.741516670092996,s1.825684588374555,s171.330504790077214
046_24,s0.277964261659720,s2.086896563564734,s-7.660133549142454
046_25,s1.110906200582640,s1.875929692706992,s2.048241131623127
046_26,s1.522537143860219,s1.848679237288939,s25.807164139355695
046_27,s1.699888954487000,s1.862922210464783,s10.211521894849437
046_28,s2.669623515974835,s2.066468052211104,s17.592782496753323
046_29,s3.520521660701761,s1.830420855034131,s4.353605080125549
046_30,s0.164646566242047,s3.110803587085636,s182.013598896052201
046_31,s0.948194856895230,s2.967951859050397,s182.943578825224222
046_32,s1.637005125904570,s3.185031263046255,s184.615441419340868
046_33,s2.393871975335087,s2.465899942709307,s184.406292613955515
046_34,s3.280629615786405,s2.763958860363037,s172.026477758497748
046_35,s3.755245648088909,s2.462715003836689,s193.818096430053515
046_36,s0.370556556376133,s3.095228809091357,s-5.734248952966655
046_37,s0.597970309717954,s3.054451633711106,s-4.005327576107930
046_38,s1.147397991075967,s2.917786638558455,s-0.483867816316022
046_39,s2.484381336066195,s3.095593545861817,s1.297628864324560
046_40,s3.072299071195385,s2.984789667299784,s8.506194380167189
046_41,s3.638456034896276,s3.095170602733464,s68.800757634980499
046_42,s0.401163766983246,s3.618352658221144,s192.993737546424398
046_43,s1.257434048001827,s3.762198393881335,s195.009523746762312
046_44,s1.843851221341907,s3.489365484676525,s173.322501663188746
046_45,s2.669179098855881,s3.765368461304149,s181.232587041988040
047_0,s-0.009297483235715,s0.199781231154172,s-8.667421056397369
047_1,s0.523655639708744,s0.172021532780433,s-8.338095083856073
047_2,s1.522519805426910,s0.247267805329250,s-14.710424984900380
047_3,s1.991290989334682,s-0.052540149354985,s12.940421440290864
047_4,s2.423836175124135,s0.118378706877943,s-0.207368543606296
047_5,s3.513192406047934,s0.552787407145636,s-0.319608967269026
047_6,s0.064657451662434,s0.440323055506239,s175.458445825557305
047_7,s1.207680371927035,s0.659196883432136,s164.510229397293472
047_8,s2.032555333563241,s0.979762747331824,s179.975789079833959
047_9,s2.117351575376288,s0.618977741392512,s196.250504059871389
047_10,s3.076950148960002,s0.796902043592584,s171.975745201328692
047_11,s3.619209884719261,s0.726153309871906,s176.039758616199720
047_12,s0.072161509886312,s1.045779872967609,s6.070129595474436
047_13,s0.492944993499265,s1.017727161704698,s1.028896323342560
047_14,s1.419594645138301,s1.202327851122232,s-0.392746986300424
047_15,s2.300991953336752,s0.910735859383347,s1.596373450316655
047_16,s2.504268375481098,s1.355679538968415,s-3.643940168870339
047_17,s3.578694729718161,s1.069271880679120,s-11.562231405321391
047_18,s0.344751898795382,s1.699831851687419,s192.348067301950664
047_19,s1.014585979232132,s1.574717231230676,s180.402005711013686
047_20,s1.866373409381880,s2.195697788191041,s169.626005560674770
047_21,s2.491378622913559,s1.974101699367584,s176.604094857259639
047_22,s3.442427753635410,s1.750714511793225,s176.202890742983669
047_23,s3.688546140277467,s1.660715521425064,s183.633289996489992
047_24,s0.039949197914082,s2.222429504352351,s-4.560888096494201
047_25,s0.669347827188210,s2.154437202642959,s-10.324327763943783
047_26,s1.436702745077874,s1.892067782281379,s3.627981090966829
047_27,s2.020633867289130,s2.139002274039766,s-2.818227730926594
047_28,s2.412208958416654,s1.699992169704145,s0.578326374899729
047_29,s3.555581885578341,s1.942064335850128,s2.914235199092256
047_30,s0.274173779877017,s2.558333269389919,s167.713059772326659
047_31,s1.312302242185088,s2.594933431492588,s180.500562587760641
047_32,s1.388996883891062,s2.576142364032324,s181.019403070225223
047_33,s2.677560143408517,s2.911754847617697,s191.600905979685677
047_34,s3.091924165637075,s2.701305864616371,s189.551948133537508
047_35,s3.641310215528135,s2.652543852413412,s199.955539151366168
047_36,s0.049970702218946,s3.323488474315862,s-2.642861241744499
047_37,s0.653434673798345,s3.234139189345961,s5.688946402053537
047_38,s1.305242008367828,s2.954340515217132,s-6.728282803003240
047_39,s2.137784440841868,s2.929720710049486,s-9.208718807326180
047_40,s2.746829729953334,s3.070550308291789,s2.363321263865043
047_41,s3.134707924377429,s2.781066860775794,s-9.396276886644781
047_42,s0.225278932473673,s3.809196461526440,s183.009034254952326
047_43,s1.106092598749054,s3.646076099442166,s185.727307069862348
047_44,s1.656219044480715,s3.891312242441801,s178.789636569394702
047_45,s2.277005395660094,s3.766839069111036,s174.179810249186886
047_46,s3.496142549066369,s3.845466562585918,s204.782948780655829
048_0,s0.455954859412109,s0.089785187693985,s-115.367202497842356
048_1,s1.249245766108669,s0.417198471999086,s-10.608998046787640
048_2,s1.830706631285673,s0.055890101699642,s6.662713058534147
048_3,s2.055351672361517,s0.445753074816509,s0.507034615218044
048_4,s2.620341474827946,s-0.049631937629748,s-4.682844693293517
048_5,s3.467707655999344,s-0.063121908612536,s-6.123661540791870
048_6,s1.052496773295493,s1.188571147792059,s192.582544337006567
048_7,s0.880827061443976,s0.579984031163178,s188.074908131023250
048_8,s1.706324310586813,s1.119574965065897,s167.337656771052053
048_9,s3.010052819452279,s0.516985724930194,s196.745641736535845
048_10,s2.512562498527605,s0.517638840292781,s183.249933338357522
048_11,s3.420549311880112,s1.000334276292072,s169.986136368910309
048_12,s0.403701183837915,s1.390460942392321,s2.365639879517341
048_13,s0.515121695412122,s0.995459114267767,s-6.532058548394344
048_14,s1.283949163410277,s1.218659353908618,s11.149753213761727
048_15,s2.281848938589480,s1.344961523127531,s-23.833032668603586
048_16,s2.532933527535177,s0.657196389387861,s-5.072853300673599
048_17,s3.106864547176568,s0.660929771712074,s5.902082485581555
048_18,s0.111001181969621,s2.195318837936420,s171.871495522549537
048_19,s1.114465197743693,s1.853306682336122,s184.826011429606297
048_20,s1.052716031775610,s1.694257124928493,s167.045861626435283
048_21,s2.285351015511614,s1.582869285427410,s170.914924378469806
048_22,s3.107227415959099,s1.956359008177851,s167.887955123754836
048_23,s3.172095260472679,s1.725518582144968,s223.369818570031356
048_24,s0.514131268037020,s2.291695763369557,s5.634649445684884
048_25,s1.144948621813966,s1.946356125216441,s-5.910762292889776
048_26,s0.996630278040548,s2.595179009484244,s-12.414289181818091
048_27,s1.600965727017970,s2.119583583091341,s2.229819519440395
048_28,s2.741022152762867,s1.684411520887775,s-1.413808998119652
048_29,s3.444081201636898,s2.596705754853869,s12.870905385599297
048_30,s0.076599028563337,s2.631251568760577,s180.446152750898051
048_31,s0.968304830851122,s2.032576907272147,s181.811373715037945
048_32,s2.334376207508167,s2.515047544857789,s181.851578356864280
048_33,s2.502331407218549,s3.399778051423193,s186.654839272801297
048_34,s3.430162964887150,s2.666713227584683,s174.848837045757477
048_35,s3.386316169894712,s2.635370464498700,s181.253222050252504
048_36,s0.123884353331637,s2.771037340030011,s0.296209329379214
048_37,s1.367740295809102,s2.989598851475533,s-13.802298090517924
048_38,s1.236829708072030,s2.941769122333508,s-13.928433532270626
048_39,s2.074117411446336,s2.938750626088301,s3.091572529228394
048_40,s2.512689506608789,s2.076182119182896,s-16.387227145728847
048_41,s2.639243412323458,s2.872781406761916,s-10.314733893782861
048_42,s0.540584693285762,s3.470917991670759,s170.015621008131859
048_43,s1.024834210287511,s3.569257300153852,s174.843883168712949
048_44,s1.631115872534721,s3.288130923467872,s172.765546049902241
048_45,s1.977283058241480,s3.558538384875088,s189.870954414227526
048_46,s2.861544142154827,s3.264682454505889,s172.793681107742231
048_47,s3.446973369311138,s3.474235767802253,s205.045007270487417
049_0,s0.257431330148744,s-0.064852596207715,s9.164288371156678
049_1,s1.124193205966885,s0.088138164940898,s10.293899674877078
049_2,s1.549405781886085,s0.532587154924335,s7.284835925536346
049_3,s1.847703864419971,s-0.090643177342465,s6.300253770189957
049_4,s2.831926122012619,s0.492882934878137,s8.434132571274397
049_5,s3.193657838300699,s0.280198360251385,s-0.893590750618173
049_6,s3.911623294470597,s-0.035356759785319,s6.119414349940890
049_7,s0.572465573144984,s0.623547451049772,s193.995315594896113
049_8,s1.167864232823210,s0.602847349680908,s189.143961997944729
049_9,s1.294335451945868,s0.903275436078272,s159.021698412068019
049_10,s1.866386769848836,s0.441734829824659,s181.890777445428768
049_11,s3.655490404481992,s0.884238651104126,s167.315928751163426
049_12,s3.579011163313127,s0.875870691204152,s164.455776815275613
049_13,s0.202004154963828,s1.398828336176595,s7.305884606032947
049_14,s0.860442506756696,s1.084476620892830,s-9.794411232337383
049_15,s1.395012644826549,s1.684169973725894,s-11.779433093840311
049_16,s2.219907588635255,s0.765970157549635,s-10.900078764981188
049_17,s3.309526699365287,s0.473167200159596,s-6.870175767674323
049_18,s3.790919942018104,s1.301295735926040,s-17.741040940981787
049_19,s3.817623601169002,s1.361989806993607,s1.238707238500744
049_20,s0.650953416377004,s2.426089641654498,s144.232973480519149
049_21,s1.427466275141447,s1.703884206711040,s177.102831253252418
049_22,s0.961128118182859,s1.837763050903006,s183.963965521586658
049_23,s2.409206611442118,s1.882468199217451,s183.524838412387851
049_24,s2.582204944251840,s2.109186574071823,s169.032076270837962
049_25,s3.909176792014271,s1.742105510619315,s173.827794122180023
049_26,s0.163021424835651,s2.529307966385980,s-7.746483846957270
049_27,s1.326886753762440,s2.291936039603682,s-19.336300811610975
049_28,s1.980841167192531,s1.262223461577049,s-0.916839578248260
049_29,s2.328181521750508,s1.881151381580662,s13.677679161803939
049_30,s2.048812085574034,s1.686277896426780,s6.013675873121044
049_31,s3.242771148349059,s2.123443804404338,s15.082506299143031
049_32,s3.893631437734715,s2.345352506466496,s-10.007182081900673
049_33,s0.267016370100334,s3.257230464655506,s154.065390259111496
049_34,s1.291587567579356,s2.993114461844451,s183.857034964796497
049_35,s1.948696078488644,s3.080244694615158,s168.660782456580449
049_36,s1.909387064500258,s2.846370646253994,s193.224906258491785
049_37,s3.864670387996108,s2.301741794312821,s182.946635844448593
049_38,s3.793502816526736,s2.756592661494999,s168.310704144536942
049_39,s0.423511851490267,s3.245654322836518,s43.734822136797419
049_40,s0.674729745189597,s2.976376391702747,s1.966048851427148
049_41,s1.336171785347904,s3.031392187851474,s-7.015713609027434
049_42,s2.346422879255441,s2.534441953741704,s17.420601999451918
049_43,s2.833629182738333,s3.168544357438406,s10.043002793072358
049_44,s2.716616590725957,s2.846297118765698,s0.426491079209451
049_45,s3.847866912985584,s3.214838309984168,s11.333402695952941
049_46,s0.958026580663273,s3.590896368184624,s193.619328846654327
049_47,s1.029078124245000,s3.784658667854210,s182.484684767901996
049_48,s1.949348079837385,s3.179864368316512,s183.079282382069550
050_0,s0.397677989319971,s0.387780828229859,s149.351949883678913
050_1,s0.990532922885776,s0.019872612544152,s351.364552607924963
050_2,s1.675090667696308,s0.048967322873490,s21.307843342557998
050_3,s2.321698933369907,s0.489075242915427,s0.206375002822813
050_4,s2.297306842072956,s-0.118982346178519,s15.249756990706944
050_5,s3.384889051348998,s0.006098263199533,s2.097444376249255
050_6,s3.764833976344794,s0.421332111564760,s-1.167155649016497
050_7,s0.296414348635706,s0.675015857493187,s-100.343637656712858
050_8,s1.042225128434206,s1.013514886666165,s177.901902604972747
050_9,s1.501355654457423,s0.889923989567250,s179.783149235596312
050_10,s2.195633630123766,s0.491879876160001,s167.635821164113935
050_11,s3.079267976265382,s0.458250851828854,s176.689209492439602
050_12,s3.836570049546357,s0.605888947423270,s170.877783821129412
050_13,s0.363227857892340,s1.765264695274823,s25.317029532279332
050_14,s1.087213763708563,s0.570033728893692,s-17.460294985771711
050_15,s1.974951996305095,s0.850650947953551,s2.388812730242267
050_16,s2.408623802868306,s0.465563549358454,s7.463226132900453
050_17,s3.031253547668710,s0.736010399182559,s-7.611985483376343
050_18,s3.407851860843267,s0.736946964400105,s-23.284248277448032
050_19,s3.363303199109271,s0.749817764120111,s-37.004781810564808
050_20,s0.592529383122600,s1.676840271959019,s189.210235471810847
050_21,s0.703164577586648,s1.777734675181758,s192.196453847535366
050_22,s2.295565258383666,s1.468232629248177,s206.900441121341515
050_23,s2.458459932787896,s1.830494660186279,s173.647021675773260
050_24,s3.795283393552362,s1.925815816802284,s173.864656983574690
050_25,s3.454021967517145,s1.873168765544742,s170.262524632611417
050_26,s0.349397711972544,s1.894381789557270,s15.131009638475655
050_27,s0.277587578880785,s1.950697735309953,s19.451173426958910
050_28,s1.129605543899348,s1.749022065332695,s-9.822857644625577
050_29,s2.011885519385002,s1.809843407490126,s3.096503207379806
050_30,s2.881839584975033,s2.255724510764391,s16.972381123145382
050_31,s3.481264876226448,s2.086438456731207,s3.917896151123963
050_32,s3.839512706233816,s1.903005946467009,s3.310911543528364
050_33,s0.496289738291680,s2.625504882416499,s194.188098574956371
050_34,s1.666530115325552,s3.259490113353039,s185.568419691175734
050_35,s1.986651700193505,s2.253381568564498,s199.885642214400889
050_36,s2.359664392873073,s2.386900239327410,s181.044319467231304
050_37,s3.025169597961585,s3.093649617888497,s184.302449023279763
050_38,s3.726339789422475,s3.246359454586856,s191.785761289347619
050_39,s0.467298737918656,s2.982397327286170,s5.714765467233614
050_40,s1.272770994522671,s3.200380173542544,s3.582334239667184
050_41,s2.131269699043751,s2.344727879075751,s9.995294918912039
050_42,s1.944852322340244,s3.118872045944266,s-6.224277415699106
050_43,s3.406303258611462,s3.731081647522784,s68.274863562212744
050_44,s3.483715326595974,s3.240231226054085,s-13.113495154348451
050_45,s3.853047642240845,s2.792286327526835,s3.449902884714247
050_46,s0.797232130926451,s3.792286320917259,s182.020560957182397
050_47,s0.660788117979103,s3.835642694188071,s159.427361506170598
050_48,s2.097236065941193,s3.679510682173349,s173.907091819763792
050_49,s2.380626169629349,s3.737771047866142,s156.371761894997206
051_0,s0.175598492087115,s0.020536751011040,s-0.579336170644948
051_1,s0.697529896525550,s-0.152375637805873,s-2.538228806781706
051_2,s1.592408094871525,s0.006401339424104,s12.450068869455407
051_3,s2.310123220664910,s0.260129148838564,s-5.629172723270525
051_4,s3.492095882972607,s-0.054453877194837,s-9.128734630411486
051_5,s3.615128614639111,s0.102649695237017,s-7.862047442054456
051_6,s3.927230151766357,s-0.265231940698687,s-6.147077350674134
051_7,s0.339718634159922,s0.888797036571368,s170.107102446096860
051_8,s1.078768805565338,s0.588505742436118,s180.821157252127875
051_9,s1.832783215143182,s1.230287878651926,s179.554713450213370
051_10,s2.023853087716180,s0.810497698975173,s190.630394832936673
051_11,s2.781065499843582,s0.411647297300637,s178.312630251282826
051_12,s3.949382387730579,s0.910118517628646,s196.628027218865611
051_13,s0.403616990522960,s0.197970490516838,s2.342313093486069
051_14,s0.954099726401918,s1.273913260031138,s-20.289619064627384
051_15,s1.560497060173585,s1.242530390072229,s-4.297343553008153
051_16,s1.876164954243332,s1.043634466885933,s-2.432658108554244
051_17,s2.839919468757118,s0.781119205500045,s-8.236036558615030
051_18,s3.168805305569975,s1.063691266287796,s11.555165692625144
051_19,s3.905512710095614,s0.177843980116058,s2.141765678848978
051_20,s0.385253675527702,s2.254228369195570,s174.063677335160861
051_21,s1.113485765569961,s2.439417227431973,s180.705539452462574
051_22,s1.583522921387214,s1.812238954495646,s188.333366773916879
051_23,s2.269928198690164,s1.829310477003720,s180.266077604137791
051_24,s2.944726025961880,s2.298571214339111,s184.767398812020360
051_25,s3.683979216076908,s1.635665374056175,s174.988765917106093
051_26,s0.114704095894075,s2.293867992601887,s4.494934688089333
051_27,s0.221975592728611,s1.946487192986102,s-5.909385111111422
051_28,s1.265350026163284,s2.567430033797570,s-17.210394203310365
051_29,s2.412006347808541,s1.985604942041016,s0.953153650493801
051_30,s2.726083704154806,s1.249868150419827,s15.578118219777258
051_31,s3.221918109187067,s1.323799510845484,s1.203405859545297
051_32,s3.468437236660983,s1.739462503336784,s12.982980447148710
051_33,s0.264064785070966,s3.237660455099532,s174.038660787630192
051_34,s0.721080996933509,s2.970935521656166,s181.321901078750386
051_35,s1.650052281517920,s2.864568693866261,s166.119035489798506
051_36,s2.617271098825430,s3.165006032039220,s181.746962292400582
051_37,s2.927992792630664,s3.203476286372534,s174.968818442378279
051_38,s3.827476302181095,s2.472467289390516,s181.836242546867965
051_39,s0.120692764756498,s2.359858449641055,s11.741005036093455
051_40,s0.663768016143822,s2.971075553642423,s-7.184037178587614
051_41,s0.794725834989000,s2.864292390401920,s-1.591771789190831
051_42,s2.390061299290800,s2.726821545455978,s2.144045548035369
051_43,s2.609533049529118,s3.112512674505204,s-10.960649287195976
051_44,s3.471314146334822,s3.317855681954126,s37.615649194799587
051_45,s3.985244160501233,s3.255868711502919,s36.424119755723439
051_46,s0.344037388002668,s3.382051813398834,s169.744767535368538
051_47,s0.754524424637015,s3.770110889172066,s170.412118306841762
051_48,s1.475366856253714,s3.527438966650395,s204.666815948484384
051_49,s2.980226381581725,s3.316209054744306,s181.501251247728618
051_50,s2.608046952612786,s3.570366014222661,s182.839871866796642
052_0,s-0.100958551188363,s-0.269388443686732,s23.221127589449928
052_1,s0.474640022563942,s-0.290648436554002,s13.407376890064640
052_2,s1.107068566703384,s-0.174601087695320,s46.160111428556199
052_3,s1.732031730098802,s-0.072517644018278,s-36.239751592723259
052_4,s2.908907511061674,s-0.221737214599603,s-11.588981977582183
052_5,s3.533031617383788,s-0.169009165351145,s-3.791214451465984
052_6,s3.895528303437084,s-0.079591106599001,s-8.198291977815051
052_7,s-0.070730744609606,s0.736563402555501,s184.721230218726674
052_8,s1.327391513810197,s1.220590352824188,s185.284903726165908
052_9,s1.552034108226707,s1.244031915861525,s176.394926052285314
052_10,s2.686858536311345,s0.954670819428123,s174.314803744967946
052_11,s3.469381215917404,s0.586365294021298,s184.427258212645626
052_12,s3.659939525054413,s1.129205143387389,s175.584788559477715
052_13,s-0.105531557076913,s0.837674098070142,s-4.802632385531873
052_14,s0.663295184944554,s1.056144939915972,s4.993951330416275
052_15,s1.233782941123634,s1.112366402305689,s7.434714419225680
052_16,s2.180951697671843,s0.926033918695499,s3.225042279153887
052_17,s2.958151484111516,s1.082142434598494,s-1.383781721842004
052_18,s3.446864189706304,s1.268000662480250,s2.007505482037645
052_19,s3.789045373992371,s1.133140441886927,s-4.626867565924640
052_20,s0.210542287740410,s1.738561645711878,s180.066744130985569
052_21,s0.719782121047757,s1.670335056638207,s180.902979112960679
052_22,s2.048289465663766,s1.699963024507255,s180.779936504272769
052_23,s2.626066050339047,s1.682798014357894,s176.015599957847087
052_24,s3.268712456068549,s1.772159958945017,s189.627276755112035
052_25,s3.965488889625828,s1.396779167114034,s171.846707874178151
052_26,s0.005467971541689,s1.902420650053298,s17.712528955045443
052_27,s0.329166624287788,s2.184215832498829,s-7.703172886891295
052_28,s1.141868944257992,s1.647423684000659,s34.703711641083785
052_29,s1.611872875869818,s2.057039479562926,s-1.655764939870426
052_30,s2.698944957569357,s2.130231925355484,s3.541078836789540
052_31,s3.344143145643771,s2.117705309843293,s3.036911236582267
052_32,s3.881149188696874,s1.917265360773597,s-5.394977143876313
052_33,s0.324025790525618,s3.030941241381458,s183.246245844284260
052_34,s1.149399785687128,s3.253942755881599,s179.822535001284677
052_35,s1.484541040826455,s2.504205780410115,s188.057884757207148
052_36,s2.303740286834919,s2.900191878640129,s193.286166256352288
052_37,s3.323065041199397,s2.954077536418008,s170.979964823700954
052_38,s3.867233710764971,s2.682384126003382,s181.241475056687193
052_39,s-0.101808938161360,s3.061901285253985,s-5.166756551332391
052_40,s0.404898649000290,s3.295777499954496,s-7.313305470225242
052_41,s1.446877795913194,s3.366529209626493,s-11.691834417863818
052_42,s2.086998975721104,s3.131565938358420,s-2.683811001237901
052_43,s3.039540535021142,s2.999512071998583,s5.497073650316699
052_44,s3.475952597823153,s3.048239224084616,s5.347969212254691
052_45,s3.855861266266821,s3.318062238239780,s-1.546123171156434
052_46,s0.061380166819930,s3.741626118116678,s180.478860872665734
052_47,s1.069464607436226,s3.492825277115015,s179.635687493952247
052_48,s1.844662071347080,s3.713807267416809,s175.426352363190944
052_49,s2.464210283639340,s3.407616991857049,s187.073674689281148
052_50,s3.352135663202561,s3.722306681167751,s183.219374677134056
052_51,s3.954973774662151,s4.053784266823683,s177.169282028678708
053_0,s0.091468844897293,s0.027247315625916,s-1.459318460334240
053_1,s0.716548681510047,s0.061033257769132,s-0.027245853904461
053_2,s1.413340753619930,s0.071684173590398,s2.049518015719500
053_3,s2.167794416343213,s-0.001346225891353,s1.070523759534624
053_4,s2.867873292078452,s0.042495460104778,s-1.521620956589214
053_5,s3.541867420547163,s0.034666107258091,s0.627705301497626
053_6,s0.343964697346829,s0.816245757544757,s180.305913051698184
053_7,s1.022241325108739,s0.833488788877635,s181.775313479512732
053_8,s1.710341503333940,s0.714871893548202,s180.425111526891413
053_9,s2.383844527072857,s0.752117967462554,s180.368909287832111
053_10,s3.081439456616230,s0.795329554385800,s177.550921526340062
053_11,s3.855370576228313,s0.803427759794945,s181.777175689496659
053_12,s0.013025925783112,s1.066669979941295,s1.263379613081366
053_13,s0.714376798559229,s1.058225656782900,s0.717317020453943
053_14,s1.347390279487013,s0.930909693318075,s-1.857027866966225
053_15,s2.139703692659451,s0.997608509467034,s0.509044802210052
053_16,s2.839043713952982,s1.062704336453305,s1.314039640099117
053_17,s3.485395615337764,s1.064597761337850,s1.129493576962908
053_18,s0.336239776367004,s1.731864757091654,s182.965179288270775
053_19,s0.967048550281604,s1.835813336408939,s177.550508050095374
053_20,s1.678702095449678,s1.745160329782640,s179.044028028764728
053_21,s2.534435178625106,s1.874728452363218,s180.914167940545099
053_22,s3.168535944374925,s1.807064919672894,s182.953887421922815
053_23,s3.856520599885038,s1.846066057331608,s182.387844916089648
053_24,s-0.073121021762666,s1.916189255584464,s-0.067057285901134
053_25,s0.741177346470267,s2.051920180423042,s0.919051198341273
053_26,s1.415885252504502,s1.949858823297140,s-2.539389436153358
053_27,s2.013217434515290,s2.042580397857959,s2.132191994625401
053_28,s2.716143427364144,s2.052643045302101,s-1.492187828837899
053_29,s3.545846557043986,s2.043883512810079,s-2.979545390753712
053_30,s0.353765131604462,s2.861055974675061,s181.334785795193937
053_31,s1.046792732621442,s2.747198540488656,s181.118425092333382
053_32,s1.696256663183805,s2.814387453986584,s177.169819122933632
053_33,s2.424713658318871,s2.818668963314760,s182.734042738315026
053_34,s3.205866260994918,s2.790431479369136,s178.529050887850303
053_35,s3.876705355718319,s2.893724064646110,s179.295488277790525
053_36,s0.046910191569698,s3.088018849333361,s1.713391546643429
053_37,s0.617941250476384,s2.914613237423121,s-1.548030217801247
053_38,s1.304154490024768,s2.940455869329977,s0.279581229531499
053_39,s2.049498999109551,s3.035059546121376,s-2.674647872381235
053_40,s2.700745134007498,s3.089095052329501,s-2.897639994120570
053_41,s3.438311229678813,s3.074468794186069,s0.460260254317916
053_42,s0.297120719460980,s3.707886530371140,s182.712831102890391
053_43,s0.956973142606235,s3.732048281691542,s177.864325048965611
053_44,s1.657794339174355,s3.862617993715049,s182.721953270493572
053_45,s2.503453099581092,s3.841060827497289,s182.262938376648151
053_46,s3.176045156943927,s3.864160196745760,s177.353588741000806
053_47,s3.872227235869748,s3.869562774676222,s177.288350979282967
053_48,s0.116189690759294,s4.069348873118139,s-31.179546230161812
053_49,s0.770917086492622,s3.953544545494760,s1.526436569301977
053_50,s1.453190554024947,s3.920804735084994,s-2.472212468128560
053_51,s2.145906243316566,s3.959046488179158,s2.205626798736995
053_52,s2.884801150179832,s3.946412454543618,s-2.900568784777144
054_0,s-0.090008800347520,s0.331357411928221,s-1.522277009092381
054_1,s0.684150597577748,s0.116545855956119,s6.557056778729336
054_2,s1.480058728289978,s0.167640126031059,s-6.754538169912152
054_3,s1.942712272748538,s0.333766306884190,s7.972437068053262
054_4,s3.011507524103605,s0.207983309254422,s-7.542853066438656
054_5,s3.514404318258122,s0.147534050779907,s7.803568573314442
054_6,s0.365063668545480,s0.789322564828556,s183.274613180646043
054_7,s0.829963386933193,s0.670679346632185,s173.116712290581745
054_8,s2.097403639132206,s0.679323459368070,s171.134780151472143
054_9,s2.277124532037411,s0.871033132009018,s181.819671546619389
054_10,s2.788668880826335,s0.677205621139537,s176.142405555793999
054_11,s3.744194191962307,s0.893260130779111,s183.795549630287383
054_12,s-0.131557303924216,s1.159930889204612,s-2.221853692468074
054_13,s0.724373556866493,s0.901995726154127,s9.755232739163372
054_14,s1.780283061835450,s0.886471769353560,s-0.995728832228283
054_15,s2.264981892626168,s1.111193289267233,s-7.392820059823284
054_16,s2.571096251596592,s0.873130551566234,s-8.625102990728930
054_17,s3.534514965463379,s1.048093003153586,s8.842516018359044
054_18,s0.571715348732178,s2.085659078293715,s187.969255601382315
054_19,s1.125969632413632,s1.575865207595819,s186.042307790296917
054_20,s1.935738511643018,s2.235361407361062,s177.051025535366733
054_21,s2.442959702264030,s1.955251618829013,s186.272200933912387
054_22,s3.120002722464529,s1.350428758660513,s184.284370773920898
054_23,s3.662735795340106,s1.915771165005481,s177.731338888303696
054_24,s-0.178229378307791,s2.187778226316272,s16.710741709008445
054_25,s0.775236196470805,s2.108402817168284,s3.702040659046639
054_26,s1.333084130181061,s1.979902664902763,s1.039688556353753
054_27,s2.228799246492231,s2.050880558142886,s3.244014456556340
054_28,s2.887061365828400,s2.136870677612090,s9.892184660632054
054_29,s3.837042023128872,s2.158320616980746,s1.815321987333264
054_30,s0.148158377744206,s3.068974103596770,s183.826276118853997
054_31,s0.784454343001656,s2.617580304673012,s184.538985920517831
054_32,s1.816252864626938,s2.687545208783130,s180.520156779347474
054_33,s2.453477182086806,s3.124316473058879,s177.516839149631863
054_34,s3.188594449553540,s3.039630176109019,s182.201178093469650
054_35,s3.808410937775893,s2.749484658349586,s180.399233696933948
054_36,s-0.063001371447432,s3.137071418872614,s0.351809640930804
054_37,s0.641090182225502,s2.911855851283659,s-3.831757045256003
054_38,s1.067258240644425,s2.952728621754633,s0.855134312974338
054_39,s2.127886430832687,s3.368636960180794,s5.105844485848971
054_40,s2.696030607415034,s2.747611974378589,s6.128858427927826
054_41,s3.594541539194873,s2.991886959778934,s4.598216013341130
054_42,s0.239721624782057,s3.682168111840097,s182.078466782493507
054_43,s0.923046703752508,s3.530254913318486,s185.667810637485587
054_44,s1.659876131847264,s3.678742198416387,s175.988867500661627
054_45,s2.582984007944856,s3.841537711792749,s176.939177455004739
054_46,s3.238956023102813,s3.667374907628794,s175.776008120632270
054_47,s3.853951871038750,s3.740613670256856,s169.170167780245407
054_48,s0.078947390841501,s3.797084974568238,s20.161310629000926
054_49,s0.663669951276838,s3.762189494941433,s-1.173006081819549
054_50,s1.040756479730400,s3.719086256739995,s0.416870268628481
054_51,s2.257051232038739,s3.782099552234762,s0.716530028585971
054_52,s2.926797111804849,s3.774889889934952,s45.712061832904382
054_53,s3.685619306274267,s3.827871899495439,s-11.010386403129232
055_0,s0.392722457604428,s-0.083711879739324,s9.824497514674997
055_1,s0.753235091853068,s0.176411081045551,s8.019724884908118
055_2,s1.194559167748929,s0.039034610556954,s9.565165751556924
055_3,s2.239724588413028,s0.234170982017916,s1.388034410197345
055_4,s2.653575640675621,s0.108790233642493,s0.642831556051318
055_5,s3.713250184971910,s-0.075715772104662,s-1.164805696729748
055_6,s4.014552785522624,s0.292724738907070,s-2.782102899717826
055_7,s0.088424482535767,s0.510661183172633,s181.997788081214480
055_8,s0.702662682600460,s1.105755047064768,s167.702803483155890
055_9,s1.923579114374175,s0.666139777901182,s179.809513792448911
055_10,s2.621459750328676,s0.985914003371847,s172.026631379973651
055_11,s3.199964257671262,s0.549957110404859,s174.086927652481421
055_12,s3.974805182937865,s0.621833123462561,s184.932501255968276
055_13,s-0.059926420299332,s1.047640659642542,s-5.663598080356341
055_14,s0.480015381401127,s1.077825114255565,s-4.876029687922830
055_15,s1.506429297788950,s1.259017632361280,s5.228414880328937
055_16,s1.886725534768974,s1.184160527220815,s5.755177342041294
055_17,s2.638350086597781,s0.861095500240078,s-2.100883388191508
055_18,s3.199188098822796,s0.998646164196375,s-3.677866484668519
055_19,s4.078493916832241,s1.198804282115910,s-10.554769242082822
055_20,s0.170060161949542,s1.920580660331114,s186.143959678199167
055_21,s0.831923121331017,s1.719487552122800,s174.409301593265553
055_22,s1.760694572310126,s2.146458762772319,s189.658014421270991
055_23,s2.379387792553350,s1.568621295972080,s175.603923935764669
055_24,s3.360194653866377,s2.117953801901549,s179.720691265627664
055_25,s3.602658558255715,s1.822935857147040,s188.945045376196106
055_26,s-0.063225035505734,s1.815993382777129,s0.820750155662596
055_27,s0.772875427343085,s1.847614618949756,s-0.897876981883937
055_28,s1.330451463531060,s2.101741991579381,s13.332634930002529
055_29,s2.059596217714005,s2.047399145965425,s10.670406088515115
055_30,s2.573696178943584,s1.621560379143159,s2.710258633805082
055_31,s3.929431798203579,s2.020521618194725,s8.236618368480435
055_32,s3.813097609933183,s2.403801309141313,s4.856865233871468
055_33,s0.625384033061441,s2.900959547765113,s194.904135325620928
055_34,s0.999546866125920,s2.773288808858122,s174.387465710089401
055_35,s1.586901293529173,s2.741690201438590,s172.309093520366957
055_36,s2.374344456768850,s3.029156724289185,s183.533399345103931
055_37,s2.754624911150323,s2.524533279384469,s175.689018943779104
055_38,s3.697054541132271,s2.726678202671867,s179.015686778695340
055_39,s0.170156376111418,s2.897615335106409,s-1.362800029270697
055_40,s0.923429917524010,s2.826158076830732,s-1.328675498223187
055_41,s1.456689762732035,s2.928080166753548,s1.072902766213226
055_42,s1.996171802114075,s2.876961684026224,s-1.523984514299738
055_43,s2.672102264797682,s2.759915157674695,s-3.802879246492099
055_44,s3.442499843070552,s3.017260187574371,s4.925733226220144
055_45,s4.023805630853423,s2.935332097157884,s-6.677905445937918
055_46,s0.343246298351786,s3.517391464218228,s171.545016665924749
055_47,s1.030036670013434,s3.676631397299809,s178.818024353218931
055_48,s1.985241978070505,s3.700278303881281,s174.180007911576951
055_49,s2.552915200975468,s3.625735039914803,s190.145112070304208
055_50,s3.239737996753411,s4.136628370465984,s168.062292312779221
055_51,s3.930010657035490,s3.702611889992105,s187.688745217396416
055_52,s0.160160914824887,s3.905121807138261,s40.543249566998021
055_53,s0.621897355627901,s3.802069184246344,s-20.708817765371446
055_54,s1.443527269312149,s3.872466800715655,s32.642955607172979
056_0,s-0.065654162282820,s-0.081762345910555,s21.304267095147924
056_1,s0.820441110580882,s-0.058479918197727,s-3.963186533239701
056_2,s1.370659938361753,s0.097674822948873,s0.832103325911227
056_3,s2.059072015240391,s0.020911190451472,s-2.519149536214468
056_4,s3.003324961210432,s-0.063337371196692,s-1.310633243590391
056_5,s3.264544570350591,s-0.125417252466364,s-2.285466687208509
056_6,s4.004481246603930,s0.167361107267550,s-0.710215172291512
056_7,s0.468641101075256,s0.697328342893845,s171.970589321432897
056_8,s1.150325399983857,s0.531257015882829,s185.595936679537203
056_9,s1.766100131299184,s0.814926260312465,s174.339176141444369
056_10,s2.534281388646689,s0.560940401164430,s182.436287512713079
056_11,s3.132248675068419,s0.965883104509270,s180.662815055705011
056_12,s3.900288097039335,s0.518794036815249,s184.573116645839235
056_13,s-0.033553784707335,s0.816285718049735,s5.299531417275798
056_14,s0.703362788912511,s0.868263542155587,s-0.901115877661293
056_15,s1.401814581640620,s0.933060203052930,s0.376221345239823
056_16,s2.222472128208090,s1.083155491030546,s-2.018957350494884
056_17,s2.763521418412900,s1.127104685757720,s6.282184736470113
056_18,s3.485439820713370,s1.065732554810833,s-3.821964616708739
056_19,s3.953048074843999,s1.169719571175325,s3.160194055269355
056_20,s0.171164177940218,s1.814393655378375,s181.841664414728200
056_21,s1.000281119510893,s1.799912801341350,s174.254532147124706
056_22,s1.824152756175671,s1.544652295169905,s184.552138045917445
056_23,s2.512464454812383,s1.814562873015453,s182.011036352320076
056_24,s3.151733683705698,s1.820792965088311,s176.097351681097706
056_25,s3.816398373245131,s1.879382267605574,s179.376349091032921
056_26,s-0.025466411718197,s2.163483192959733,s15.132700845687184
056_27,s0.735412008404372,s2.022036127915857,s4.813618151854831
056_28,s1.298999692758601,s1.698880119296256,s0.573361937732356
056_29,s2.098759191125391,s2.002895921197582,s6.577442051549142
056_30,s2.746359401784801,s2.124114698976607,s0.745092028918264
056_31,s3.484613792972180,s2.116579174750849,s4.367087016478198
056_32,s4.141910552257312,s2.155863489890424,s-1.085208046688265
056_33,s0.239264643259005,s2.644902370147340,s178.279861495039881
056_34,s1.153722767375122,s2.665175479098010,s188.904215597495977
056_35,s1.856588211829395,s2.550752087427965,s181.509401598094627
056_36,s2.595635546333930,s2.776654771115099,s176.467846594912942
056_37,s3.182688376126436,s2.741164822981654,s183.634727839115271
056_38,s3.886321863059060,s2.614318794998479,s177.290672021578416
056_39,s-0.024754306284628,s2.770201437797986,s-0.067078824534582
056_40,s0.950884542474975,s3.047711425589188,s5.786408552326872
056_41,s1.407996003247209,s3.155652733347257,s1.378359124675887
056_42,s1.982202991983768,s2.886529281430872,s4.049787938922594
056_43,s2.899439638555890,s3.035237006079226,s-3.008716639901459
056_44,s3.427702196390813,s2.896118159743334,s1.470968927667966
056_45,s4.102514256140417,s3.004666206041023,s0.755920032505286
056_46,s0.458874377643395,s4.001700188789080,s176.921004315483998
056_47,s1.228550300214075,s3.800137091386851,s188.776235222060137
056_48,s1.468602472498989,s3.753907755986894,s181.999635823318329
056_49,s2.577640603133640,s3.638990198102592,s182.284073024219765
056_50,s3.358576639281112,s3.781968395685274,s173.400574447894229
056_51,s3.806652538531091,s3.787152468502124,s185.374961697082824
056_52,s0.078722691747441,s3.852050149788647,s41.057620380189988
056_53,s0.571553090597617,s3.789492104352473,s-5.985367375968754
056_54,s1.310337555939176,s3.732879335738030,s6.134080481736829
056_55,s1.900741060175966,s3.994763650203139,s-47.096941212120896
057_0,s0.178773842112254,s0.131642676854766,s1.913980617106326
057_1,s0.594719040576222,s0.018510973524040,s-11.706607422336184
057_2,s1.357547058505711,s0.005573878336173,s-2.245599608688775
057_3,s1.864609694794485,s0.094934560875203,s-9.599494209106103
057_4,s3.097386454417312,s0.060400713544595,s-4.571340039906154
057_5,s3.356845133129129,s0.113131039476798,s-6.765380658748501
057_6,s4.320694762962505,s0.061344902161451,s-19.629217264084232
057_7,s0.444248563755084,s0.742895644769911,s171.497735365352668
057_8,s1.014790945060070,s1.250284881071771,s185.725009056444634
057_9,s1.574577159234327,s0.654095675467328,s171.813135269747420
057_10,s2.595646183261773,s1.073889421899743,s177.593711983129225
057_11,s3.041977295731603,s1.143944718484784,s175.991962979176009
057_12,s3.857475132819356,s0.788525413344718,s173.037450707121792
057_13,s0.394606580545667,s1.122009304757868,s34.992264123044592
057_14,s0.763791092557959,s1.035553050315152,s4.692888488294368
057_15,s1.391401118180770,s1.292090720898534,s2.826868569685777
057_16,s2.062141236252635,s1.100856329788980,s0.764258430612222
057_17,s2.921427849741253,s1.086552672982200,s-0.682605672492542
057_18,s3.875483035023954,s1.245851429280404,s5.267231344509860
057_19,s4.255328949832766,s0.894994649091534,s11.436164556664634
057_20,s0.559967648724194,s1.744707495291996,s183.744670454419520
057_21,s1.076206739517203,s1.929994139914774,s185.143508396516467
057_22,s1.594246374337555,s1.854568946273641,s184.238123309710090
057_23,s2.370386863163930,s1.993951134439300,s179.814107952999450
057_24,s2.769927474150695,s1.556898985370070,s181.924021419199960
057_25,s4.223606871041495,s1.423131546186515,s178.480783076755415
057_26,s0.181456814924197,s2.083073078784095,s2.008635441564694
057_27,s0.748350169933755,s1.800894616514055,s4.690920736746281
057_28,s1.215166300231255,s2.016059575096816,s4.654915380780333
057_29,s2.122208043066049,s2.451437125190885,s-11.156029140562923
057_30,s2.747172834525532,s2.048402646619921,s-0.072738780893339
057_31,s3.360367277782235,s2.049934101560089,s-3.293865202474588
057_32,s4.077896199949237,s1.920884111659238,s-8.577997363841233
057_33,s0.566264161238488,s2.792368422933325,s188.007973025426622
057_34,s1.365336767614088,s2.929456488857431,s183.221392841012516
057_35,s1.335423879352576,s2.714074182324176,s170.032383740394096
057_36,s2.335914407851954,s2.998839718113131,s175.132220524206446
057_37,s3.279345617764383,s2.580062203588087,s193.070531949779991
057_38,s3.764362010040485,s2.751272312643134,s174.456186854496110
057_39,s0.241390282583951,s3.078797895845514,s-5.578054265860943
057_40,s0.539233340562019,s3.192010124651626,s-6.324408342573654
057_41,s1.398593192859339,s2.551466324533163,s-3.261606802984153
057_42,s2.149722501837015,s2.904826999469646,s-1.386510055119095
057_43,s2.536976787044935,s3.063624278822211,s9.710296396973987
057_44,s3.752666198485106,s2.867690443843540,s0.538649280723665
057_45,s4.034338836786449,s3.122330582617005,s-7.772115826519954
057_46,s0.747673459083019,s3.387844717604466,s169.273285982532769
057_47,s0.842421984261971,s3.777955743479997,s179.649761846096709
057_48,s1.565155629015591,s3.618339249915183,s188.925199359025470
057_49,s2.411683972210286,s3.533605281304020,s180.066186993532114
057_50,s3.465504692624794,s3.686420110614293,s187.101286510577978
057_51,s4.187665840868130,s4.234948903216037,s178.251406523978886
057_52,s0.154516488296770,s3.904188313105626,s-47.201490015748156
057_53,s0.931053224052259,s3.581653443103438,s-0.048962495319627
057_54,s1.230049758799525,s3.694929556288628,s-1.956649508023220
057_55,s2.503970637168220,s3.709647217192080,s-3.540544357799887
057_56,s2.516676016190805,s4.214829378135355,s-58.021949062950505
058_0,s0.000000000000000,s0.000000000000000,s0.000000000000000
058_1,s0.700000000000000,s0.000000000000000,s0.000000000000000
058_2,s1.400000000000000,s0.000000000000000,s0.000000000000000
058_3,s2.100000000000000,s0.000000000000000,s0.000000000000000
058_4,s2.800000000000000,s0.000000000000000,s0.000000000000000
058_5,s3.500000000000000,s0.000000000000000,s0.000000000000000
058_6,s4.200000000000000,s0.000000000000000,s0.000000000000000
058_7,s0.350000000000000,s0.800000000000000,s180.000000000000000
058_8,s1.050000000000000,s0.800000000000000,s180.000000000000000
058_9,s1.750000000000000,s0.800000000000000,s180.000000000000000
058_10,s2.450000000000000,s0.800000000000000,s180.000000000000000
058_11,s3.150000000000000,s0.800000000000000,s180.000000000000000
058_12,s3.850000000000000,s0.800000000000000,s180.000000000000000
058_13,s0.000000000000000,s1.000000000000000,s0.000000000000000
058_14,s0.700000000000000,s1.000000000000000,s0.000000000000000
058_15,s1.400000000000000,s1.000000000000000,s0.000000000000000
058_16,s2.100000000000000,s1.000000000000000,s0.000000000000000
058_17,s2.800000000000000,s1.000000000000000,s0.000000000000000
058_18,s3.500000000000000,s1.000000000000000,s0.000000000000000
058_19,s4.200000000000000,s1.000000000000000,s0.000000000000000
058_20,s0.350000000000000,s1.800000000000000,s180.000000000000000
058_21,s1.050000000000000,s1.800000000000000,s180.000000000000000
058_22,s1.750000000000000,s1.800000000000000,s180.000000000000000
058_23,s2.450000000000000,s1.800000000000000,s180.000000000000000
058_24,s3.150000000000000,s1.800000000000000,s180.000000000000000
058_25,s3.850000000000000,s1.800000000000000,s180.000000000000000
058_26,s0.000000000000000,s2.000000000000000,s0.000000000000000
058_27,s0.700000000000000,s2.000000000000000,s0.000000000000000
058_28,s1.400000000000000,s2.000000000000000,s0.000000000000000
058_29,s2.100000000000000,s2.000000000000000,s0.000000000000000
058_30,s2.800000000000000,s2.000000000000000,s0.000000000000000
058_31,s3.500000000000000,s2.000000000000000,s0.000000000000000
058_32,s4.200000000000000,s2.000000000000000,s0.000000000000000
058_33,s0.350000000000000,s2.800000000000000,s180.000000000000000
058_34,s1.050000000000000,s2.800000000000000,s180.000000000000000
058_35,s1.750000000000000,s2.800000000000000,s180.000000000000000
058_36,s2.450000000000000,s2.800000000000000,s180.000000000000000
058_37,s3.150000000000000,s2.800000000000000,s180.000000000000000
058_38,s3.850000000000000,s2.800000000000000,s180.000000000000000
058_39,s0.000000000000000,s3.000000000000000,s0.000000000000000
058_40,s0.700000000000000,s3.000000000000000,s0.000000000000000
058_41,s1.400000000000000,s3.000000000000000,s0.000000000000000
058_42,s2.100000000000000,s3.000000000000000,s0.000000000000000
058_43,s2.800000000000000,s3.000000000000000,s0.000000000000000
058_44,s3.500000000000000,s3.000000000000000,s0.000000000000000
058_45,s4.200000000000000,s3.000000000000000,s0.000000000000000
058_46,s0.350000000000000,s3.800000000000000,s180.000000000000000
058_47,s1.050000000000000,s3.800000000000000,s180.000000000000000
058_48,s1.750000000000000,s3.800000000000000,s180.000000000000000
058_49,s2.450000000000000,s3.800000000000000,s180.000000000000000
058_50,s3.150000000000000,s3.800000000000000,s180.000000000000000
058_51,s3.850000000000000,s3.800000000000000,s180.000000000000000
058_52,s0.000000000000000,s4.000000000000000,s0.000000000000000
058_53,s0.700000000000000,s4.000000000000000,s0.000000000000000
058_54,s1.400000000000000,s4.000000000000000,s0.000000000000000
058_55,s2.100000000000000,s4.000000000000000,s0.000000000000000
058_56,s2.800000000000000,s4.000000000000000,s0.000000000000000
058_57,s3.500000000000000,s4.000000000000000,s0.000000000000000
059_0,s0.000000000000000,s0.000000000000000,s0.000000000000000
059_1,s0.700000000000000,s0.000000000000000,s0.000000000000000
059_2,s1.400000000000000,s0.000000000000000,s0.000000000000000
059_3,s2.100000000000000,s0.000000000000000,s0.000000000000000
059_4,s2.800000000000000,s0.000000000000000,s0.000000000000000
059_5,s3.500000000000000,s0.000000000000000,s0.000000000000000
059_6,s4.200000000000000,s0.000000000000000,s0.000000000000000
059_7,s0.350000000000000,s0.800000000000000,s180.000000000000000
059_8,s1.050000000000000,s0.800000000000000,s180.000000000000000
059_9,s1.750000000000000,s0.800000000000000,s180.000000000000000
059_10,s2.450000000000000,s0.800000000000000,s180.000000000000000
059_11,s3.150000000000000,s0.800000000000000,s180.000000000000000
059_12,s3.850000000000000,s0.800000000000000,s180.000000000000000
059_13,s0.000000000000000,s1.000000000000000,s0.000000000000000
059_14,s0.700000000000000,s1.000000000000000,s0.000000000000000
059_15,s1.400000000000000,s1.000000000000000,s0.000000000000000
059_16,s2.100000000000000,s1.000000000000000,s0.000000000000000
059_17,s2.800000000000000,s1.000000000000000,s0.000000000000000
059_18,s3.500000000000000,s1.000000000000000,s0.000000000000000
059_19,s4.200000000000000,s1.000000000000000,s0.000000000000000
059_20,s0.350000000000000,s1.800000000000000,s180.000000000000000
059_21,s1.050000000000000,s1.800000000000000,s180.000000000000000
059_22,s1.750000000000000,s1.800000000000000,s180.000000000000000
059_23,s2.450000000000000,s1.800000000000000,s180.000000000000000
059_24,s3.150000000000000,s1.800000000000000,s180.000000000000000
059_25,s3.850000000000000,s1.800000000000000,s180.000000000000000
059_26,s0.000000000000000,s2.000000000000000,s0.000000000000000
059_27,s0.700000000000000,s2.000000000000000,s0.000000000000000
059_28,s1.400000000000000,s2.000000000000000,s0.000000000000000
059_29,s2.100000000000000,s2.000000000000000,s0.000000000000000
059_30,s2.800000000000000,s2.000000000000000,s0.000000000000000
059_31,s3.500000000000000,s2.000000000000000,s0.000000000000000
059_32,s4.200000000000000,s2.000000000000000,s0.000000000000000
059_33,s0.350000000000000,s2.800000000000000,s180.000000000000000
059_34,s1.050000000000000,s2.800000000000000,s180.000000000000000
059_35,s1.750000000000000,s2.800000000000000,s180.000000000000000
059_36,s2.450000000000000,s2.800000000000000,s180.000000000000000
059_37,s3.150000000000000,s2.800000000000000,s180.000000000000000
059_38,s3.850000000000000,s2.800000000000000,s180.000000000000000
059_39,s0.000000000000000,s3.000000000000000,s0.000000000000000
059_40,s0.700000000000000,s3.000000000000000,s0.000000000000000
059_41,s1.400000000000000,s3.000000000000000,s0.000000000000000
059_42,s2.100000000000000,s3.000000000000000,s0.000000000000000
059_43,s2.800000000000000,s3.000000000000000,s0.000000000000000
059_44,s3.500000000000000,s3.000000000000000,s0.000000000000000
059_45,s4.200000000000000,s3.000000000000000,s0.000000000000000
059_46,s0.350000000000000,s3.800000000000000,s180.000000000000000
059_47,s1.050000000000000,s3.800000000000000,s180.000000000000000
059_48,s1.750000000000000,s3.800000000000000,s180.000000000000000
059_49,s2.450000000000000,s3.800000000000000,s180.000000000000000
059_50,s3.150000000000000,s3.800000000000000,s180.000000000000000
059_51,s3.850000000000000,s3.800000000000000,s180.000000000000000
059_52,s0.000000000000000,s4.000000000000000,s0.000000000000000
059_53,s0.700000000000000,s4.000000000000000,s0.000000000000000
059_54,s1.400000000000000,s4.000000000000000,s0.000000000000000
059_55,s2.100000000000000,s4.000000000000000,s0.000000000000000
059_56,s2.800000000000000,s4.000000000000000,s0.000000000000000
059_57,s3.500000000000000,s4.000000000000000,s0.000000000000000
059_58,s4.200000000000000,s4.000000000000000,s0.000000000000000
060_0,s-0.198787738289723,s0.174376073223235,s43.881323434114236
060_1,s0.248633854731580,s0.398113194799592,s-8.101817545937223
060_2,s0.889923754841803,s0.229877285903223,s9.959754721450745
060_3,s1.856561303675694,s0.278113605276166,s-2.328643718749508
060_4,s3.040935843452360,s0.138002662736136,s8.577759875419762
060_5,s3.047541602862167,s0.190362632723661,s-0.814431861816083
060_6,s0.415418068333143,s0.781700298266047,s166.730397866827019
060_7,s1.646313988592044,s1.001756628939859,s180.098824656040307
060_8,s1.671544818292381,s1.293791998771884,s178.240056523120813
060_9,s2.679078973548894,s0.880982357130111,s175.257613706166040
060_10,s3.190577623287858,s0.798078971710187,s175.301986631869710
060_11,s3.607799505250514,s0.731752881833686,s167.612983897019888
060_12,s0.567832672201305,s1.116524246612547,s2.831915183117278
060_13,s0.182770291527135,s1.203089108149529,s-14.271644482104326
060_14,s1.584199511221585,s1.456734311175192,s0.274485724347443
060_15,s1.746468223634359,s0.939137230912984,s-2.262612518034222
060_16,s3.470696521676754,s0.741253644063149,s9.076667923117999
060_17,s3.452285914058505,s0.679614479530777,s13.106762377613398
060_18,s0.683572707360356,s1.921865834581405,s177.676688543324047
060_19,s1.249806984788201,s1.707264861350944,s183.839301884966261
060_20,s1.724521585157839,s1.582532503769233,s175.799355590519355
060_21,s2.819883656257427,s2.276451104491774,s176.718230087571982
060_22,s3.268839819314273,s1.821456085536485,s167.994503809882815
060_23,s3.713902132489248,s1.939653296254447,s199.222740928880484
060_24,s-0.346994344335331,s2.145263476877089,s4.832162871590433
060_25,s0.461966316791548,s2.087090615846154,s-8.020208956270631
060_26,s1.583924974656893,s1.915598869942670,s-0.692339681625252
060_27,s1.906386000358085,s2.319483532187789,s2.853022166619484
060_28,s3.367106262784239,s2.196473686371966,s16.826058027943780
060_29,s3.346138210520147,s2.403883410087424,s-9.398065253326813
060_30,s0.403121226951168,s3.028811834968177,s170.313343752548633
060_31,s0.866612446175500,s2.350187205444748,s181.092296698494295
060_32,s1.693391114651029,s2.875335492229115,s186.678888364893993
060_33,s2.602712304501053,s2.776123534097189,s181.153439997516699
060_34,s3.541398860263825,s3.000496430467979,s194.525401387353895
060_35,s3.758727188396810,s2.523057744291375,s210.470858165602294
060_36,s0.297878155721040,s2.916174833800205,s2.049319717257958
060_37,s1.395805324153192,s2.937532874178812,s25.119857432022883
060_38,s1.712409333296402,s2.340820708941182,s-0.511459238597899
060_39,s1.577865164489898,s2.809664247713115,s-0.693319844442338
060_40,s2.702316685308188,s3.417441423597157,s6.821762313523073
060_41,s3.317917500631775,s3.217925808441256,s5.794704901204836
060_42,s0.267255130909374,s3.614431116038212,s176.714896803327292
060_43,s1.473523827412359,s3.730290314705631,s192.907297410152836
060_44,s1.628988391929936,s4.071514700637968,s181.972522939975590
060_45,s1.864291873426750,s3.884472309638907,s174.030596605523897
060_46,s3.289011856465634,s3.780722682257972,s180.553741143456620
060_47,s3.871842479529129,s3.638120529658117,s184.723891641522243
060_48,s0.278292928455486,s3.876818636412480,s-11.358623011444639
060_49,s0.853315592565520,s4.070563892890921,s-4.301547731040111
060_50,s1.389721926657273,s3.883987072477767,s2.301036787718362
060_51,s2.089657610074763,s3.512557732102591,s14.920846928980117
060_52,s2.439723133559787,s3.622583144382372,s-6.284188960939038
060_53,s3.130199974118237,s3.629189564786767,s-5.720149908114159
060_54,s0.216742641329786,s4.454624923904451,s200.104921860863470
060_55,s0.862509822431646,s4.699599329941476,s174.405554846621385
060_56,s1.834634532913572,s4.577615124964103,s181.814881133537341
060_57,s2.867207365737678,s4.447024295273692,s176.685616583944949
060_58,s3.357471126088584,s4.265887454711039,s183.897133841657677
060_59,s3.810015586838563,s4.682139151134297,s179.216609984372013
061_0,s-0.153263348311119,s0.133584157557662,s2.404669235206740
061_1,s0.729510944680819,s0.064173178661561,s6.197340854460586
061_2,s1.419290877305011,s-0.002356023245421,s-6.765999130704079
061_3,s2.162105820331698,s0.091393042847668,s10.605686372599566
061_4,s3.254481563520887,s0.055620919919940,s6.145084024400433
061_5,s3.553945595437564,s-0.018118735295044,s0.667953452149845
061_6,s4.035019414582377,s0.009235897635460,s-37.716587567775299
061_7,s0.506438224671602,s1.055835394073296,s189.727545593368944
061_8,s0.779452332977029,s0.644727575244448,s195.466590975170845
061_9,s1.452753255395121,s0.769672884220506,s183.111365100109964
061_10,s2.578649462237124,s0.594394448627371,s169.296572854788167
061_11,s3.458036128391683,s0.805409204572219,s179.608654763844839
061_12,s3.651912146736278,s1.228953897523310,s189.601256154658273
061_13,s0.171224038868839,s1.132794977274819,s-5.199437890758938
061_14,s0.707468873504779,s0.917746834571705,s6.482214908003534
061_15,s1.724714813791190,s0.967600469715662,s-0.858716045564292
061_16,s2.180700033180284,s1.106353499208524,s-1.729918493681019
061_17,s2.805110436541091,s1.179539425820566,s0.228644192417350
061_18,s3.234105681390546,s0.808893687331549,s-3.281802470512698
061_19,s4.029584751729405,s0.737723086986511,s4.654553735875389
061_20,s-0.154347005578487,s1.744732576828028,s181.911441228840062
061_21,s1.484549372931051,s1.843799788239465,s175.187198005257841
061_22,s1.601908882126043,s1.931670208551289,s184.759729604032088
061_23,s2.505059722030716,s1.822912559542522,s172.631133190932445
061_24,s2.720278456153134,s2.073662519748915,s172.987206017116790
061_25,s3.816125221677211,s1.669625315608308,s184.077609948663621
061_26,s-0.038574041863828,s2.373358069880418,s-5.003578452737233
061_27,s0.339402918719103,s2.316026066906901,s-5.430508766332827
061_28,s1.104560751426031,s1.853607149689160,s3.320702493864545
061_29,s2.297866275709510,s1.785264493423041,s-13.048290483635553
061_30,s2.757572641107066,s1.526748422157018,s-2.088376677257900
061_31,s3.445886966527214,s2.538614577185718,s-7.296662616881858
061_32,s4.206413017407471,s2.015080964054651,s18.397429128087467
061_33,s0.138909444885481,s2.548189596294405,s180.424342796958229
061_34,s1.123875030928941,s3.158019786814358,s182.052315780855508
061_35,s1.762237003687171,s2.815541214697749,s184.611498081779047
061_36,s2.707469849270911,s2.599972051925963,s173.674131602027160
061_37,s3.138877886818876,s2.790000258401437,s175.492778877355732
061_38,s3.589623671578948,s2.745174443378483,s186.612006449117189
061_39,s0.278239136696220,s2.806253943548183,s-1.684769639410389
061_40,s0.618735966548002,s2.776037794776035,s2.609420400250833
061_41,s1.389066419796616,s3.123192897487788,s3.440202559138374
061_42,s2.155964177699301,s3.021862060512260,s0.618965757113296
061_43,s2.682233010081919,s2.773435968440647,s8.903987192539052
061_44,s3.176784907142913,s2.908796101210421,s-0.767653284577559
061_45,s3.988328290820387,s3.080440447100559,s-4.676370283464902
061_46,s0.434256665854532,s3.934781996774733,s177.474628296582267
061_47,s1.291138403417871,s3.840162257755100,s186.334116395831700
061_48,s1.853469409812258,s3.871531664721717,s175.420232873201940
061_49,s2.521649000370064,s3.614717117455825,s180.297185328080843
061_50,s2.900706762382314,s3.693043615024202,s175.001230021170528
061_51,s3.730043859331577,s3.242012663849157,s183.804634252362575
061_52,s0.094377429617859,s4.030856860985474,s-5.553130055193470
061_53,s0.415809657839858,s3.917966578212902,s-0.254331513396504
061_54,s1.645334011043252,s4.034790053448334,s11.041016522498406
061_55,s2.067563118822522,s4.009770017132378,s-1.133745655126761
061_56,s2.585604041425540,s4.046237482185486,s-51.865184814567044
061_57,s3.757598842888845,s3.913841609247264,s-1.927778708837525
061_58,s4.075207311759045,s3.862635238480961,s2.046887306942937
061_59,s0.222643634101974,s4.522753087772182,s179.918115461966750
061_60,s0.519826770569098,s4.621270700449310,s165.996283734523843
062_0,s0.000000000000000,s0.000000000000000,s0.000000000000000
062_1,s0.700000000000000,s0.000000000000000,s0.000000000000000
062_2,s1.400000000000000,s0.000000000000000,s0.000000000000000
062_3,s2.100000000000000,s0.000000000000000,s0.000000000000000
062_4,s2.800000000000000,s0.000000000000000,s0.000000000000000
062_5,s3.500000000000000,s0.000000000000000,s0.000000000000000
062_6,s4.200000000000000,s0.000000000000000,s0.000000000000000
062_7,s0.350000000000000,s0.800000000000000,s180.000000000000000
062_8,s1.050000000000000,s0.800000000000000,s180.000000000000000
062_9,s1.750000000000000,s0.800000000000000,s180.000000000000000
062_10,s2.450000000000000,s0.800000000000000,s180.000000000000000
062_11,s3.150000000000000,s0.800000000000000,s180.000000000000000
062_12,s3.850000000000000,s0.800000000000000,s180.000000000000000
062_13,s0.000000000000000,s1.000000000000000,s0.000000000000000
062_14,s0.700000000000000,s1.000000000000000,s0.000000000000000
062_15,s1.400000000000000,s1.000000000000000,s0.000000000000000
062_16,s2.100000000000000,s1.000000000000000,s0.000000000000000
062_17,s2.800000000000000,s1.000000000000000,s0.000000000000000
062_18,s3.500000000000000,s1.000000000000000,s0.000000000000000
062_19,s4.200000000000000,s1.000000000000000,s0.000000000000000
062_20,s0.350000000000000,s1.800000000000000,s180.000000000000000
062_21,s1.050000000000000,s1.800000000000000,s180.000000000000000
062_22,s1.750000000000000,s1.800000000000000,s180.000000000000000
062_23,s2.450000000000000,s1.800000000000000,s180.000000000000000
062_24,s3.150000000000000,s1.800000000000000,s180.000000000000000
062_25,s3.850000000000000,s1.800000000000000,s180.000000000000000
062_26,s0.000000000000000,s2.000000000000000,s0.000000000000000
062_27,s0.700000000000000,s2.000000000000000,s0.000000000000000
062_28,s1.400000000000000,s2.000000000000000,s0.000000000000000
062_29,s2.100000000000000,s2.000000000000000,s0.000000000000000
062_30,s2.800000000000000,s2.000000000000000,s0.000000000000000
062_31,s3.500000000000000,s2.000000000000000,s0.000000000000000
062_32,s4.200000000000000,s2.000000000000000,s0.000000000000000
062_33,s0.350000000000000,s2.800000000000000,s180.000000000000000
062_34,s1.050000000000000,s2.800000000000000,s180.000000000000000
062_35,s1.750000000000000,s2.800000000000000,s180.000000000000000
062_36,s2.450000000000000,s2.800000000000000,s180.000000000000000
062_37,s3.150000000000000,s2.800000000000000,s180.000000000000000
062_38,s3.850000000000000,s2.800000000000000,s180.000000000000000
062_39,s0.000000000000000,s3.000000000000000,s0.000000000000000
062_40,s0.700000000000000,s3.000000000000000,s0.000000000000000
062_41,s1.400000000000000,s3.000000000000000,s0.000000000000000
062_42,s2.100000000000000,s3.000000000000000,s0.000000000000000
062_43,s2.800000000000000,s3.000000000000000,s0.000000000000000
062_44,s3.500000000000000,s3.000000000000000,s0.000000000000000
062_45,s4.200000000000000,s3.000000000000000,s0.000000000000000
062_46,s0.350000000000000,s3.800000000000000,s180.000000000000000
062_47,s1.050000000000000,s3.800000000000000,s180.000000000000000
062_48,s1.750000000000000,s3.800000000000000,s180.000000000000000
062_49,s2.450000000000000,s3.800000000000000,s180.000000000000000
062_50,s3.150000000000000,s3.800000000000000,s180.000000000000000
062_51,s3.850000000000000,s3.800000000000000,s180.000000000000000
062_52,s0.000000000000000,s4.000000000000000,s0.000000000000000
062_53,s0.700000000000000,s4.000000000000000,s0.000000000000000
062_54,s1.400000000000000,s4.000000000000000,s0.000000000000000
062_55,s2.100000000000000,s4.000000000000000,s0.000000000000000
062_56,s2.800000000000000,s4.000000000000000,s0.000000000000000
062_57,s3.500000000000000,s4.000000000000000,s0.000000000000000
062_58,s4.200000000000000,s4.000000000000000,s0.000000000000000
062_59,s0.350000000000000,s4.800000000000000,s180.000000000000000
062_60,s1.050000000000000,s4.800000000000000,s180.000000000000000
062_61,s1.750000000000000,s4.800000000000000,s180.000000000000000
063_0,s-0.004993516081624,s0.143043933791028,s-3.191324009240931
063_1,s0.735657830854850,s0.213961673635064,s-17.418902391049048
063_2,s1.352796843255715,s0.055505694767512,s-8.077362463745661
063_3,s2.209789675968525,s0.017552561563401,s8.146005983181878
063_4,s2.802877509649176,s0.084612032280945,s-4.571371673868077
063_5,s3.404358930486229,s-0.026246042721671,s-0.205201052735102
063_6,s4.246388244522505,s0.084302828917381,s-16.373801249897802
063_7,s0.419776507834531,s0.913472468375499,s181.826213811320571
063_8,s0.670758928971971,s0.811082619119371,s170.925534410614290
063_9,s1.709481234201986,s1.037820693168851,s180.890138226606410
063_10,s2.546600189276182,s0.954414031903731,s181.215406171262373
063_11,s3.236625253823330,s0.996817775834581,s170.954782133808351
063_12,s4.000521081841462,s1.051047237306339,s174.595565744872346
063_13,s0.062702034789565,s1.069041328108488,s-0.462983857807870
063_14,s0.673342432695501,s0.988595032371707,s2.753325738895233
063_15,s0.926037759245033,s0.839858874305851,s-0.241452502363108
063_16,s1.998723066257975,s0.795450594624997,s-10.541992352304659
063_17,s2.628588174606923,s0.886524235418493,s-9.050031203725293
063_18,s3.516245563357069,s0.816943708918295,s-0.104264143196449
063_19,s4.228768690694447,s0.994557363351835,s12.049470224701109
063_20,s0.331557841115649,s1.398242301444814,s184.411026824626362
063_21,s0.736668291333197,s1.700411963135495,s184.646467956458679
063_22,s1.384678764098902,s1.713436261486501,s180.840807015085971
063_23,s2.203041259899709,s2.026705193799687,s192.066748996458927
063_24,s3.273992506426910,s1.986273416975137,s170.268902608399202
063_25,s3.958633642802389,s2.051974074198829,s177.186738853171562
063_26,s0.055689047504712,s2.515082029145027,s13.613400847128139
063_27,s0.600456697053731,s2.379209853811588,s-14.065703291266791
063_28,s1.469581729173483,s2.041102442005099,s4.298840661160802
063_29,s1.771317162146241,s2.016610523855739,s-1.222433976016672
063_30,s2.733379268668811,s1.914618440758644,s5.004132857131312
063_31,s3.564684275956534,s1.876412402881034,s-3.952630781064554
063_32,s4.320115320365059,s2.346114089340562,s-10.666902316514866
063_33,s0.260018049361221,s3.044470528470502,s174.598128680298970
063_34,s1.068861331418592,s2.688725638046016,s184.142966750246444
063_35,s1.565878717310878,s3.238022980653581,s177.373688086004705
063_36,s2.139520568363784,s2.704026306863619,s173.518163817122371
063_37,s3.117157856682705,s3.166351864302964,s184.915477775592677
063_38,s3.708758001794699,s2.706380279178028,s173.607935897535725
063_39,s0.062332362261433,s2.837753464747727,s3.150901172935111
063_40,s0.981775595968074,s2.894813347398737,s5.911601950433345
063_41,s1.646018315214183,s2.848195773759977,s-4.312626264888075
063_42,s2.357738532811452,s3.003203185374793,s-2.037697837940315
063_43,s2.906150826202599,s3.082053470943396,s9.845445674004061
063_44,s3.489238844692455,s3.023965862023886,s-3.576689376067058
063_45,s3.936473547706819,s3.057486092794911,s-1.879262935779037
063_46,s0.453752739188491,s3.553205861335923,s183.827227659813957
063_47,s1.022663768505713,s3.714763690466999,s186.683422164864254
063_48,s1.670370885612002,s3.710186640739328,s173.853832617980743
063_49,s2.787349505300238,s4.210837150162102,s173.699254260336261
063_50,s3.208919215388605,s3.806528303614978,s177.304788045218800
063_51,s3.586222795211557,s4.167507838035792,s187.470372062384484
063_52,s-0.062173038863870,s3.627986396209025,s1.142242136872130
063_53,s0.236421680321610,s4.053545174319666,s8.649653216802776
063_54,s1.624750324493141,s3.813309531068992,s0.246830985595138
063_55,s2.185785791046387,s4.055311080181896,s-6.131041927786150
063_56,s2.576799953163963,s3.631959442402288,s5.071692866812174
063_57,s3.096420898548107,s3.911760820622151,s-1.000063000129129
063_58,s3.748560380839776,s3.867722671655617,s10.148872096019771
063_59,s0.405503454898594,s4.366211036856634,s168.855086385988272
063_60,s1.094016230095331,s4.525772800676704,s173.558892827364559
063_61,s1.664631630710668,s4.565507062528061,s176.118068249276917
063_62,s2.318357107320176,s4.366186102120406,s166.160868302362786
064_0,s0.000000000000000,s0.000000000000000,s0.000000000000000
064_1,s0.700000000000000,s0.000000000000000,s0.000000000000000
064_2,s1.400000000000000,s0.000000000000000,s0.000000000000000
064_3,s2.100000000000000,s0.000000000000000,s0.000000000000000
064_4,s2.800000000000000,s0.000000000000000,s0.000000000000000
064_5,s3.500000000000000,s0.000000000000000,s0.000000000000000
064_6,s4.200000000000000,s0.000000000000000,s0.000000000000000
064_7,s0.350000000000000,s0.800000000000000,s180.000000000000000
064_8,s1.050000000000000,s0.800000000000000,s180.000000000000000
064_9,s1.750000000000000,s0.800000000000000,s180.000000000000000
064_10,s2.450000000000000,s0.800000000000000,s180.000000000000000
064_11,s3.150000000000000,s0.800000000000000,s180.000000000000000
064_12,s3.850000000000000,s0.800000000000000,s180.000000000000000
064_13,s0.000000000000000,s1.000000000000000,s0.000000000000000
064_14,s0.700000000000000,s1.000000000000000,s0.000000000000000
064_15,s1.400000000000000,s1.000000000000000,s0.000000000000000
064_16,s2.100000000000000,s1.000000000000000,s0.000000000000000
064_17,s2.800000000000000,s1.000000000000000,s0.000000000000000
064_18,s3.500000000000000,s1.000000000000000,s0.000000000000000
064_19,s4.200000000000000,s1.000000000000000,s0.000000000000000
064_20,s0.350000000000000,s1.800000000000000,s180.000000000000000
064_21,s1.050000000000000,s1.800000000000000,s180.000000000000000
064_22,s1.750000000000000,s1.800000000000000,s180.000000000000000
064_23,s2.450000000000000,s1.800000000000000,s180.000000000000000
064_24,s3.150000000000000,s1.800000000000000,s180.000000000000000
064_25,s3.850000000000000,s1.800000000000000,s180.000000000000000
064_26,s0.000000000000000,s2.000000000000000,s0.000000000000000
064_27,s0.700000000000000,s2.000000000000000,s0.000000000000000
064_28,s1.400000000000000,s2.000000000000000,s0.000000000000000
064_29,s2.100000000000000,s2.000000000000000,s0.000000000000000
064_30,s2.800000000000000,s2.000000000000000,s0.000000000000000
064_31,s3.500000000000000,s2.000000000000000,s0.000000000000000
064_32,s4.200000000000000,s2.000000000000000,s0.000000000000000
064_33,s0.350000000000000,s2.800000000000000,s180.000000000000000
064_34,s1.050000000000000,s2.800000000000000,s180.000000000000000
064_35,s1.750000000000000,s2.800000000000000,s180.000000000000000
064_36,s2.450000000000000,s2.800000000000000,s180.000000000000000
064_37,s3.150000000000000,s2.800000000000000,s180.000000000000000
064_38,s3.850000000000000,s2.800000000000000,s180.000000000000000
064_39,s0.000000000000000,s3.000000000000000,s0.000000000000000
064_40,s0.700000000000000,s3.000000000000000,s0.000000000000000
064_41,s1.400000000000000,s3.000000000000000,s0.000000000000000
064_42,s2.100000000000000,s3.000000000000000,s0.000000000000000
064_43,s2.800000000000000,s3.000000000000000,s0.000000000000000
064_44,s3.500000000000000,s3.000000000000000,s0.000000000000000
064_45,s4.200000000000000,s3.000000000000000,s0.000000000000000
064_46,s0.350000000000000,s3.800000000000000,s180.000000000000000
064_47,s1.050000000000000,s3.800000000000000,s180.000000000000000
064_48,s1.750000000000000,s3.800000000000000,s180.000000000000000
064_49,s2.450000000000000,s3.800000000000000,s180.000000000000000
064_50,s3.150000000000000,s3.800000000000000,s180.000000000000000
064_51,s3.850000000000000,s3.800000000000000,s180.000000000000000
064_52,s0.000000000000000,s4.000000000000000,s0.000000000000000
064_53,s0.700000000000000,s4.000000000000000,s0.000000000000000
064_54,s1.400000000000000,s4.000000000000000,s0.000000000000000
064_55,s2.100000000000000,s4.000000000000000,s0.000000000000000
064_56,s2.800000000000000,s4.000000000000000,s0.000000000000000
064_57,s3.500000000000000,s4.000000000000000,s0.000000000000000
064_58,s4.200000000000000,s4.000000000000000,s0.000000000000000
064_59,s0.350000000000000,s4.800000000000000,s180.000000000000000
064_60,s1.050000000000000,s4.800000000000000,s180.000000000000000
064_61,s1.750000000000000,s4.800000000000000,s180.000000000000000
064_62,s2.450000000000000,s4.800000000000000,s180.000000000000000
064_63,s3.150000000000000,s4.800000000000000,s180.000000000000000
065_0,s0.000000000000000,s0.000000000000000,s0.000000000000000
065_1,s0.700000000000000,s0.000000000000000,s0.000000000000000
065_2,s1.400000000000000,s0.000000000000000,s0.000000000000000
065_3,s2.100000000000000,s0.000000000000000,s0.000000000000000
065_4,s2.800000000000000,s0.000000000000000,s0.000000000000000
065_5,s3.500000000000000,s0.000000000000000,s0.000000000000000
065_6,s4.200000000000000,s0.000000000000000,s0.000000000000000
065_7,s0.350000000000000,s0.800000000000000,s180.000000000000000
065_8,s1.050000000000000,s0.800000000000000,s180.000000000000000
065_9,s1.750000000000000,s0.800000000000000,s180.000000000000000
065_10,s2.450000000000000,s0.800000000000000,s180.000000000000000
065_11,s3.150000000000000,s0.800000000000000,s180.000000000000000
065_12,s3.850000000000000,s0.800000000000000,s180.000000000000000
065_13,s0.000000000000000,s1.000000000000000,s0.000000000000000
065_14,s0.700000000000000,s1.000000000000000,s0.000000000000000
065_15,s1.400000000000000,s1.000000000000000,s0.000000000000000
065_16,s2.100000000000000,s1.000000000000000,s0.000000000000000
065_17,s2.800000000000000,s1.000000000000000,s0.000000000000000
065_18,s3.500000000000000,s1.000000000000000,s0.000000000000000
065_19,s4.200000000000000,s1.000000000000000,s0.000000000000000
065_20,s0.350000000000000,s1.800000000000000,s180.000000000000000
065_21,s1.050000000000000,s1.800000000000000,s180.000000000000000
065_22,s1.750000000000000,s1.800000000000000,s180.000000000000000
065_23,s2.450000000000000,s1.800000000000000,s180.000000000000000
065_24,s3.150000000000000,s1.800000000000000,s180.000000000000000
065_25,s3.850000000000000,s1.800000000000000,s180.000000000000000
065_26,s0.000000000000000,s2.000000000000000,s0.000000000000000
065_27,s0.700000000000000,s2.000000000000000,s0.000000000000000
065_28,s1.400000000000000,s2.000000000000000,s0.000000000000000
065_29,s2.100000000000000,s2.000000000000000,s0.000000000000000
065_30,s2.800000000000000,s2.000000000000000,s0.000000000000000
065_31,s3.500000000000000,s2.000000000000000,s0.000000000000000
065_32,s4.200000000000000,s2.000000000000000,s0.000000000000000
065_33,s0.350000000000000,s2.800000000000000,s180.000000000000000
065_34,s1.050000000000000,s2.800000000000000,s180.000000000000000
065_35,s1.750000000000000,s2.800000000000000,s180.000000000000000
065_36,s2.450000000000000,s2.800000000000000,s180.000000000000000
065_37,s3.150000000000000,s2.800000000000000,s180.000000000000000
065_38,s3.850000000000000,s2.800000000000000,s180.000000000000000
065_39,s0.000000000000000,s3.000000000000000,s0.000000000000000
065_40,s0.700000000000000,s3.000000000000000,s0.000000000000000
065_41,s1.400000000000000,s3.000000000000000,s0.000000000000000
065_42,s2.100000000000000,s3.000000000000000,s0.000000000000000
065_43,s2.800000000000000,s3.000000000000000,s0.000000000000000
065_44,s3.500000000000000,s3.000000000000000,s0.000000000000000
065_45,s4.200000000000000,s3.000000000000000,s0.000000000000000
065_46,s0.350000000000000,s3.800000000000000,s180.000000000000000
065_47,s1.050000000000000,s3.800000000000000,s180.000000000000000
065_48,s1.750000000000000,s3.800000000000000,s180.000000000000000
065_49,s2.450000000000000,s3.800000000000000,s180.000000000000000
065_50,s3.150000000000000,s3.800000000000000,s180.000000000000000
065_51,s3.850000000000000,s3.800000000000000,s180.000000000000000
065_52,s0.000000000000000,s4.000000000000000,s0.000000000000000
065_53,s0.700000000000000,s4.000000000000000,s0.000000000000000
065_54,s1.400000000000000,s4.000000000000000,s0.000000000000000
065_55,s2.100000000000000,s4.000000000000000,s0.000000000000000
065_56,s2.800000000000000,s4.000000000000000,s0.000000000000000
065_57,s3.500000000000000,s4.000000000000000,s0.000000000000000
065_58,s4.200000000000000,s4.000000000000000,s0.000000000000000
065_59,s0.350000000000000,s4.800000000000000,s180.000000000000000
065_60,s1.050000000000000,s4.800000000000000,s180.000000000000000
065_61,s1.750000000000000,s4.800000000000000,s180.000000000000000
065_62,s2.450000000000000,s4.800000000000000,s180.000000000000000
065_63,s3.150000000000000,s4.800000000000000,s180.000000000000000
065_64,s3.850000000000000,s4.800000000000000,s180.000000000000000
066_0,s0.000000000000000,s0.000000000000000,s0.000000000000000
066_1,s0.700000000000000,s0.000000000000000,s0.000000000000000
066_2,s1.400000000000000,s0.000000000000000,s0.000000000000000
066_3,s2.100000000000000,s0.000000000000000,s0.000000000000000
066_4,s2.800000000000000,s0.000000000000000,s0.000000000000000
066_5,s3.500000000000000,s0.000000000000000,s0.000000000000000
066_6,s4.200000000000000,s0.000000000000000,s0.000000000000000
066_7,s0.350000000000000,s0.800000000000000,s180.000000000000000
066_8,s1.050000000000000,s0.800000000000000,s180.000000000000000
066_9,s1.750000000000000,s0.800000000000000,s180.000000000000000
066_10,s2.450000000000000,s0.800000000000000,s180.000000000000000
066_11,s3.150000000000000,s0.800000000000000,s180.000000000000000
066_12,s3.850000000000000,s0.800000000000000,s180.000000000000000
066_13,s4.550000000000000,s0.800000000000000,s180.000000000000000
066_14,s0.000000000000000,s1.000000000000000,s0.000000000000000
066_15,s0.700000000000000,s1.000000000000000,s0.000000000000000
066_16,s1.400000000000000,s1.000000000000000,s0.000000000000000
066_17,s2.100000000000000,s1.000000000000000,s0.000000000000000
066_18,s2.800000000000000,s1.000000000000000,s0.000000000000000
066_19,s3.500000000000000,s1.000000000000000,s0.000000000000000
066_20,s4.200000000000000,s1.000000000000000,s0.000000000000000
066_21,s0.350000000000000,s1.800000000000000,s180.000000000000000
066_22,s1.050000000000000,s1.800000000000000,s180.000000000000000
066_23,s1.750000000000000,s1.800000000000000,s180.000000000000000
066_24,s2.450000000000000,s1.800000000000000,s180.000000000000000
066_25,s3.150000000000000,s1.800000000000000,s180.000000000000000
066_26,s3.850000000000000,s1.800000000000000,s180.000000000000000
066_27,s4.550000000000000,s1.800000000000000,s180.000000000000000
066_28,s0.000000000000000,s2.000000000000000,s0.000000000000000
066_29,s0.700000000000000,s2.000000000000000,s0.000000000000000
066_30,s1.400000000000000,s2.000000000000000,s0.000000000000000
066_31,s2.100000000000000,s2.000000000000000,s0.000000000000000
066_32,s2.800000000000000,s2.000000000000000,s0.000000000000000
066_33,s3.500000000000000,s2.000000000000000,s0.000000000000000
066_34,s4.200000000000000,s2.000000000000000,s0.000000000000000
066_35,s0.350000000000000,s2.800000000000000,s180.000000000000000
066_36,s1.050000000000000,s2.800000000000000,s180.000000000000000
066_37,s1.750000000000000,s2.800000000000000,s180.000000000000000
066_38,s2.450000000000000,s2.800000000000000,s180.000000000000000
066_39,s3.150000000000000,s2.800000000000000,s180.000000000000000
066_40,s3.850000000000000,s2.800000000000000,s180.000000000000000
066_41,s4.550000000000000,s2.800000000000000,s180.000000000000000
066_42,s0.000000000000000,s3.000000000000000,s0.000000000000000
066_43,s0.700000000000000,s3.000000000000000,s0.000000000000000
066_44,s1.400000000000000,s3.000000000000000,s0.000000000000000
066_45,s2.100000000000000,s3.000000000000000,s0.000000000000000
066_46,s2.800000000000000,s3.000000000000000,s0.000000000000000
066_47,s3.500000000000000,s3.000000000000000,s0.000000000000000
066_48,s4.200000000000000,s3.000000000000000,s0.000000000000000
066_49,s0.350000000000000,s3.800000000000000,s180.000000000000000
066_50,s1.050000000000000,s3.800000000000000,s180.000000000000000
066_51,s1.750000000000000,s3.800000000000000,s180.000000000000000
066_52,s2.450000000000000,s3.800000000000000,s180.000000000000000
066_53,s3.150000000000000,s3.800000000000000,s180.000000000000000
066_54,s3.850000000000000,s3.800000000000000,s180.000000000000000
066_55,s4.550000000000000,s3.800000000000000,s180.000000000000000
066_56,s0.000000000000000,s4.000000000000000,s0.000000000000000
066_57,s0.700000000000000,s4.000000000000000,s0.000000000000000
066_58,s1.400000000000000,s4.000000000000000,s0.000000000000000
066_59,s2.100000000000000,s4.000000000000000,s0.000000000000000
066_60,s2.800000000000000,s4.000000000000000,s0.000000000000000
066_61,s3.500000000000000,s4.000000000000000,s0.000000000000000
066_62,s4.200000000000000,s4.000000000000000,s0.000000000000000
066_63,s0.350000000000000,s4.800000000000000,s180.000000000000000
066_64,s1.050000000000000,s4.800000000000000,s180.000000000000000
066_65,s1.750000000000000,s4.800000000000000,s180.000000000000000
067_0,s0.000000000000000,s0.000000000000000,s0.000000000000000
067_1,s0.700000000000000,s0.000000000000000,s0.000000000000000
067_2,s1.400000000000000,s0.000000000000000,s0.000000000000000
067_3,s2.100000000000000,s0.000000000000000,s0.000000000000000
067_4,s2.800000000000000,s0.000000000000000,s0.000000000000000
067_5,s3.500000000000000,s0.000000000000000,s0.000000000000000
067_6,s4.200000000000000,s0.000000000000000,s0.000000000000000
067_7,s0.350000000000000,s0.800000000000000,s180.000000000000000
067_8,s1.050000000000000,s0.800000000000000,s180.000000000000000
067_9,s1.750000000000000,s0.800000000000000,s180.000000000000000
067_10,s2.450000000000000,s0.800000000000000,s180.000000000000000
067_11,s3.150000000000000,s0.800000000000000,s180.000000000000000
067_12,s3.850000000000000,s0.800000000000000,s180.000000000000000
067_13,s4.550000000000000,s0.800000000000000,s180.000000000000000
067_14,s0.000000000000000,s1.000000000000000,s0.000000000000000
067_15,s0.700000000000000,s1.000000000000000,s0.000000000000000
067_16,s1.400000000000000,s1.000000000000000,s0.000000000000000
067_17,s2.100000000000000,s1.000000000000000,s0.000000000000000
067_18,s2.800000000000000,s1.000000000000000,s0.000000000000000
067_19,s3.500000000000000,s1.000000000000000,s0.000000000000000
067_20,s4.200000000000000,s1.000000000000000,s0.000000000000000
067_21,s0.350000000000000,s1.800000000000000,s180.000000000000000
067_22,s1.050000000000000,s1.800000000000000,s180.000000000000000
067_23,s1.750000000000000,s1.800000000000000,s180.000000000000000
067_24,s2.450000000000000,s1.800000000000000,s180.000000000000000
067_25,s3.150000000000000,s1.800000000000000,s180.000000000000000
067_26,s3.850000000000000,s1.800000000000000,s180.000000000000000
067_27,s4.550000000000000,s1.800000000000000,s180.000000000000000
067_28,s0.000000000000000,s2.000000000000000,s0.000000000000000
067_29,s0.700000000000000,s2.000000000000000,s0.000000000000000
067_30,s1.400000000000000,s2.000000000000000,s0.000000000000000
067_31,s2.100000000000000,s2.000000000000000,s0.000000000000000
067_32,s2.800000000000000,s2.000000000000000,s0.000000000000000
067_33,s3.500000000000000,s2.000000000000000,s0.000000000000000
067_34,s4.200000000000000,s2.000000000000000,s0.000000000000000
067_35,s0.350000000000000,s2.800000000000000,s180.000000000000000
067_36,s1.050000000000000,s2.800000000000000,s180.000000000000000
067_37,s1.750000000000000,s2.800000000000000,s180.000000000000000
067_38,s2.450000000000000,s2.800000000000000,s180.000000000000000
067_39,s3.150000000000000,s2.800000000000000,s180.000000000000000
067_40,s3.850000000000000,s2.800000000000000,s180.000000000000000
067_41,s4.550000000000000,s2.800000000000000,s180.000000000000000
067_42,s0.000000000000000,s3.000000000000000,s0.000000000000000
067_43,s0.700000000000000,s3.000000000000000,s0.000000000000000
067_44,s1.400000000000000,s3.000000000000000,s0.000000000000000
067_45,s2.100000000000000,s3.000000000000000,s0.000000000000000
067_46,s2.800000000000000,s3.000000000000000,s0.000000000000000
067_47,s3.500000000000000,s3.000000000000000,s0.000000000000000
067_48,s4.200000000000000,s3.000000000000000,s0.000000000000000
067_49,s0.350000000000000,s3.800000000000000,s180.000000000000000
067_50,s1.050000000000000,s3.800000000000000,s180.000000000000000
067_51,s1.750000000000000,s3.800000000000000,s180.000000000000000
067_52,s2.450000000000000,s3.800000000000000,s180.000000000000000
067_53,s3.150000000000000,s3.800000000000000,s180.000000000000000
067_54,s3.850000000000000,s3.800000000000000,s180.000000000000000
067_55,s4.550000000000000,s3.800000000000000,s180.000000000000000
067_56,s0.000000000000000,s4.000000000000000,s0.000000000000000
067_57,s0.700000000000000,s4.000000000000000,s0.000000000000000
067_58,s1.400000000000000,s4.000000000000000,s0.000000000000000
067_59,s2.100000000000000,s4.000000000000000,s0.000000000000000
067_60,s2.800000000000000,s4.000000000000000,s0.000000000000000
067_61,s3.500000000000000,s4.000000000000000,s0.000000000000000
067_62,s4.200000000000000,s4.000000000000000,s0.000000000000000
067_63,s0.350000000000000,s4.800000000000000,s180.000000000000000
067_64,s1.050000000000000,s4.800000000000000,s180.000000000000000
067_65,s1.750000000000000,s4.800000000000000,s180.000000000000000
067_66,s2.450000000000000,s4.800000000000000,s180.000000000000000
068_0,s0.000000000000000,s0.000000000000000,s0.000000000000000
068_1,s0.700000000000000,s0.000000000000000,s0.000000000000000
068_2,s1.400000000000000,s0.000000000000000,s0.000000000000000
068_3,s2.100000000000000,s0.000000000000000,s0.000000000000000
068_4,s2.800000000000000,s0.000000000000000,s0.000000000000000
068_5,s3.500000000000000,s0.000000000000000,s0.000000000000000
068_6,s4.200000000000000,s0.000000000000000,s0.000000000000000
068_7,s0.350000000000000,s0.800000000000000,s180.000000000000000
068_8,s1.050000000000000,s0.800000000000000,s180.000000000000000
068_9,s1.750000000000000,s0.800000000000000,s180.000000000000000
068_10,s2.450000000000000,s0.800000000000000,s180.000000000000000
068_11,s3.150000000000000,s0.800000000000000,s180.000000000000000
068_12,s3.850000000000000,s0.800000000000000,s180.000000000000000
068_13,s4.550000000000000,s0.800000000000000,s180.000000000000000
068_14,s0.000000000000000,s1.000000000000000,s0.000000000000000
068_15,s0.700000000000000,s1.000000000000000,s0.000000000000000
068_16,s1.400000000000000,s1.000000000000000,s0.000000000000000
068_17,s2.100000000000000,s1.000000000000000,s0.000000000000000
068_18,s2.800000000000000,s1.000000000000000,s0.000000000000000
068_19,s3.500000000000000,s1.000000000000000,s0.000000000000000
068_20,s4.200000000000000,s1.000000000000000,s0.000000000000000
068_21,s0.350000000000000,s1.800000000000000,s180.000000000000000
068_22,s1.050000000000000,s1.800000000000000,s180.000000000000000
068_23,s1.750000000000000,s1.800000000000000,s180.000000000000000
068_24,s2.450000000000000,s1.800000000000000,s180.000000000000000
068_25,s3.150000000000000,s1.800000000000000,s180.000000000000000
068_26,s3.850000000000000,s1.800000000000000,s180.000000000000000
068_27,s4.550000000000000,s1.800000000000000,s180.000000000000000
068_28,s0.000000000000000,s2.000000000000000,s0.000000000000000
068_29,s0.700000000000000,s2.000000000000000,s0.000000000000000
068_30,s1.400000000000000,s2.000000000000000,s0.000000000000000
068_31,s2.100000000000000,s2.000000000000000,s0.000000000000000
068_32,s2.800000000000000,s2.000000000000000,s0.000000000000000
068_33,s3.500000000000000,s2.000000000000000,s0.000000000000000
068_34,s4.200000000000000,s2.000000000000000,s0.000000000000000
068_35,s0.350000000000000,s2.800000000000000,s180.000000000000000
068_36,s1.050000000000000,s2.800000000000000,s180.000000000000000
068_37,s1.750000000000000,s2.800000000000000,s180.000000000000000
068_38,s2.450000000000000,s2.800000000000000,s180.000000000000000
068_39,s3.150000000000000,s2.800000000000000,s180.000000000000000
068_40,s3.850000000000000,s2.800000000000000,s180.000000000000000
068_41,s4.550000000000000,s2.800000000000000,s180.000000000000000
068_42,s0.000000000000000,s3.000000000000000,s0.000000000000000
068_43,s0.700000000000000,s3.000000000000000,s0.000000000000000
068_44,s1.400000000000000,s3.000000000000000,s0.000000000000000
068_45,s2.100000000000000,s3.000000000000000,s0.000000000000000
068_46,s2.800000000000000,s3.000000000000000,s0.000000000000000
068_47,s3.500000000000000,s3.000000000000000,s0.000000000000000
068_48,s4.200000000000000,s3.000000000000000,s0.000000000000000
068_49,s0.350000000000000,s3.800000000000000,s180.000000000000000
068_50,s1.050000000000000,s3.800000000000000,s180.000000000000000
068_51,s1.750000000000000,s3.800000000000000,s180.000000000000000
068_52,s2.450000000000000,s3.800000000000000,s180.000000000000000
068_53,s3.150000000000000,s3.800000000000000,s180.000000000000000
068_54,s3.850000000000000,s3.800000000000000,s180.000000000000000
068_55,s4.550000000000000,s3.800000000000000,s180.000000000000000
068_56,s0.000000000000000,s4.000000000000000,s0.000000000000000
068_57,s0.700000000000000,s4.000000000000000,s0.000000000000000
068_58,s1.400000000000000,s4.000000000000000,s0.000000000000000
068_59,s2.100000000000000,s4.000000000000000,s0.000000000000000
068_60,s2.800000000000000,s4.000000000000000,s0.000000000000000
068_61,s3.500000000000000,s4.000000000000000,s0.000000000000000
068_62,s4.200000000000000,s4.000000000000000,s0.000000000000000
068_63,s0.350000000000000,s4.800000000000000,s180.000000000000000
068_64,s1.050000000000000,s4.800000000000000,s180.000000000000000
068_65,s1.750000000000000,s4.800000000000000,s180.000000000000000
068_66,s2.450000000000000,s4.800000000000000,s180.000000000000000
068_67,s3.150000000000000,s4.800000000000000,s180.000000000000000
069_0,s0.000000000000000,s0.000000000000000,s0.000000000000000
069_1,s0.700000000000000,s0.000000000000000,s0.000000000000000
069_2,s1.400000000000000,s0.000000000000000,s0.000000000000000
069_3,s2.100000000000000,s0.000000000000000,s0.000000000000000
069_4,s2.800000000000000,s0.000000000000000,s0.000000000000000
069_5,s3.500000000000000,s0.000000000000000,s0.000000000000000
069_6,s4.200000000000000,s0.000000000000000,s0.000000000000000
069_7,s0.350000000000000,s0.800000000000000,s180.000000000000000
069_8,s1.050000000000000,s0.800000000000000,s180.000000000000000
069_9,s1.750000000000000,s0.800000000000000,s180.000000000000000
069_10,s2.450000000000000,s0.800000000000000,s180.000000000000000
069_11,s3.150000000000000,s0.800000000000000,s180.000000000000000
069_12,s3.850000000000000,s0.800000000000000,s180.000000000000000
069_13,s4.550000000000000,s0.800000000000000,s180.000000000000000
069_14,s0.000000000000000,s1.000000000000000,s0.000000000000000
069_15,s0.700000000000000,s1.000000000000000,s0.000000000000000
069_16,s1.400000000000000,s1.000000000000000,s0.000000000000000
069_17,s2.100000000000000,s1.000000000000000,s0.000000000000000
069_18,s2.800000000000000,s1.000000000000000,s0.000000000000000
069_19,s3.500000000000000,s1.000000000000000,s0.000000000000000
069_20,s4.200000000000000,s1.000000000000000,s0.000000000000000
069_21,s0.350000000000000,s1.800000000000000,s180.000000000000000
069_22,s1.050000000000000,s1.800000000000000,s180.000000000000000
069_23,s1.750000000000000,s1.800000000000000,s180.000000000000000
069_24,s2.450000000000000,s1.800000000000000,s180.000000000000000
069_25,s3.150000000000000,s1.800000000000000,s180.000000000000000
069_26,s3.850000000000000,s1.800000000000000,s180.000000000000000
069_27,s4.550000000000000,s1.800000000000000,s180.000000000000000
069_28,s0.000000000000000,s2.000000000000000,s0.000000000000000
069_29,s0.700000000000000,s2.000000000000000,s0.000000000000000
069_30,s1.400000000000000,s2.000000000000000,s0.000000000000000
069_31,s2.100000000000000,s2.000000000000000,s0.000000000000000
069_32,s2.800000000000000,s2.000000000000000,s0.000000000000000
069_33,s3.500000000000000,s2.000000000000000,s0.000000000000000
069_34,s4.200000000000000,s2.000000000000000,s0.000000000000000
069_35,s0.350000000000000,s2.800000000000000,s180.000000000000000
069_36,s1.050000000000000,s2.800000000000000,s180.000000000000000
069_37,s1.750000000000000,s2.800000000000000,s180.000000000000000
069_38,s2.450000000000000,s2.800000000000000,s180.000000000000000
069_39,s3.150000000000000,s2.800000000000000,s180.000000000000000
069_40,s3.850000000000000,s2.800000000000000,s180.000000000000000
069_41,s4.550000000000000,s2.800000000000000,s180.000000000000000
069_42,s0.000000000000000,s3.000000000000000,s0.000000000000000
069_43,s0.700000000000000,s3.000000000000000,s0.000000000000000
069_44,s1.400000000000000,s3.000000000000000,s0.000000000000000
069_45,s2.100000000000000,s3.000000000000000,s0.000000000000000
069_46,s2.800000000000000,s3.000000000000000,s0.000000000000000
069_47,s3.500000000000000,s3.000000000000000,s0.000000000000000
069_48,s4.200000000000000,s3.000000000000000,s0.000000000000000
069_49,s0.350000000000000,s3.800000000000000,s180.000000000000000
069_50,s1.050000000000000,s3.800000000000000,s180.000000000000000
069_51,s1.750000000000000,s3.800000000000000,s180.000000000000000
069_52,s2.450000000000000,s3.800000000000000,s180.000000000000000
069_53,s3.150000000000000,s3.800000000000000,s180.000000000000000
069_54,s3.850000000000000,s3.800000000000000,s180.000000000000000
069_55,s4.550000000000000,s3.800000000000000,s180.000000000000000
069_56,s0.000000000000000,s4.000000000000000,s0.000000000000000
069_57,s0.700000000000000,s4.000000000000000,s0.000000000000000
069_58,s1.400000000000000,s4.000000000000000,s0.000000000000000
069_59,s2.100000000000000,s4.000000000000000,s0.000000000000000
069_60,s2.800000000000000,s4.000000000000000,s0.000000000000000
069_61,s3.500000000000000,s4.000000000000000,s0.000000000000000
069_62,s4.200000000000000,s4.000000000000000,s0.000000000000000
069_63,s0.350000000000000,s4.800000000000000,s180.000000000000000
069_64,s1.050000000000000,s4.800000000000000,s180.000000000000000
069_65,s1.750000000000000,s4.800000000000000,s180.000000000000000
069_66,s2.450000000000000,s4.800000000000000,s180.000000000000000
069_67,s3.150000000000000,s4.800000000000000,s180.000000000000000
069_68,s3.850000000000000,s4.800000000000000,s180.000000000000000
070_0,s0.000000000000000,s0.000000000000000,s0.000000000000000
070_1,s0.700000000000000,s0.000000000000000,s0.000000000000000
070_2,s1.400000000000000,s0.000000000000000,s0.000000000000000
070_3,s2.100000000000000,s0.000000000000000,s0.000000000000000
070_4,s2.800000000000000,s0.000000000000000,s0.000000000000000
070_5,s3.500000000000000,s0.000000000000000,s0.000000000000000
070_6,s4.200000000000000,s0.000000000000000,s0.000000000000000
070_7,s0.350000000000000,s0.800000000000000,s180.000000000000000
070_8,s1.050000000000000,s0.800000000000000,s180.000000000000000
070_9,s1.750000000000000,s0.800000000000000,s180.000000000000000
070_10,s2.450000000000000,s0.800000000000000,s180.000000000000000
070_11,s3.150000000000000,s0.800000000000000,s180.000000000000000
070_12,s3.850000000000000,s0.800000000000000,s180.000000000000000
070_13,s4.550000000000000,s0.800000000000000,s180.000000000000000
070_14,s0.000000000000000,s1.000000000000000,s0.000000000000000
070_15,s0.700000000000000,s1.000000000000000,s0.000000000000000
070_16,s1.400000000000000,s1.000000000000000,s0.000000000000000
070_17,s2.100000000000000,s1.000000000000000,s0.000000000000000
070_18,s2.800000000000000,s1.000000000000000,s0.000000000000000
070_19,s3.500000000000000,s1.000000000000000,s0.000000000000000
070_20,s4.200000000000000,s1.000000000000000,s0.000000000000000
070_21,s0.350000000000000,s1.800000000000000,s180.000000000000000
070_22,s1.050000000000000,s1.800000000000000,s180.000000000000000
070_23,s1.750000000000000,s1.800000000000000,s180.000000000000000
070_24,s2.450000000000000,s1.800000000000000,s180.000000000000000
070_25,s3.150000000000000,s1.800000000000000,s180.000000000000000
070_26,s3.850000000000000,s1.800000000000000,s180.000000000000000
070_27,s4.550000000000000,s1.800000000000000,s180.000000000000000
070_28,s0.000000000000000,s2.000000000000000,s0.000000000000000
070_29,s0.700000000000000,s2.000000000000000,s0.000000000000000
070_30,s1.400000000000000,s2.000000000000000,s0.000000000000000
070_31,s2.100000000000000,s2.000000000000000,s0.000000000000000
070_32,s2.800000000000000,s2.000000000000000,s0.000000000000000
070_33,s3.500000000000000,s2.000000000000000,s0.000000000000000
070_34,s4.200000000000000,s2.000000000000000,s0.000000000000000
070_35,s0.350000000000000,s2.800000000000000,s180.000000000000000
070_36,s1.050000000000000,s2.800000000000000,s180.000000000000000
070_37,s1.750000000000000,s2.800000000000000,s180.000000000000000
070_38,s2.450000000000000,s2.800000000000000,s180.000000000000000
070_39,s3.150000000000000,s2.800000000000000,s180.000000000000000
070_40,s3.850000000000000,s2.800000000000000,s180.000000000000000
070_41,s4.550000000000000,s2.800000000000000,s180.000000000000000
070_42,s0.000000000000000,s3.000000000000000,s0.000000000000000
070_43,s0.700000000000000,s3.000000000000000,s0.000000000000000
070_44,s1.400000000000000,s3.000000000000000,s0.000000000000000
070_45,s2.100000000000000,s3.000000000000000,s0.000000000000000
070_46,s2.800000000000000,s3.000000000000000,s0.000000000000000
070_47,s3.500000000000000,s3.000000000000000,s0.000000000000000
070_48,s4.200000000000000,s3.000000000000000,s0.000000000000000
070_49,s0.350000000000000,s3.800000000000000,s180.000000000000000
070_50,s1.050000000000000,s3.800000000000000,s180.000000000000000
070_51,s1.750000000000000,s3.800000000000000,s180.000000000000000
070_52,s2.450000000000000,s3.800000000000000,s180.000000000000000
070_53,s3.150000000000000,s3.800000000000000,s180.000000000000000
070_54,s3.850000000000000,s3.800000000000000,s180.000000000000000
070_55,s4.550000000000000,s3.800000000000000,s180.000000000000000
070_56,s0.000000000000000,s4.000000000000000,s0.000000000000000
070_57,s0.700000000000000,s4.000000000000000,s0.000000000000000
070_58,s1.400000000000000,s4.000000000000000,s0.000000000000000
070_59,s2.100000000000000,s4.000000000000000,s0.000000000000000
070_60,s2.800000000000000,s4.000000000000000,s0.000000000000000
070_61,s3.500000000000000,s4.000000000000000,s0.000000000000000
070_62,s4.200000000000000,s4.000000000000000,s0.000000000000000
070_63,s0.350000000000000,s4.800000000000000,s180.000000000000000
070_64,s1.050000000000000,s4.800000000000000,s180.000000000000000
070_65,s1.750000000000000,s4.800000000000000,s180.000000000000000
070_66,s2.450000000000000,s4.800000000000000,s180.000000000000000
070_67,s3.150000000000000,s4.800000000000000,s180.000000000000000
070_68,s3.850000000000000,s4.800000000000000,s180.000000000000000
070_69,s4.550000000000000,s4.800000000000000,s180.000000000000000
071_0,s0.288015066306814,s-0.100740663897110,s6.146748272375874
071_1,s0.560241716727540,s-0.001964562252133,s-0.947992708877181
071_2,s1.296432756859515,s0.314204303719533,s-1.330205690352890
071_3,s2.389067644126791,s-0.131361294128600,s13.627385588914084
071_4,s2.950839086644999,s-0.138539762960804,s7.071106054141967
071_5,s3.376343048958899,s-0.104382507993562,s1.433615404272271
071_6,s4.159487165863951,s0.173131993903013,s1.126508026322250
071_7,s4.687846212811805,s-0.107338541698135,s-23.703507771809210
071_8,s0.746795044315528,s0.966238920693205,s186.115139894128220
071_9,s1.142871473926223,s0.526432767197101,s174.550095254324361
071_10,s1.598939231994552,s0.953085396361634,s190.361518508534544
071_11,s2.398218420866487,s0.476682811435009,s190.010484221402891
071_12,s3.187329332816141,s0.636869293243025,s176.100041269120538
071_13,s3.689890783234324,s1.061624334946926,s185.810636375177324
071_14,s4.321253015152901,s0.706525981625156,s178.308513079948966
071_15,s0.165615619616548,s1.066546323728176,s40.046614793361343
071_16,s0.630913814113644,s0.900922399653814,s6.115130106264058
071_17,s1.058752390716559,s1.276842142455349,s-0.542706740215874
071_18,s2.523552933127701,s1.262797843821629,s3.910949615932331
071_19,s2.586022377295143,s0.848534847117011,s0.166282076685834
071_20,s3.474156708320116,s1.079133692844205,s0.805112625079939
071_21,s4.354202278176102,s0.770058467800063,s0.879237099495841
071_22,s4.581687999750318,s1.227989880080206,s5.836851249844522
071_23,s0.553920675618894,s1.663564478982211,s183.866327801019452
071_24,s1.275344465251333,s1.776179101797427,s171.371932566370191
071_25,s1.603196487731697,s1.700803290749027,s189.522781924599286
071_26,s2.528761263125517,s1.709406523556378,s189.101803220941491
071_27,s3.561761184829452,s2.138332276731815,s165.564126758614492
071_28,s3.933808250017470,s1.734973420650578,s180.266137321031266
071_29,s4.332498446122290,s1.881705368235291,s168.949366572655720
071_30,s-0.000431728031402,s2.158156525694560,s2.735187113940423
071_31,s0.579547691067553,s1.727542952735455,s5.639368922207775
071_32,s1.643043941228709,s1.997929299666464,s5.593457276279035
071_33,s1.916780857597060,s1.842028063384519,s-1.314648005823269
071_34,s2.904186736064817,s2.039332540195343,s6.367343393468067
071_35,s3.458329995862754,s1.973228655258896,s-5.990304633544267
071_36,s4.423460697109356,s2.178490030397271,s-2.571433756102215
071_37,s4.642161447806363,s2.052857924334236,s1.824961712750097
071_38,s0.476372942795803,s2.640902265695483,s173.678243484552098
071_39,s1.332221672389527,s2.722000298780942,s173.615213849207436
071_40,s1.358553142024608,s2.880309552457757,s184.168155543058816
071_41,s2.561752860498035,s2.791436110891183,s182.662481687514884
071_42,s3.052763617572916,s2.724552293829451,s178.976128988959147
071_43,s3.856949950808704,s2.653973006753017,s175.899559712058704
071_44,s4.515295550827085,s2.759939968693956,s183.119927579468083
071_45,s0.245227319659904,s3.103132453858960,s4.959374117426807
071_46,s0.713614945268219,s3.173142112393696,s3.932307359102088
071_47,s1.162644410128854,s2.779907126325690,s-0.008348451129897
071_48,s1.935980335902747,s2.933898713985296,s-10.755900881801953
071_49,s2.482143085486944,s3.329373809276066,s-8.736054318214837
071_50,s3.422873838061783,s3.156895883861066,s-6.387727312402144
071_51,s4.303131269003746,s3.208817828248340,s-1.253336874776900
071_52,s4.526599838588748,s3.365642783050550,s3.924468391428099
071_53,s0.383621140635823,s3.471083918676371,s182.708511928608772
071_54,s0.846703948191839,s3.896446808540116,s188.307708669658552
071_55,s1.754326245891600,s3.838429808242417,s182.060811605273329
071_56,s2.128222299394605,s3.518445286476512,s172.783841700282466
071_57,s3.129294910706296,s4.110038400822013,s176.761039006662259
071_58,s3.666205799588009,s3.488693230116905,s181.416446439023844
071_59,s4.555281848441409,s4.107285343855695,s178.917377840157570
071_60,s0.183482750198203,s4.181591164817994,s15.851690934527076
071_61,s0.951885783549433,s4.251860757016253,s7.699047670325100
071_62,s1.598507182623336,s3.963458452612359,s-7.323519707427875
071_63,s2.024129490726309,s3.836907178959354,s-0.021787980841281
071_64,s3.046724790478410,s4.249812854247754,s-0.267770657085798
071_65,s3.323430563415116,s3.755036314538795,s0.626502297301725
071_66,s4.570092038547490,s3.904556169021427,s1.091558334558528
071_67,s4.717458830097454,s4.109191949685477,s21.466635756941638
071_68,s0.683802152061590,s4.602685907877541,s184.649357452517137
071_69,s1.377545650563039,s4.554910953202567,s176.509307598455337
071_70,s2.069765539740353,s4.551686131725847,s183.542852491237852
072_0,s0.079891440540153,s-0.043276743212289,s10.861482566739701
072_1,s0.736233564135853,s0.207780792326833,s-4.082918462235265
072_2,s1.525362601038076,s0.359829677140067,s2.827483317219612
072_3,s2.063488652126006,s0.065056712390319,s-3.364794144535579
072_4,s2.852124425123225,s0.053406747916101,s-0.397739095684108
072_5,s3.434449812268249,s0.106472719015672,s6.821661448118929
072_6,s4.192816264877854,s0.039110440067259,s2.872711176646650
072_7,s4.814319807063884,s-0.050225613072541,s-25.190581693297840
072_8,s0.230691079133978,s1.184124446495529,s182.451654036795588
072_9,s0.916787812850330,s0.591487660382678,s176.914263872357395
072_10,s1.914348467959257,s1.073941720299017,s184.868510068354936
072_11,s2.292672622959580,s0.623683924462256,s182.528959456039047
072_12,s3.193666440985385,s0.542232099714627,s177.116545861458945
072_13,s3.690285187277559,s0.616365749671731,s179.760262066039957
072_14,s4.811535463639353,s1.042176642202872,s173.647591088324731
072_15,s0.172668282048175,s1.107051503155111,s-2.918695472106557
072_16,s0.486335864177385,s1.385435894090939,s7.900732264290418
072_17,s0.976210115083991,s0.910763221741807,s-8.618556787101392
072_18,s2.102704692402667,s0.764369304565248,s1.746396681344814
072_19,s2.873905115608183,s1.012812429009833,s-6.965840585658028
072_20,s3.403078518799143,s0.982540313857387,s-3.650479807355083
072_21,s4.240690595999986,s1.203234757559130,s4.503890708805968
072_22,s4.567082618878628,s0.948292981141026,s3.823541903794855
072_23,s0.374760959900698,s1.770610581716823,s185.771586527183729
072_24,s0.822730091641152,s1.703586241361384,s179.391139907427316
072_25,s2.036037721482983,s1.414218726922001,s190.281385880095172
072_26,s2.155502062751472,s2.055890690678067,s179.828023079819019
072_27,s3.104416200845691,s1.342784567027195,s185.740200447940168
072_28,s3.911729884380847,s1.550352297663268,s183.994574470393275
072_29,s4.596997802502769,s1.763922439228921,s171.912581603980414
072_30,s0.257300522420000,s1.641658795845910,s-0.562585792787156
072_31,s0.513544870518098,s1.860330504576416,s4.728317798204948
072_32,s1.468789630176403,s2.042197485918636,s6.839391057950508
072_33,s1.911530993125409,s2.023944323087209,s10.075122523569366
072_34,s2.982222885044129,s2.451765370843801,s-9.922387447834588
072_35,s3.391194442808993,s1.845226134838944,s-1.187661477128317
072_36,s4.343922903637043,s1.818059569844898,s-4.710277572917665
072_37,s4.686182871385447,s2.002460495038232,s1.331628142454085
072_38,s0.222148385106104,s2.925056209309876,s180.425906243579931
072_39,s1.045930192912540,s2.578195976512179,s188.179629880077982
072_40,s1.985152463231560,s3.079409686187018,s174.559655603211866
072_41,s2.277210457443642,s2.943176037329366,s171.948645227816996
072_42,s3.438241250041795,s2.699465058966616,s190.795109807332267
072_43,s3.841116423237060,s2.561452195661735,s174.718366023924517
072_44,s4.518665223770864,s2.627679472005356,s184.460524987632851
072_45,s0.141849635102907,s3.145206486731885,s9.745734422319817
072_46,s0.622620000427506,s3.097539534983556,s2.174452789292300
072_47,s1.373900614912370,s3.071890452971955,s-5.677377825777363
072_48,s2.235154248880166,s3.028188178672000,s9.875492857565028
072_49,s2.527677131404025,s2.714084680413561,s7.408573111919362
072_50,s2.876171237172549,s3.119995763501997,s-4.141186912035539
072_51,s4.389193931967837,s2.991204071581364,s6.032919051586711
072_52,s4.805132615326951,s3.099421532649500,s-22.154440142505443
072_53,s0.065591508256645,s3.814932365126101,s166.862104512193753
072_54,s1.009246910224102,s3.666176001424623,s176.179541291475857
072_55,s1.845685580195097,s3.870699998915769,s183.407735105982454
072_56,s2.507630852082580,s3.937601894099766,s180.050812775351545
072_57,s3.232244504336224,s3.335108452795460,s168.616049950056095
072_58,s4.004447670732612,s3.813587938742560,s184.808809683476881
072_59,s4.337128157241289,s3.763723895557753,s174.258047633607305
072_60,s0.136301855373449,s3.922780788571055,s5.358269394397364
072_61,s0.855912920299050,s4.215781959405400,s5.027855795800922
072_62,s1.345511534522980,s4.175909838923579,s3.511368199417559
072_63,s2.208820410040099,s3.528260351033321,s6.048015105378804
072_64,s2.884889995929686,s3.795224471108761,s4.769924795594537
072_65,s3.536846715320092,s4.047450472934350,s11.741038738149859
072_66,s4.300016240706070,s4.200512355686163,s11.170113220208529
072_67,s4.572644138691601,s3.788504465631100,s-4.464230468276302
072_68,s0.538832812099461,s4.870972368971164,s186.085495825893503
072_69,s0.748521242414964,s4.773552920806016,s179.373971629160366
072_70,s1.791202274974522,s4.726659711860804,s179.717932100696004
072_71,s2.469205883071535,s4.888608162697550,s179.325768762555157
073_0,s0.108577319378935,s-0.108469069905068,s2.722118177764732
073_1,s0.761008185769732,s0.143042001041567,s-2.523900044254828
073_2,s1.423154032131950,s-0.130438938067122,s3.434283096653134
073_3,s2.118535702547449,s0.090209890618220,s1.480516162000413
073_4,s2.809545899830461,s0.145334432946817,s1.035665227372397
073_5,s3.513405602848428,s-0.002930260484982,s4.371404535533769
073_6,s4.230097807469646,s0.018587083132218,s4.269797128860435
073_7,s4.864208759687798,s0.044628260021063,s1.248853055281013
073_8,s0.474453406275853,s0.688015248758635,s178.260525221198918
073_9,s1.017378639800964,s0.818464881402916,s182.691316910590359
073_10,s1.762797417321260,s0.663962869522000,s175.923487253322577
073_11,s2.506238362126568,s0.720972375235818,s183.130483347939872
073_12,s3.190224606427547,s0.890168362406939,s178.033985848974652
073_13,s3.917120673862578,s0.942086092992013,s182.427164538093280
073_14,s4.566516889493496,s0.815265358997350,s180.729241083198531
073_15,s0.033761272090238,s0.944409221548659,s-2.188659924592955
073_16,s0.744847699633138,s1.148341364651437,s-1.072380546486817
073_17,s1.485480505433802,s0.937800497259857,s1.781776430199638
073_18,s2.126168093385671,s1.135693137200693,s1.003707757783681
073_19,s2.654618152696301,s1.149608288427739,s-2.233482117352969
073_20,s3.402520602612686,s0.931204140251932,s-0.739394438860035
073_21,s4.230809419835186,s1.114910533287759,s-0.582087575320523
073_22,s4.774963490162340,s1.111877036254873,s-0.572251313252420
073_23,s0.443944934728221,s1.651508146659850,s177.999730922157312
073_24,s0.939436254950037,s1.748978087983095,s177.509125258924257
073_25,s1.650903599639255,s1.872998816685298,s176.106877287878916
073_26,s2.447884943844530,s1.911664532432427,s180.982541105740609
073_27,s3.273586317351455,s1.815362680373966,s177.785185225222591
073_28,s3.827325329182921,s1.890273919301840,s176.968817979600630
073_29,s4.550452006414170,s1.651001754863572,s182.120645304241890
073_30,s0.037787276928434,s2.055829809166270,s-2.432634335948777
073_31,s0.720529714439847,s1.876466571150123,s2.863880616438342
073_32,s1.346165153524110,s2.088547600548019,s-3.688166209629958
073_33,s2.023378983644097,s1.985612792170544,s2.278220619439439
073_34,s2.698284333419207,s1.928503727306272,s0.270377777676481
073_35,s3.579713917645526,s2.028409977834551,s3.598917105184030
073_36,s4.249647807995914,s1.879324286825867,s-1.277651914981365
073_37,s4.860362361136305,s1.871113373394549,s4.395089830006832
073_38,s0.441049054849042,s2.848037280003474,s182.648845000611146
073_39,s1.185579803781575,s2.900792342776194,s178.771059795287243
073_40,s1.701158176570713,s2.791558603374081,s178.000902801055389
073_41,s2.574469444034272,s2.760316205424445,s178.465618008293291
073_42,s3.201180848046456,s2.881254212296076,s181.799655569620256
073_43,s3.886257080103596,s2.904034870684198,s177.595478006775579
073_44,s4.408115386941009,s2.713604620688977,s183.127289910141513
073_45,s0.123058083139506,s3.072632904173284,s-2.546643356266380
073_46,s0.624415965618980,s2.852180943937439,s2.425080986261902
073_47,s1.263367705374618,s3.037319633026051,s-0.052184852449912
073_48,s2.248611517928388,s2.919810694918060,s4.328819449629400
073_49,s2.880740964789587,s2.878808590527494,s0.568850934759732
073_50,s3.497500014881664,s2.887857766273569,s1.360426942839765
073_51,s4.129579594701537,s2.928200700294421,s0.008940395987879
073_52,s4.826913204569891,s2.932075721438393,s-4.181598556459203
073_53,s0.241265481858601,s3.947663967112374,s176.911503233302028
073_54,s0.921043745118881,s3.706039214792389,s175.918843145261263
073_55,s1.898406312154190,s3.661405431963498,s180.781444380022918
073_56,s2.344345422774806,s3.871025494744890,s177.877714085499036
073_57,s3.197510170299243,s3.890158022997959,s179.010749698529168
073_58,s3.783111279943793,s3.866125975881349,s180.282878699165082
073_59,s4.467728839879491,s3.676408330800654,s175.857188814178528
073_60,s0.034403046166368,s3.863449228957159,s0.663531184657367
073_61,s0.574715723174254,s4.015206738161424,s-2.912219549867462
073_62,s1.293916094004984,s3.932398068452333,s0.824360895357670
073_63,s2.100949169777503,s4.039844729061175,s0.730402196051863
073_64,s2.687478932579421,s3.994706914798847,s-0.276336431585076
073_65,s3.633931601175390,s3.953502934056861,s2.422259047658574
073_66,s4.281029054679657,s4.091539716636080,s4.270545730425051
073_67,s4.857534985253808,s3.945121480721333,s-2.457207169512335
073_68,s0.294207826500890,s4.888420203072170,s176.008986084200387
073_69,s0.981769546839153,s4.874692582725126,s176.263586556251369
073_70,s1.683409953810068,s4.837028544271791,s179.684364355995683
073_71,s2.364816415485495,s4.775489887695180,s177.199487534675143
073_72,s3.272688011356819,s4.704760739472834,s179.115264853611166
074_0,s0.360922286676611,s0.041052611581062,s14.512002376261130
074_1,s0.890599691897011,s0.076224382648975,s0.731194377865835
074_2,s1.252371681633171,s0.076314576581460,s6.932621887127871
074_3,s2.063112764806837,s0.378263089910221,s1.749819238925750
074_4,s2.804094707239089,s0.356882063354045,s10.058774524335030
074_5,s3.738531808571687,s0.321725597154680,s-5.539296219075508
074_6,s4.210866539728470,s0.254174895743040,s1.238543057968973
074_7,s4.393221818913964,s0.015889808802382,s-1.407750238711769
074_8,s0.569503190663457,s1.119166109865303,s172.094932615025556
074_9,s1.019489950830057,s0.857817054056883,s173.698038891276155
074_10,s1.698261824658619,s0.614724163652829,s179.547850057543116
074_11,s2.277171741493602,s0.966868360076736,s180.248903758124044
074_12,s3.276188720658601,s0.634853067569811,s186.711568156993110
074_13,s3.996858504748294,s1.137996535404937,s187.466020605592178
074_14,s4.819038142615453,s0.657037118371207,s175.555223049030275
074_15,s0.249604204497275,s1.059435592945687,s-3.235167503671655
074_16,s0.270247179189661,s1.313772716107958,s-0.070601397551173
074_17,s1.446858806395260,s1.065093432617900,s5.021304319486993
074_18,s1.607398589930441,s1.045072387496677,s-5.930304934984322
074_19,s3.190154122108954,s0.756237654796490,s-1.823957576775656
074_20,s3.554781291417257,s1.370625239605842,s-2.839050686862453
074_21,s4.628096193315580,s0.871734270935988,s4.079586217633149
074_22,s4.789353227939894,s0.885308254178694,s4.227250599964933
074_23,s0.441816276229355,s2.032846476766758,s166.428843836771364
074_24,s1.140465800676675,s1.625334256667642,s177.982666924658389
074_25,s1.800686829015733,s1.549485154881775,s177.897431546137284
074_26,s2.671205974848841,s1.557163678874786,s170.087080937289784
074_27,s3.277271369407174,s1.935852400025885,s184.502788092656857
074_28,s4.121805502671083,s1.661381195169908,s183.291481693661638
074_29,s4.564964310502756,s1.239517080426923,s181.294511406528841
074_30,s0.210429890850866,s1.977795173949290,s-22.862630193632040
074_31,s0.692493461137344,s2.025528794537564,s6.089490431427785
074_32,s1.855853269832172,s1.928192166355166,s17.950381758364031
074_33,s1.722598063904687,s1.883800376030351,s-7.911114186221928
074_34,s2.629401427229419,s2.090208775551432,s-1.424300830393015
074_35,s3.708798495115411,s2.288840525098773,s1.528985245235903
074_36,s4.243735431126523,s2.003793867745751,s5.344171258494658
074_37,s4.566993741010002,s2.054839265800277,s-32.288918042274709
074_38,s0.526450530586514,s2.668615145530469,s188.981327203431221
074_39,s0.581410420159202,s2.796557045022675,s167.988511389778381
074_40,s1.924807262555658,s2.905057258093022,s172.142762096010017
074_41,s2.357726345849508,s2.632705793088037,s177.379979116881970
074_42,s3.140662152812892,s3.080140383289376,s182.139963398484724
074_43,s4.242540241464111,s2.688117139800053,s189.819955513402988
074_44,s4.213881987104528,s2.931540992969530,s163.567351813646411
074_45,s0.205147150821146,s2.588221068225038,s-9.021213508021976
074_46,s1.248404074293375,s2.633662217421438,s-7.552932234045334
074_47,s1.345559797660020,s3.020463009518746,s-1.624585963461649
074_48,s2.410098773962668,s2.644875799496714,s-4.458108736951205
074_49,s2.604403501967606,s3.103870982678603,s-9.299405433324180
074_50,s3.829116696558302,s3.198203018410333,s1.910980069857909
074_51,s4.164067521461366,s2.915947552526272,s1.233683020828883
074_52,s4.830173990874513,s3.396966825125517,s0.221191167207911
074_53,s0.552652969161575,s4.188903144739770,s184.609152465044019
074_54,s1.299645659247617,s3.285602320337033,s168.845361537964919
074_55,s1.676909285997617,s3.778482677889694,s174.663981093975679
074_56,s1.945268253661750,s4.290974031152119,s179.190604060749706
074_57,s3.100748621953765,s3.752764827878524,s175.048661820881819
074_58,s3.453335389046639,s3.929706870347900,s188.413585107605627
074_59,s4.350093827343826,s3.537315474318505,s181.061173074004415
074_60,s0.223034236071891,s4.280929205126921,s-20.288867754591330
074_61,s1.033313559396857,s3.799847578901584,s7.315859585638807
074_62,s1.799424755544400,s4.087275787593895,s-5.032502100760777
074_63,s2.085537243057288,s4.060662916500391,s2.185694857516732
074_64,s2.624532248067051,s3.993023474157634,s-1.495659680065303
074_65,s3.557581602994944,s4.223097996925019,s-1.568895042708340
074_66,s3.903459794786694,s4.272003255542247,s-7.551782066504872
074_67,s4.818092004740116,s3.828840458613446,s-8.442964476027605
074_68,s0.623263748107679,s4.834129749152100,s189.644083195440999
074_69,s1.294242380934127,s4.931713166338031,s187.257351941396792
074_70,s1.685752982276794,s4.899588191397526,s189.153141994935453
074_71,s2.647193052213260,s4.816311256630898,s188.132940043668697
074_72,s3.156080952036429,s4.859971873915752,s178.017625861891446
074_73,s4.378875351662198,s4.730830754893178,s171.568925857455440
075_0,s0.027030083757632,s-0.131110662727990,s5.432656409708982
075_1,s0.862651518890879,s-0.040900971012868,s-2.821842892704221
075_2,s1.586421872431749,s-0.192567535501185,s3.005953157109142
075_3,s1.902299301429309,s0.027952583600672,s-1.518476498015646
075_4,s2.690398949801000,s0.187899703217939,s5.681396270298835
075_5,s3.539315599707466,s-0.031713253282589,s-4.922521825414311
075_6,s4.289436057524129,s0.049158059181808,s5.407710407245731
075_7,s4.750882907714460,s-0.033698614108930,s0.633927880210069
075_8,s0.521203424052227,s0.732760265852936,s174.650252955525644
075_9,s0.888410288073572,s0.946226015984151,s177.491810044374887
075_10,s1.746411952999686,s0.690196646399273,s174.945559698244551
075_11,s2.616901783247509,s0.971898454323971,s177.370381136763086
075_12,s3.330316514183884,s0.796325216882389,s176.804383356684099
075_13,s3.861980368370190,s0.650108709386478,s183.653278304750984
075_14,s4.687977728542412,s0.647066626362749,s179.026824893468756
075_15,s-0.001709176328278,s0.975761705536987,s-1.904510901113016
075_16,s0.620237219869745,s0.859563964144743,s-4.546791051102815
075_17,s1.522961248538292,s1.049635127469907,s5.970754258829133
075_18,s2.171629773245845,s0.876151232092103,s-4.174394139572115
075_19,s2.935082144179805,s1.199954966734052,s2.691181999114272
075_20,s3.491123548922579,s1.062608555343886,s-1.557400004625213
075_21,s4.366008603716424,s0.849468773634268,s2.170674516687875
075_22,s4.786641496832969,s1.019941420468054,s0.628969919490885
075_23,s0.398052734343269,s1.806525391705569,s184.579077970841638
075_24,s1.006674557986588,s1.915219153579000,s178.781892091189178
075_25,s1.624025202071997,s1.762985558279467,s185.291864448279000
075_26,s2.440878046072188,s1.864864950870919,s178.112527625929744
075_27,s3.245797269807549,s1.829209695369035,s180.560062714002299
075_28,s3.766463814265991,s1.779515279253170,s184.522575792278644
075_29,s4.391276129049488,s1.976378087403866,s181.409659352856607
075_30,s0.007317821058643,s2.152917427077769,s1.944607743337906
075_31,s0.637180948763521,s2.093439822149835,s-0.384996604703178
075_32,s1.396281500155114,s2.007324753524823,s-2.694611972516112
075_33,s2.287612660615200,s1.946008891283779,s0.545925346166757
075_34,s2.683966872265554,s2.005688790434915,s5.823330102132211
075_35,s3.486628419854420,s2.054114251987631,s-1.206436017929324
075_36,s4.273739827973414,s2.174844627454886,s0.410084752406577
075_37,s4.844827959379299,s2.148608471548242,s1.876057152871337
075_38,s0.475779252165893,s2.653500518304531,s185.769343002259262
075_39,s1.110001638542848,s2.900420627356803,s185.523930349949467
075_40,s1.907582689573070,s2.880838300961101,s185.851121988485090
075_41,s2.604927706280914,s2.886886832983786,s175.694962292813699
075_42,s3.151923992111300,s2.714619940552514,s178.980151304066538
075_43,s3.945865661442555,s2.739815930762653,s183.922542397912679
075_44,s4.604038801574983,s2.692867477334079,s184.507316987658299
075_45,s0.034652329862995,s3.154048326227838,s-3.591599916102937
075_46,s0.500526301801967,s3.186052091913536,s5.519183637523194
075_47,s1.591664155870772,s3.124508428205221,s-2.757330666760844
075_48,s2.267014610020185,s2.806411314396881,s-2.509447192822230
075_49,s2.656251770227140,s3.061356062913028,s-0.552351906546052
075_50,s3.525277715378775,s2.818476987507042,s-1.565572456249920
075_51,s4.130202991316233,s2.998329539765999,s-3.398006991683653
075_52,s4.777651805064032,s3.180105343624367,s5.190682298445705
075_53,s0.206299365600191,s3.893795282030113,s185.306950239707135
075_54,s1.007712309034999,s3.897699240835341,s177.413328516520664
075_55,s1.809805706083535,s3.646355106398340,s182.796735182367769
075_56,s2.255936275514657,s3.839639061940564,s178.028516331781532
075_57,s3.150612383096118,s3.956595317680434,s175.241099988101098
075_58,s3.904292959245808,s3.925439526581207,s179.562271714805746
075_59,s4.425528465481751,s3.844545255063795,s174.551132289387056
075_60,s0.104997928637515,s4.176473444914733,s-2.452327903233606
075_61,s0.713413906892503,s4.090937655944219,s-5.353586365862276
075_62,s1.599590562958896,s3.908805311620223,s-2.911887077356083
075_63,s2.105468281407474,s3.900351798623649,s2.795716126419391
075_64,s2.785649569738092,s4.192974976306248,s-5.743235633142104
075_65,s3.570904640519203,s4.088424859348857,s2.124007197819364
075_66,s4.373018978770915,s4.065554327297729,s0.695436399598774
075_67,s4.843752532461918,s4.180401945215402,s1.282048626839844
075_68,s0.259183163251673,s4.988305975361003,s176.205871587478811
075_69,s1.002330377099389,s4.812728622440826,s175.072966416613212
075_70,s1.755469053824598,s4.955078579594066,s181.482216319826620
075_71,s2.466609942185628,s4.759692303394926,s183.257858794099690
075_72,s2.958899904306666,s4.906885044068153,s182.780664336873258
075_73,s3.817231848259692,s4.611109595788260,s177.558373539812493
075_74,s4.679259360761884,s4.955772563994997,s181.686022035028117
076_0,s0.073679628450155,s-0.198222791201613,s22.892708439753473
076_1,s0.646804057002745,s-0.092883525339408,s-13.174517692649042
076_2,s1.255660301205505,s-0.155631985226976,s26.518020656583957
076_3,s2.282597227025354,s0.206367196308830,s-9.684166196537165
076_4,s2.717533796353990,s0.246353295949010,s-1.088333343905818
076_5,s3.289802984331439,s0.088910684865539,s-5.356229180816696
076_6,s3.927952687655443,s-0.149135407552088,s-1.695071127573950
076_7,s4.817376783513049,s-0.105280693471171,s-8.224360174765744
076_8,s0.220476273726356,s0.661992565642147,s207.366089166142189
076_9,s1.499130476556415,s0.856666810565182,s178.946616383921565
076_10,s1.804679677914580,s0.706710634295266,s175.431544012733639
076_11,s2.218030858146134,s0.860141536055501,s177.863609297696996
076_12,s2.974483136666741,s0.529010724373144,s167.438956435910598
076_13,s4.283365326743538,s0.983437856781283,s178.932561326034318
076_14,s4.134058365422024,s1.104928804166000,s177.097457307952396
076_15,s5.027933028656808,s1.255155781642794,s175.032846460239682
076_16,s0.197906027173599,s1.245180847596373,s33.693056802513006
076_17,s0.844510211805288,s1.127214057000545,s0.312523732052618
076_18,s1.244893592540382,s1.252266563558986,s-0.474037803840964
076_19,s2.221055346931691,s0.364660968373897,s7.609831854917635
076_20,s3.507235338708229,s1.212132924052086,s18.492165261049930
076_21,s3.298148103295530,s0.804226751728832,s-9.938324615302252
076_22,s4.140046609444086,s1.295064415145017,s5.053733473129736
076_23,s4.936064316023034,s1.091957563800532,s4.770437139636046
076_24,s0.539889502961914,s1.422342446696592,s194.796362287960761
076_25,s0.936343117692213,s1.906583905578867,s169.603216677499603
076_26,s1.408151498931543,s1.522958593522499,s175.848909890346505
076_27,s1.908234682096206,s1.725677768417224,s186.571777146876826
076_28,s2.778728728601032,s2.064370499324164,s172.747581215651081
076_29,s3.342515168759904,s1.542454290576892,s183.953605746574311
076_30,s4.674174195032162,s2.035933860995959,s185.335929805211379
076_31,s4.697894034340944,s1.594975392114377,s176.050408855842903
076_32,s0.098701957936984,s1.732849412862226,s-0.043006456145971
076_33,s0.450091327541181,s1.310319631556448,s-1.856880367712329
076_34,s1.378000668417814,s1.622496383712575,s13.180953579633920
076_35,s1.919068470864979,s2.180449561057584,s-1.572481954305653
076_36,s2.873674320788222,s1.578589922127014,s6.519548222010870
076_37,s3.919371675109948,s2.136594830886443,s-1.235628561288920
076_38,s4.591139159616162,s2.001069834510526,s1.812354781464902
076_39,s5.010323679102499,s1.299284888968172,s-0.903942195917215
076_40,s0.276209905334570,s3.014386397622586,s184.140055719567840
076_41,s0.390327146897373,s2.567397989211546,s169.226686541409663
076_42,s1.757087077431899,s3.124728046364069,s191.601677630692649
076_43,s2.658771472710943,s2.633862296930215,s191.076155220366672
076_44,s3.537781016440120,s2.724103100634643,s169.220946070935724
076_45,s3.612287130023291,s2.796323624837507,s170.804121460152686
076_46,s4.472763498708718,s3.243723710695178,s193.390946594297787
076_47,s4.991496400992361,s3.163906748014595,s177.777200348072341
076_48,s0.113316241280463,s2.973552831634726,s13.167837628346810
076_49,s0.362281078032179,s2.801721249499831,s2.782837862725531
076_50,s1.286314764096038,s2.509722700186376,s13.032629794656005
076_51,s2.625159392218639,s3.084060750809098,s2.911803290950607
076_52,s2.729160353769477,s2.859042807944839,s3.980963758137598
076_53,s3.668743918781279,s3.259296412926403,s-10.218949700240715
076_54,s4.361411505967165,s2.480858144221081,s-14.565097528645854
076_55,s4.748981086911735,s2.755205666960510,s2.845551990500125
076_56,s0.548620316057743,s3.875994260169835,s198.949878275544734
076_57,s0.883206975993363,s3.335069709537790,s172.767151524165911
076_58,s1.363104629345310,s3.547940294586160,s183.701682650970952
076_59,s2.528096907342147,s3.798443541344978,s169.014932287730630
076_60,s2.895852220872325,s3.972451503644350,s194.383097997381213
076_61,s3.788798975130573,s3.773401091589525,s194.973109734488844
076_62,s4.284804984917304,s4.058080626366579,s174.068500572386228
076_63,s4.798507134881453,s3.245935984842967,s169.979790789127634
076_64,s0.301969723976012,s4.054376424393499,s-2.514944606760027
076_65,s0.818309790628780,s3.971222003312286,s-3.516418166518291
076_66,s1.755920076600179,s4.291957984362416,s1.344469123731691
076_67,s2.609177882648165,s3.812379575735251,s-3.600470556532350
076_68,s3.193497276444550,s4.304666663242326,s-0.160674943707528
076_69,s4.074635767861454,s4.109958109723315,s-8.790819307149240
076_70,s3.952232226025172,s4.415914864597560,s-2.848620379557963
076_71,s5.008056930575367,s4.047361445817109,s-26.602360042176805
076_72,s0.682445781946100,s4.573294060112868,s183.561635085775862
076_73,s1.285957285136146,s4.623069858245274,s172.553946969665873
076_74,s1.976373113813990,s4.854709628719594,s182.201242075753669
076_75,s2.679517741833278,s4.896761205022291,s166.582957565727867
077_0,s0.183875474880204,s-0.075673140645842,s29.941386578884622
077_1,s0.759257838802140,s0.322762019857728,s-4.326595031232028
077_2,s1.328609060399015,s0.307437556027087,s-6.463440879500909
077_3,s2.137499561799660,s-0.109215747258012,s7.662175323670171
077_4,s2.784010577780841,s0.018738768753963,s-1.254015997593107
077_5,s3.710399821825156,s0.164775807105150,s-9.697789802691624
077_6,s3.786101195509096,s0.187501019257172,s-15.938266235633476
077_7,s4.580705436210948,s0.102741197517523,s10.925786674757532
077_8,s0.429251134065151,s0.866652390269706,s186.684242347939488
077_9,s0.729924148008940,s1.239329484900759,s168.747360476771746
077_10,s1.032469659942683,s1.047513351523170,s202.692987956995665
077_11,s2.338662319276745,s0.552008865817578,s180.784104035911213
077_12,s3.441921557830220,s1.296897929254900,s198.634251801316964
077_13,s4.063739134712582,s0.824736665961987,s196.430920286392762
077_14,s4.817583716767443,s1.354841770042502,s179.371119187255943
077_15,s4.766125681275776,s0.799799182804744,s188.936633769259885
077_16,s0.161172585136609,s0.403612400757673,s-12.443963709112838
077_17,s1.227381523709730,s1.436889209760705,s-2.814176643368206
077_18,s1.689691219356905,s1.320030089288763,s-13.233368650521687
077_19,s1.979537749337467,s0.457269440861952,s-4.113285107297937
077_20,s2.927096118618400,s1.407110121788434,s-11.095035212504911
077_21,s3.224127422697541,s0.729293286690575,s-3.309963100296554
077_22,s4.269494574020768,s0.659491777591936,s6.178009364281956
077_23,s4.453964479581049,s1.479750978926870,s3.855585268307981
077_24,s0.631933476183248,s1.668953793385533,s161.497923046348035
077_25,s0.527055034400290,s2.078155217710731,s192.857173227947584
077_26,s2.321674847750741,s1.927428407658777,s171.116053231318745
077_27,s2.352174309948818,s1.709175633884906,s163.041982220212105
077_28,s3.361207784557679,s1.978764971796867,s180.479511472465788
077_29,s4.004504653485992,s1.193215441780657,s188.246280369005291
077_30,s5.030328735447971,s1.400619155614315,s164.796036528176558
077_31,s5.031706211361019,s1.488593080375514,s161.118581447477567
077_32,s0.205481836233244,s1.986147241665700,s28.645767818339198
077_33,s0.374565712982843,s2.289620899127974,s10.182893807913910
077_34,s1.180533372156596,s1.916725702322874,s-12.086957575065966
077_35,s1.831822654297406,s1.639293385269304,s0.098503502306776
077_36,s3.034682602989484,s1.779531186960324,s18.453901332545467
077_37,s3.443089307559531,s1.724917963114749,s11.434847770660085
077_38,s4.062862881560312,s1.749894840672725,s-9.104228887773893
077_39,s4.422535963610759,s1.744831995055875,s-5.145577625938526
077_40,s0.127752972960572,s2.981375674204551,s181.430599573408045
077_41,s1.145109690790463,s2.792500673967251,s178.225810507972625
077_42,s1.620453358297891,s2.455507189215914,s189.565969237177995
077_43,s2.401577045127104,s3.164616098323439,s165.481551411044848
077_44,s3.026033577177913,s3.495661273275939,s185.793403139351625
077_45,s3.588305383965158,s2.314871249608625,s184.087843012748039
077_46,s4.649459549486171,s2.837789592862479,s170.979717185377353
077_47,s4.935301810526539,s3.007762560626437,s190.695558556311511
077_48,s0.104550995197153,s2.745727537541915,s20.035802958665947
077_49,s1.239150327319179,s2.776895478839206,s10.096056626917585
077_50,s1.133580411591067,s3.542947475157250,s-2.096851900597549
077_51,s2.336307451756158,s3.028376856285705,s-3.199340800995103
077_52,s2.435107886987007,s2.844429480966483,s-6.287209030662304
077_53,s3.772969905239587,s3.071666145508567,s10.882343516948930
077_54,s4.960331775643544,s3.027676089580339,s-8.837770844761135
077_55,s4.730099769898269,s2.910776669465564,s-1.767416275525610
077_56,s0.346822206195942,s3.336920116481381,s183.843764835319348
077_57,s0.862754890905809,s4.144664605051154,s191.637940198324998
077_58,s2.155767115481733,s4.091993560751125,s196.126817704946717
077_59,s2.492691117163480,s3.468876080863236,s173.664430903742982
077_60,s3.592244715330075,s4.001950410464651,s178.882576373465383
077_61,s3.677112359036502,s4.223791712938018,s158.955642522166755
077_62,s4.106138810953731,s3.718114560522396,s189.255815538034824
077_63,s4.937983540987489,s4.244045403658631,s181.886410930821938
077_64,s0.401535361556184,s3.602754680520225,s44.209414511653513
077_65,s0.867417380787485,s3.872215845437096,s-12.823477139108983
077_66,s1.130085250299350,s3.990847479057821,s-1.319562246226767
077_67,s2.403612364706339,s4.082467968335108,s0.864706551037224
077_68,s2.740513335212761,s4.370938737437757,s12.931604217341786
077_69,s3.627255364423463,s4.089168020024278,s5.359031147150451
077_70,s4.435534422570280,s4.508231632192450,s21.276688878106349
077_71,s4.657480907359211,s4.049203459496687,s-16.957370624742893
077_72,s0.196349537315959,s5.042329843775208,s164.307197782406490
077_73,s0.972240689524496,s4.501257538517823,s177.200515272123965
077_74,s2.105863627733382,s4.899706992446982,s93.376177520711195
077_75,s2.916363666385527,s5.077413327523582,s177.831113473812906
077_76,s3.214581835958718,s4.762639102552662,s188.431066319372064
078_0,s0.548561002415130,s0.154386910267103,s124.963123731741334
078_1,s1.074132969965914,s-0.144943835882878,s2.432254833912731
078_2,s0.837650588249736,s0.770752350006750,s6.020154294531448
078_3,s2.338760406565066,s-0.083208326606614,s35.371113898096588
078_4,s2.630452330981575,s0.022728680677383,s-6.410981726808624
078_5,s3.411167737834435,s0.418354297321635,s1.073402351894600
078_6,s3.833157034138643,s0.151125326685372,s13.957840841323492
078_7,s4.819482099455795,s-0.144855963147318,s-4.045405748547414
078_8,s0.444876839806487,s1.360404042742766,s170.973625194714174
078_9,s1.442879222379512,s0.614562042457121,s181.548972763730063
078_10,s1.921042398815553,s1.044688822334298,s221.245486564576026
078_11,s2.710918759181787,s0.638292392394095,s190.443830456132815
078_12,s3.273590451733613,s0.784674604754851,s185.827290710547317
078_13,s3.736552648436655,s0.845993615463565,s202.005502004025118
078_14,s4.410299459789798,s0.458291043074484,s173.452015155024469
078_15,s5.031624998441607,s0.876981345342030,s194.101300566669948
078_16,s0.271988633971249,s1.063753456024742,s6.075028425356136
078_17,s0.230807937794228,s0.178146442765369,s3.887702981632401
078_18,s0.939750837194879,s1.045719555721603,s11.578605619905742
078_19,s2.463938234577300,s0.889482434760673,s-4.243468547586576
078_20,s2.524794663658533,s1.187563031609503,s10.916976762866472
078_21,s3.402358780133689,s1.392287921545625,s7.025906799057033
078_22,s4.315518406366640,s0.523026457012075,s10.975384413500844
078_23,s4.598822468752696,s1.531823925923989,s6.360504051136979
078_24,s0.198319292485829,s1.749802383663656,s159.051440834730755
078_25,s1.561466252246214,s1.851765957487786,s177.053272885542697
078_26,s1.558421760023747,s2.236534536257098,s190.503175147613518
078_27,s2.015910727893719,s2.265796007618419,s176.056720395180349
078_28,s3.545241519421800,s2.141759958888338,s192.374554749829855
078_29,s4.086319456345046,s2.020052895478266,s204.411851248684798
078_30,s4.111216041228123,s1.504622007707031,s180.614798868122847
078_31,s5.045185461566986,s1.340913364738683,s173.788742733586901
078_32,s0.474620429798733,s2.288322961753309,s3.826339203624102
078_33,s0.354600065929425,s1.994488412293398,s3.663852379220752
078_34,s1.528360475921929,s1.620947709506764,s-18.416041615162971
078_35,s2.061035666771601,s2.221988624549301,s-8.929781356426345
078_36,s3.426427107555825,s1.857689915402326,s-2.347446771516069
078_37,s3.315078325288729,s1.999914713813633,s6.904416076838163
078_38,s4.270925000206067,s2.270489905581578,s-4.758098550493366
078_39,s4.835218746389780,s1.951596016805140,s0.333615507399103
078_40,s0.502217434506613,s2.559576431189108,s192.855671638595140
078_41,s1.180458584740199,s3.078599108522857,s175.357012543554418
078_42,s1.493335499816071,s2.678183808351870,s185.315553228810103
078_43,s2.516396385419220,s2.613610603601951,s193.419598966300384
078_44,s2.896511227739402,s3.020354042232129,s169.122421596564891
078_45,s3.523625679814832,s3.295945426075828,s165.109148370372310
078_46,s4.369184107939176,s2.439538309156251,s169.985104570079756
078_47,s4.933606297949404,s2.625584476955671,s170.498710837278395
078_48,s0.397128807897496,s3.026362657575899,s-4.119186855252122
078_49,s0.712078384513243,s2.750723630485545,s-6.404068477413853
078_50,s0.913822759366907,s3.634301143823284,s0.431547586685845
078_51,s2.656097204932300,s2.662700993312272,s1.196198896696085
078_52,s2.746096373916770,s2.805873385369070,s5.511986169620691
078_53,s3.594281398767702,s2.744031167466568,s-0.370848411801816
078_54,s3.520591407533688,s2.971634610263802,s3.478868442290776
078_55,s4.683777529990094,s2.726265967413896,s-10.464180471763889
078_56,s0.157599104090130,s4.605684213201267,s195.427741409263916
078_57,s0.356016176195925,s3.734850689948638,s178.645947311380922
078_58,s1.961402589803914,s3.837146607723989,s176.681962570496609
078_59,s1.958283678912966,s3.533018625715088,s162.066792278891512
078_60,s2.628414317269745,s3.556614727313530,s181.292066559336462
078_61,s4.356498529625459,s3.586245021590155,s182.792676391653714
078_62,s4.274888139698588,s3.715432636564799,s172.223539482398593
078_63,s4.776938013709740,s3.933886372063718,s175.307268885478663
078_64,s0.364923557076378,s3.610764481956648,s-7.014301182614061
078_65,s0.367572610352584,s4.232611278812064,s-8.848407669063121
078_66,s1.182914708483832,s3.727205741135824,s1.018582177806844
078_67,s1.738401258205474,s4.173013950545267,s-2.019723335378407
078_68,s2.897189140763930,s4.235919117786835,s-3.837188885167957
078_69,s3.335596632041703,s4.391833752178131,s0.996591765738122
078_70,s4.208493820066196,s3.973185899158569,s-5.349125424385976
078_71,s5.091587047111007,s4.920595156795224,s151.591297245753964
078_72,s0.293531554504104,s4.602208696740851,s190.552059386113342
078_73,s1.102405730553934,s5.014562345002361,s177.502549644374199
078_74,s1.389444117715271,s5.026539295650804,s149.065345568600065
078_75,s2.046639194781976,s4.981833835509994,s177.227863634671309
078_76,s2.567868296512549,s4.595362626863276,s169.035699935666429
078_77,s3.577314596572348,s4.604091868319501,s180.430902611380645
079_0,s0.712525311306349,s0.062110353637298,s16.335495155496499
079_1,s0.307356879895749,s-0.007878650292950,s-13.765498985477928
079_2,s1.018925749913832,s-0.142569696829520,s-2.645287548652624
079_3,s2.317498906704506,s0.121991467470505,s6.020735332566638
079_4,s2.786258291394677,s-0.134428073804231,s10.584037576224858
079_5,s2.868173264627900,s0.156503745239003,s-2.485447599507185
079_6,s4.581991364982687,s-0.003981751679781,s-0.091959167519928
079_7,s5.051758616972594,s-0.048227481249447,s-5.439667415655559
079_8,s0.473995594614757,s0.999355288496410,s177.438997345958683
079_9,s1.198200516627539,s1.214474567106797,s171.842742185527811
079_10,s2.025299251077907,s1.157797144905453,s180.749257553989679
079_11,s2.301410475200480,s0.822253816959823,s174.192022792397324
079_12,s3.362971805411329,s0.735404009622230,s179.309280050204393
079_13,s4.266693150020440,s0.844643213989289,s165.823390354155350
079_14,s4.718036519511333,s0.623175486554335,s181.336660511652042
079_15,s4.854698736862632,s0.718901666675094,s166.554309227723536
079_16,s0.161489461117895,s0.854695453716647,s-9.760190378389021
079_17,s0.586641374000286,s1.197497997119554,s-0.407147422328739
079_18,s1.675014622010891,s0.694023242451587,s5.781699035146374
079_19,s1.936938670046163,s1.531951098914801,s6.333471534332759
079_20,s2.847502192811284,s1.439765738081098,s3.645583208534779
079_21,s3.502179142826026,s1.751511409302758,s-1.639786881975778
079_22,s4.244624219748650,s0.701304876277537,s0.279161384943270
079_23,s5.012420381999328,s1.381403749283702,s-5.895745754838909
079_24,s0.242566022256495,s1.871375512451598,s178.104937807346687
079_25,s0.720417716425852,s2.117394671582314,s178.536452052905389
079_26,s1.661792605989035,s2.110399193747656,s177.505275997925253
079_27,s2.238380558754621,s1.996221881064647,s182.141852549625014
079_28,s3.158855851726513,s2.043026938012690,s158.435681247033330
079_29,s3.490773425328751,s1.422794789659914,s175.867851399950553
079_30,s4.756423242569936,s1.769678717783900,s175.014799586141493
079_31,s5.062923298721879,s1.793187962183266,s198.561254639768919
079_32,s0.230288937819185,s1.894657392260443,s-25.925448637985543
079_33,s0.902224877659137,s2.332862881712517,s-9.003070689400218
079_34,s1.624837172552656,s1.795735540870993,s-11.326401363604511
079_35,s1.818985679136971,s1.427656257138623,s-6.521056739924630
079_36,s2.510724913399339,s2.035412835694014,s1.762645881336258
079_37,s3.736882505736357,s2.228561534618963,s-7.027545149105509
079_38,s4.110505514481929,s2.157361211187901,s3.089578230886630
079_39,s4.845076187200467,s1.529899585233749,s10.213753450718380
079_40,s0.568296651650069,s2.926316358638273,s187.042872926062870
079_41,s0.869935116418765,s2.668742203152703,s169.837351681071112
079_42,s1.921167620297120,s3.183721807644439,s183.885877040799073
079_43,s2.547203175550817,s2.839525912634715,s179.585286643198316
079_44,s3.029313089967128,s2.390797863753747,s191.296360580349756
079_45,s3.532391137165695,s2.853313139023784,s176.063442589084929
079_46,s4.487163372710674,s2.854158042453570,s185.521897769091936
079_47,s5.077544847155548,s2.793160127034632,s207.490994716104780
079_48,s0.260395464416673,s3.365539542942255,s11.522306229137170
079_49,s0.451808697981190,s2.850434593565971,s6.624428235241596
079_50,s1.238026329200239,s3.218425277366857,s5.059459597507372
079_51,s2.187724796401478,s2.390064667383766,s6.940373469195402
079_52,s2.761182203341393,s3.117653634157112,s10.950086881719990
079_53,s3.891794477485070,s2.585440780636350,s4.922835138002084
079_54,s4.283303311821990,s3.301884210741075,s3.395621471564017
079_55,s4.862630631470148,s2.660458213020132,s-5.312428077213744
079_56,s0.294828119458869,s3.845128368376165,s173.071277419376230
079_57,s1.182829094097318,s3.553694744809544,s169.438884571368419
079_58,s1.362573867292197,s3.895232098351757,s172.740658850283666
079_59,s2.623817828352901,s3.510838136906864,s162.304629089412600
079_60,s2.764529112215732,s4.224238239592933,s172.805365176962255
079_61,s3.765193628383844,s4.314977947919816,s180.670497734070182
079_62,s4.444313965301233,s4.094453334970673,s186.072357306139764
079_63,s4.981289598744097,s3.810748816471442,s165.803844077842058
079_64,s0.186126364315229,s3.553302536755197,s-3.561015853245420
079_65,s0.877094341328220,s4.047073360682447,s-2.849254114178830
079_66,s1.656529692247608,s4.284058080187989,s-6.643199436963509
079_67,s1.830968492579267,s4.123835956929840,s-2.549669640801920
079_68,s2.707638630909866,s4.415425996517127,s-2.602157237205614
079_69,s4.108545876256058,s4.248780821552148,s7.628111720940450
079_70,s4.409792341072691,s3.916718333436032,s1.936044800206975
079_71,s5.017020953088439,s4.365649684823805,s-17.386943463208155
079_72,s0.872089590893702,s4.666597666113686,s189.132930411761322
079_73,s0.865686169855031,s4.902206326831619,s171.125636606318636
079_74,s1.467322945866802,s4.931443845092724,s175.651496599595021
079_75,s2.273187947193337,s4.800023128563972,s180.793816567075055
079_76,s3.132064070944309,s4.733878209662035,s168.802526693434487
079_77,s3.481099680142768,s4.827984991709817,s183.917480827122375
079_78,s4.462865737894618,s4.890473122611049,s218.379328947225531
080_0,s0.187044894861608,s-0.091384276604124,s4.598030257621018
080_1,s0.796893277285823,s-0.046805449458216,s-5.751200974596792
080_2,s1.503339618942579,s0.221326360080300,s2.267971871100935
080_3,s2.202430911986011,s0.380421493041405,s-8.758681462121668
080_4,s2.684188399520857,s0.019842315633590,s-3.414894436777988
080_5,s3.435536117126810,s0.059179970629026,s-3.618192097486609
080_6,s4.487632458850384,s-0.205179820908977,s9.408326363317469
080_7,s4.835025725214543,s-0.111684117477815,s-1.121373983768391
080_8,s0.346252385908740,s0.756406258094905,s178.331098696557888
080_9,s0.863107823322773,s0.875264657668082,s181.660274935757599
080_10,s1.841267078057210,s0.749354577659740,s184.589261907049035
080_11,s2.511187354093019,s0.852966942527937,s172.280247674857350
080_12,s3.172236636060628,s0.905522890618120,s178.376995824361416
080_13,s3.668818770116637,s0.569651860804271,s178.330195057518694
080_14,s4.752254911591287,s0.979326915828332,s180.285185295461844
080_15,s5.237646176399886,s0.639630846771660,s187.847629609297201
080_16,s0.163528675880538,s1.057051585502488,s0.269576647755408
080_17,s0.637671821705361,s1.231472557236569,s-5.062739478288669
080_18,s1.341566077498973,s1.059288026504979,s-0.377682355923368
080_19,s2.193471729203059,s1.085048180890884,s-1.236108613112855
080_20,s2.728231917914575,s0.874062187503478,s-2.717840277268572
080_21,s3.491069993267775,s0.862880270717967,s5.266881323599738
080_22,s4.182212738796881,s1.012085482023839,s-3.185703542254987
080_23,s4.583669076200175,s1.117222617196345,s6.879720398972196
080_24,s0.572592204082869,s1.812711571724461,s180.939838287272011
080_25,s1.005066853019699,s1.635139114014469,s175.811141068637056
080_26,s1.658870916819319,s1.989066751110294,s173.880955474603951
080_27,s2.578570697731851,s1.744706543807756,s176.828896648643877
080_28,s3.227885960254913,s1.642544117557723,s182.299843667633667
080_29,s4.083848256736480,s1.865871060071240,s185.166714584506224
080_30,s4.306733293153485,s1.680206132372367,s173.307173573981800
080_31,s5.118865071096193,s1.823760623632564,s171.246896225065285
080_32,s0.140313037300693,s1.809587851971849,s3.641566621501489
080_33,s0.482413510100624,s1.980338439472241,s-7.660210174599546
080_34,s1.508861829133951,s1.844694665329813,s-4.091888163779151
080_35,s2.058189140320772,s2.214598745392364,s7.225346148313586
080_36,s2.909598009599299,s1.856125285858643,s0.198372486901430
080_37,s3.488592549587707,s2.285231857583267,s0.865042345370414
080_38,s4.307368937701302,s2.002683604350536,s3.692572885975450
080_39,s5.029682217415926,s1.775511403478787,s1.599620265157096
080_40,s0.415036986553519,s2.690391018706341,s178.279611736716845
080_41,s1.150668865890855,s2.935549190155082,s189.189146009761686
080_42,s1.637525068112495,s2.869247480259687,s183.821058189070413
080_43,s2.476088924331570,s2.644620508279751,s173.624038860291932
080_44,s3.118769801893825,s2.897811720697441,s178.316176610914198
080_45,s3.764996667664676,s2.739171539375906,s183.376467833547878
080_46,s4.380362543176014,s2.640051216874953,s178.693163753926314
080_47,s5.234682326444172,s2.861722204659674,s179.632432196492687
080_48,s0.178144965975095,s3.000211086378686,s0.015316584404152
080_49,s0.710667237253682,s2.940706056008354,s-4.989759527975377
080_50,s1.335631349841479,s3.156820460257653,s-4.856884699126406
080_51,s1.988484612617925,s3.251214735328086,s-3.255412815009790
080_52,s2.603505345762575,s2.708860446278690,s5.466362760639517
080_53,s3.719695454438261,s2.960671796153576,s-1.136677490713845
080_54,s4.066922746786662,s3.139684520624887,s-3.029625543111060
080_55,s5.146667495578492,s3.005843575156470,s6.940965222173674
080_56,s0.285772744481590,s3.846822729697537,s186.502371624083480
080_57,s0.940110334157847,s3.830901686998756,s187.651519174975618
080_58,s1.488473056911793,s3.942320863407438,s183.820687995566516
080_59,s2.206654588661682,s4.026091412262293,s177.627647639831906
080_60,s3.183444540359369,s3.502744192456167,s187.593976578843439
080_61,s3.844746776412490,s3.749438437278878,s179.761123683343527
080_62,s4.445845824657957,s3.673960398928088,s182.872996064355249
080_63,s5.079311187618458,s3.783332838937028,s180.142591771748585
080_64,s0.133918586522907,s4.122721131239599,s4.689528519542952
080_65,s0.690651931186418,s4.200655571250604,s-5.019346420873651
080_66,s1.473538863167500,s3.973877490926669,s-8.997234264609004
080_67,s2.198453253917892,s4.007457390881798,s-0.900546692162205
080_68,s2.808891646436576,s3.977168264994239,s0.497684581352046
080_69,s3.853200263952377,s4.019579624860669,s-11.283578433216864
080_70,s4.260164892482541,s4.157599052870594,s-0.929051961232018
080_71,s4.748494933757899,s3.928928027723948,s3.606905856130061
080_72,s0.403257513466597,s4.813049424155266,s180.766119232857591
080_73,s1.411573007183196,s4.544196116368196,s178.127565171245521
080_74,s1.535080628435650,s4.745539758954817,s185.005367189323550
080_75,s2.482697299866303,s4.933032758675901,s176.166353473034093
080_76,s3.012959869343455,s5.066050531058187,s178.236932705158637
080_77,s3.691317348586144,s4.746634150655572,s183.442822599341923
080_78,s4.717486795680408,s4.868536944592428,s191.429600258461363
080_79,s5.242753526903895,s4.842666517845076,s200.929889942473324
081_0,s0.305411514025230,s-0.144781807222710,s36.651336874240940
081_1,s0.919982054861302,s0.258710455335821,s-4.399449380743940
081_2,s1.685377040968259,s0.042405286150788,s-6.543507156660744
081_3,s1.942152920633036,s0.444077720233361,s1.209144226932444
081_4,s2.907452042113406,s-0.016308173038342,s4.893472082512469
081_5,s3.639715806901850,s0.374962792893899,s-8.235701368932325
081_6,s4.290836598934246,s-0.060818476567324,s-12.392808846605790
081_7,s4.653738290969101,s0.089047348751891,s-1.252566252005474
081_8,s0.361370332106265,s1.144000966507747,s182.874698933856649
081_9,s1.150571495859670,s0.596134127140896,s185.493848448107173
081_10,s1.480884213035319,s0.626647529070294,s175.840275501041532
081_11,s2.522631144894472,s0.912758543200934,s189.734345802362441
081_12,s3.140865898898994,s0.512960994655899,s175.299170464752791
081_13,s3.838673126711826,s0.507101061292315,s183.101159065378710
081_14,s4.517117682256344,s1.306649746898057,s185.680513913469213
081_15,s4.779646860908844,s0.467221530049070,s205.235207612350678
081_16,s0.227986942852808,s0.497278737048426,s17.406711495158870
081_17,s0.516972915479056,s0.962741506451463,s4.555114989200773
081_18,s1.511807493401348,s1.210694582190461,s5.310805425288995
081_19,s1.734668102302375,s0.946402618422322,s3.411410943317247
081_20,s2.515192456784305,s0.809368197450434,s-9.504945322575784
081_21,s3.386895498259512,s0.968154113505757,s2.658301658921228
081_22,s4.055225432586776,s1.020123469016267,s-2.843520308624628
081_23,s4.905667399255258,s0.880830658289145,s-7.315053210388075
081_24,s0.693330280247317,s1.703892924578610,s173.986694799166514
081_25,s1.183342065179471,s1.897093444243914,s194.344842705788665
081_26,s1.445807690511052,s1.713410426071176,s187.944360031342228
081_27,s2.340562856313522,s1.629662249399886,s180.365255746005374
081_28,s3.592921569747986,s1.860729685895113,s183.019928194444390
081_29,s3.458818670636992,s1.709185730849860,s167.693805933027392
081_30,s4.249682362963492,s2.046542630289067,s189.666961277528998
081_31,s4.585420485577229,s2.249834162958367,s183.385404568414458
081_32,s0.155493121064899,s2.031943071534009,s22.548215559940420
081_33,s0.600958317137698,s1.632096444525144,s0.416930321907417
081_34,s1.594274548218595,s1.932286639414995,s-1.378156172799036
081_35,s2.037419573677593,s1.515380213060042,s-8.940044663110790
081_36,s2.744425936609908,s2.540508817089612,s5.473655100981198
081_37,s3.077904718657857,s2.209825648045693,s0.865661834892706
081_38,s4.359153634652023,s1.807308873284170,s0.725127443101820
081_39,s4.776045590449919,s2.077063294956445,s12.636920396520186
081_40,s0.201622935271238,s2.659013914326747,s184.148650654415917
081_41,s0.853643150224344,s2.960695633336690,s179.580910366613921
081_42,s1.712231524201154,s2.726229429947607,s174.520498108235444
081_43,s2.442125368143907,s2.914468718225222,s180.858835520284742
081_44,s3.081769250733198,s2.819664173360125,s186.717404488867288
081_45,s3.617626749047760,s2.990511945245273,s180.505071236738360
081_46,s4.255702077230792,s3.315467545856232,s159.784076830752980
081_47,s4.961671940961683,s3.008272259047380,s198.056548610809330
081_48,s0.665231209482297,s3.460342284384014,s13.618700727439524
081_49,s1.061622453497012,s2.515977443002216,s6.520867193567785
081_50,s1.762652828894596,s3.071629795848034,s-3.674920923773422
081_51,s2.348024926029174,s2.963453012208966,s-9.872521191619356
081_52,s2.932786967374450,s2.628099066130166,s1.683969816792673
081_53,s3.359474372773324,s3.526521307704857,s-3.228677328894140
081_54,s3.721687322935122,s3.054715516224468,s6.183703483485177
081_55,s4.500676415021510,s3.056780682885113,s4.665479488280566
081_56,s0.442255382509994,s4.132778026798648,s182.711736076676885
081_57,s1.131204047287087,s3.622934348292147,s167.049435765545752
081_58,s1.868244857493844,s3.551552851264749,s168.286325047383485
081_59,s2.420872779630360,s4.330350324845190,s173.804744452754306
081_60,s3.167267544218166,s3.485106557218997,s182.234691346486812
081_61,s3.910523204084738,s3.733104348401620,s185.965362860906822
081_62,s4.484916795200292,s3.597657978913621,s183.765550572260310
081_63,s4.815141531035806,s3.911054702775467,s211.156559685822657
081_64,s0.115514829161174,s4.170873833714698,s12.220694762643852
081_65,s1.030737983464543,s4.035807506062769,s3.439360778004306
081_66,s1.540092397191002,s4.354563486669845,s1.557749380766944
081_67,s2.098663496742791,s4.211864388414353,s-3.335693757341171
081_68,s3.023108998281560,s3.589341808951977,s12.401098086759230
081_69,s2.821956661901913,s3.793404137564685,s8.525429537499871
081_70,s4.588411722379281,s3.946739927925472,s19.832359996446193
081_71,s4.970692898490009,s4.326625467232486,s-11.294086330243754
081_72,s0.372698925715118,s4.519712483905860,s184.397668697658702
081_73,s0.892853546426862,s4.799995390799999,s192.282372121178469
081_74,s2.099973960017120,s4.766526284062324,s178.095711055091954
081_75,s2.364967363250554,s4.865445530837532,s171.342030319359509
081_76,s3.065270952659413,s4.970159114088413,s177.906831955195344
081_77,s3.727916126675840,s4.910463700554687,s204.919513830417372
081_78,s4.830896860128155,s4.856218157637997,s180.829157469388178
081_79,s4.974090567786327,s4.990159200051134,s189.181035822120606
081_80,s0.089393787462073,s4.348877898745886,s22.892205471285891
082_0,s0.137139173375097,s0.084029540364205,s14.174404061458624
082_1,s0.683725405815020,s0.029013132385282,s6.411381431387441
082_2,s1.499859943560296,s0.139760900160244,s4.962623770145155
082_3,s2.157759946352314,s0.215055361612726,s-2.562782045598930
082_4,s2.649785791327298,s0.008322232724887,s-1.434422151606416
082_5,s3.437655936648977,s0.006453077279378,s-0.274131426512393
082_6,s4.187307886939222,s0.018991137188878,s-4.044464164510258
082_7,s5.122365155089208,s0.051367415157641,s-6.376357634517825
082_8,s0.555925433535039,s0.799663150957234,s179.340786327700982
082_9,s0.783253354782184,s1.048172143320117,s172.565549111501809
082_10,s1.819519570744697,s0.702234149226270,s182.884890137793604
082_11,s2.714483879469663,s0.697585755833140,s172.592509705595319
082_12,s2.862584477909066,s1.032244989245512,s178.095978293206343
082_13,s3.798227537724781,s0.830106437245453,s176.574838058458624
082_14,s4.641147374991101,s0.810964757648901,s176.814736886291143
082_15,s5.222447664668667,s0.903226989740508,s182.122581075693915
082_16,s0.164732968936686,s0.908648326138570,s-7.236194980579837
082_17,s0.524877808926038,s1.012510604059926,s-4.272122081189297
082_18,s1.633838287079982,s1.052327500362664,s-1.981427139631460
082_19,s2.163479592167141,s0.904113128408995,s-4.491622981947009
082_20,s2.805594145217535,s1.208492400358646,s-0.212382042469674
082_21,s3.720270228838933,s0.929627532028784,s4.195232669868236
082_22,s4.183982210649209,s1.166830093113035,s-1.704555414541312
082_23,s4.823330538174866,s0.901458259875781,s-3.511787524051006
082_24,s0.500201133816850,s1.546278331930657,s179.704811562024474
082_25,s1.056248106359809,s1.507173719849825,s178.521025601358957
082_26,s1.723514024845817,s1.729851311581144,s174.723817525032274
082_27,s2.398760840810576,s1.647216642070471,s177.088705134430853
082_28,s3.195191784579802,s1.980459803455154,s179.336376916881932
082_29,s3.615482420644438,s1.963087206488910,s184.457076348488840
082_30,s4.571969277254475,s1.805273448147109,s179.338753716690718
082_31,s5.293624267497418,s1.849082889800948,s162.116596146130661
082_32,s0.146447364011441,s2.072585524326008,s3.762370293965152
082_33,s0.599956358390958,s1.638894049981317,s2.521379212602792
082_34,s1.351671036766926,s1.983003830413681,s-5.867733120606269
082_35,s2.118543203977368,s1.784977343457472,s-0.903190233612851
082_36,s2.921276376430364,s2.066226393040889,s-4.883851973044543
082_37,s3.747807405560889,s2.092780472131621,s-3.536480262735386
082_38,s4.357740978672408,s2.021638781766627,s1.177441334703670
082_39,s4.829118921343822,s1.961000208516114,s6.060863529858073
082_40,s0.516537438586964,s3.007125901793564,s183.032625952677591
082_41,s1.013357157478259,s2.786386555690175,s179.608129042995785
082_42,s1.739635628462656,s2.844980908390030,s175.760726583715240
082_43,s2.463757320335641,s2.868271655521804,s182.359287534001737
082_44,s3.198886525270171,s2.770446210434465,s181.808807443643161
082_45,s3.994762837004823,s2.687778181020492,s183.644313500626708
082_46,s4.425130843132043,s2.624234437696286,s177.498779693814242
082_47,s5.299076786605104,s2.837775025054602,s172.256043856611996
082_48,s0.156334699517235,s3.199656626768411,s-4.407523186859069
082_49,s0.939119051929822,s3.179290449662052,s3.645491087032514
082_50,s1.397309246069857,s3.157939009279002,s5.837483953656283
082_51,s2.089328167538099,s2.858173299454507,s3.445678555615207
082_52,s2.894009792197187,s3.039702016845244,s-5.604435262064681
082_53,s3.582963488722105,s2.949767418229553,s1.234263638193817
082_54,s4.129027201196119,s2.772406198462498,s-0.694428613530030
082_55,s4.647267589788814,s2.931314196026816,s2.852406364388442
082_56,s0.472288864077996,s3.775978293071915,s177.340897308516162
082_57,s0.978912873641082,s3.683437069850040,s186.877790817418116
082_58,s1.660373474221845,s3.772962686008679,s184.188296417009326
082_59,s2.675851835602114,s4.120101931005586,s181.007916174082510
082_60,s3.099037986928371,s3.833231062602171,s181.915314372926474
082_61,s3.829333015900363,s3.711120548692920,s186.495005181016865
082_62,s4.677882870388873,s3.614107113924706,s171.782679825085665
082_63,s5.201282683353394,s3.654013776431571,s180.627907141776916
082_64,s0.164330725591626,s4.022999328525449,s-2.592971107282577
082_65,s0.662980701024050,s4.069245852627163,s-3.718052130263954
082_66,s1.366869836660085,s3.923359844307494,s-4.540085144184204
082_67,s2.311786902196287,s4.004725254862529,s0.954985070191893
082_68,s2.549894508982466,s4.117768497186355,s-4.112417767626777
082_69,s3.289620418312001,s3.877404450012275,s2.652945933980899
082_70,s4.447755623763382,s3.995367982647207,s3.143009978282896
082_71,s4.932980778223820,s3.982978647473939,s-2.960884221516781
082_72,s0.302346075708997,s4.947183328622655,s179.512919476242672
082_73,s1.197116922860366,s4.812284354044712,s176.418089180178754
082_74,s1.889380229136352,s4.674889020478750,s185.334894092466925
082_75,s2.588934605380393,s4.772488018721694,s187.794930741484251
082_76,s3.089620520052019,s4.674011022681878,s180.073192240302546
082_77,s3.717293643426128,s4.690751123820294,s182.300341075781688
082_78,s4.543652567446597,s4.904444777388274,s183.886186373458202
082_79,s5.239385664946453,s4.849533357064728,s175.309040671072097
082_80,s0.134859701477690,s4.873010777392802,s-29.150112870459100
082_81,s0.905298941096278,s4.814433138941659,s5.004146293505212
083_0,s0.000000000000000,s0.000000000000000,s0.000000000000000
083_1,s0.700000000000000,s0.000000000000000,s0.000000000000000
083_2,s1.400000000000000,s0.000000000000000,s0.000000000000000
083_3,s2.100000000000000,s0.000000000000000,s0.000000000000000
083_4,s2.800000000000000,s0.000000000000000,s0.000000000000000
083_5,s3.500000000000000,s0.000000000000000,s0.000000000000000
083_6,s4.200000000000000,s0.000000000000000,s0.000000000000000
083_7,s4.900000000000000,s0.000000000000000,s0.000000000000000
083_8,s0.350000000000000,s0.800000000000000,s180.000000000000000
083_9,s1.050000000000000,s0.800000000000000,s180.000000000000000
083_10,s1.750000000000000,s0.800000000000000,s180.000000000000000
083_11,s2.450000000000000,s0.800000000000000,s180.000000000000000
083_12,s3.150000000000000,s0.800000000000000,s180.000000000000000
083_13,s3.850000000000000,s0.800000000000000,s180.000000000000000
083_14,s4.550000000000000,s0.800000000000000,s180.000000000000000
083_15,s5.250000000000000,s0.800000000000000,s180.000000000000000
083_16,s0.000000000000000,s1.000000000000000,s0.000000000000000
083_17,s0.700000000000000,s1.000000000000000,s0.000000000000000
083_18,s1.400000000000000,s1.000000000000000,s0.000000000000000
083_19,s2.100000000000000,s1.000000000000000,s0.000000000000000
083_20,s2.800000000000000,s1.000000000000000,s0.000000000000000
083_21,s3.500000000000000,s1.000000000000000,s0.000000000000000
083_22,s4.200000000000000,s1.000000000000000,s0.000000000000000
083_23,s4.900000000000000,s1.000000000000000,s0.000000000000000
083_24,s0.350000000000000,s1.800000000000000,s180.000000000000000
083_25,s1.050000000000000,s1.800000000000000,s180.000000000000000
083_26,s1.750000000000000,s1.800000000000000,s180.000000000000000
083_27,s2.450000000000000,s1.800000000000000,s180.000000000000000
083_28,s3.150000000000000,s1.800000000000000,s180.000000000000000
083_29,s3.850000000000000,s1.800000000000000,s180.000000000000000
083_30,s4.550000000000000,s1.800000000000000,s180.000000000000000
083_31,s5.250000000000000,s1.800000000000000,s180.000000000000000
083_32,s0.000000000000000,s2.000000000000000,s0.000000000000000
083_33,s0.700000000000000,s2.000000000000000,s0.000000000000000
083_34,s1.400000000000000,s2.000000000000000,s0.000000000000000
083_35,s2.100000000000000,s2.000000000000000,s0.000000000000000
083_36,s2.800000000000000,s2.000000000000000,s0.000000000000000
083_37,s3.500000000000000,s2.000000000000000,s0.000000000000000
083_38,s4.200000000000000,s2.000000000000000,s0.000000000000000
083_39,s4.900000000000000,s2.000000000000000,s0.000000000000000
083_40,s0.350000000000000,s2.800000000000000,s180.000000000000000
083_41,s1.050000000000000,s2.800000000000000,s180.000000000000000
083_42,s1.750000000000000,s2.800000000000000,s180.000000000000000
083_43,s2.450000000000000,s2.800000000000000,s180.000000000000000
083_44,s3.150000000000000,s2.800000000000000,s180.000000000000000
083_45,s3.850000000000000,s2.800000000000000,s180.000000000000000
083_46,s4.550000000000000,s2.800000000000000,s180.000000000000000
083_47,s5.250000000000000,s2.800000000000000,s180.000000000000000
083_48,s0.000000000000000,s3.000000000000000,s0.000000000000000
083_49,s0.700000000000000,s3.000000000000000,s0.000000000000000
083_50,s1.400000000000000,s3.000000000000000,s0.000000000000000
083_51,s2.100000000000000,s3.000000000000000,s0.000000000000000
083_52,s2.800000000000000,s3.000000000000000,s0.000000000000000
083_53,s3.500000000000000,s3.000000000000000,s0.000000000000000
083_54,s4.200000000000000,s3.000000000000000,s0.000000000000000
083_55,s4.900000000000000,s3.000000000000000,s0.000000000000000
083_56,s0.350000000000000,s3.800000000000000,s180.000000000000000
083_57,s1.050000000000000,s3.800000000000000,s180.000000000000000
083_58,s1.750000000000000,s3.800000000000000,s180.000000000000000
083_59,s2.450000000000000,s3.800000000000000,s180.000000000000000
083_60,s3.150000000000000,s3.800000000000000,s180.000000000000000
083_61,s3.850000000000000,s3.800000000000000,s180.000000000000000
083_62,s4.550000000000000,s3.800000000000000,s180.000000000000000
083_63,s5.250000000000000,s3.800000000000000,s180.000000000000000
083_64,s0.000000000000000,s4.000000000000000,s0.000000000000000
083_65,s0.700000000000000,s4.000000000000000,s0.000000000000000
083_66,s1.400000000000000,s4.000000000000000,s0.000000000000000
083_67,s2.100000000000000,s4.000000000000000,s0.000000000000000
083_68,s2.800000000000000,s4.000000000000000,s0.000000000000000
083_69,s3.500000000000000,s4.000000000000000,s0.000000000000000
083_70,s4.200000000000000,s4.000000000000000,s0.000000000000000
083_71,s4.900000000000000,s4.000000000000000,s0.000000000000000
083_72,s0.350000000000000,s4.800000000000000,s180.000000000000000
083_73,s1.050000000000000,s4.800000000000000,s180.000000000000000
083_74,s1.750000000000000,s4.800000000000000,s180.000000000000000
083_75,s2.450000000000000,s4.800000000000000,s180.000000000000000
083_76,s3.150000000000000,s4.800000000000000,s180.000000000000000
083_77,s3.850000000000000,s4.800000000000000,s180.000000000000000
083_78,s4.550000000000000,s4.800000000000000,s180.000000000000000
083_79,s5.250000000000000,s4.800000000000000,s180.000000000000000
083_80,s0.000000000000000,s5.000000000000000,s0.000000000000000
083_81,s0.700000000000000,s5.000000000000000,s0.000000000000000
083_82,s1.400000000000000,s5.000000000000000,s0.000000000000000
084_0,s0.000000000000000,s0.000000000000000,s0.000000000000000
084_1,s0.700000000000000,s0.000000000000000,s0.000000000000000
084_2,s1.400000000000000,s0.000000000000000,s0.000000000000000
084_3,s2.100000000000000,s0.000000000000000,s0.000000000000000
084_4,s2.800000000000000,s0.000000000000000,s0.000000000000000
084_5,s3.500000000000000,s0.000000000000000,s0.000000000000000
084_6,s4.200000000000000,s0.000000000000000,s0.000000000000000
084_7,s4.900000000000000,s0.000000000000000,s0.000000000000000
084_8,s0.350000000000000,s0.800000000000000,s180.000000000000000
084_9,s1.050000000000000,s0.800000000000000,s180.000000000000000
084_10,s1.750000000000000,s0.800000000000000,s180.000000000000000
084_11,s2.450000000000000,s0.800000000000000,s180.000000000000000
084_12,s3.150000000000000,s0.800000000000000,s180.000000000000000
084_13,s3.850000000000000,s0.800000000000000,s180.000000000000000
084_14,s4.550000000000000,s0.800000000000000,s180.000000000000000
084_15,s5.250000000000000,s0.800000000000000,s180.000000000000000
084_16,s0.000000000000000,s1.000000000000000,s0.000000000000000
084_17,s0.700000000000000,s1.000000000000000,s0.000000000000000
084_18,s1.400000000000000,s1.000000000000000,s0.000000000000000
084_19,s2.100000000000000,s1.000000000000000,s0.000000000000000
084_20,s2.800000000000000,s1.000000000000000,s0.000000000000000
084_21,s3.500000000000000,s1.000000000000000,s0.000000000000000
084_22,s4.200000000000000,s1.000000000000000,s0.000000000000000
084_23,s4.900000000000000,s1.000000000000000,s0.000000000000000
084_24,s0.350000000000000,s1.800000000000000,s180.000000000000000
084_25,s1.050000000000000,s1.800000000000000,s180.000000000000000
084_26,s1.750000000000000,s1.800000000000000,s180.000000000000000
084_27,s2.450000000000000,s1.800000000000000,s180.000000000000000
084_28,s3.150000000000000,s1.800000000000000,s180.000000000000000
084_29,s3.850000000000000,s1.800000000000000,s180.000000000000000
084_30,s4.550000000000000,s1.800000000000000,s180.000000000000000
084_31,s5.250000000000000,s1.800000000000000,s180.000000000000000
084_32,s0.000000000000000,s2.000000000000000,s0.000000000000000
084_33,s0.700000000000000,s2.000000000000000,s0.000000000000000
084_34,s1.400000000000000,s2.000000000000000,s0.000000000000000
084_35,s2.100000000000000,s2.000000000000000,s0.000000000000000
084_36,s2.800000000000000,s2.000000000000000,s0.000000000000000
084_37,s3.500000000000000,s2.000000000000000,s0.000000000000000
084_38,s4.200000000000000,s2.000000000000000,s0.000000000000000
084_39,s4.900000000000000,s2.000000000000000,s0.000000000000000
084_40,s0.350000000000000,s2.800000000000000,s180.000000000000000
084_41,s1.050000000000000,s2.800000000000000,s180.000000000000000
084_42,s1.750000000000000,s2.800000000000000,s180.000000000000000
084_43,s2.450000000000000,s2.800000000000000,s180.000000000000000
084_44,s3.150000000000000,s2.800000000000000,s180.000000000000000
084_45,s3.850000000000000,s2.800000000000000,s180.000000000000000
084_46,s4.550000000000000,s2.800000000000000,s180.000000000000000
084_47,s5.250000000000000,s2.800000000000000,s180.000000000000000
084_48,s0.000000000000000,s3.000000000000000,s0.000000000000000
084_49,s0.700000000000000,s3.000000000000000,s0.000000000000000
084_50,s1.400000000000000,s3.000000000000000,s0.000000000000000
084_51,s2.100000000000000,s3.000000000000000,s0.000000000000000
084_52,s2.800000000000000,s3.000000000000000,s0.000000000000000
084_53,s3.500000000000000,s3.000000000000000,s0.000000000000000
084_54,s4.200000000000000,s3.000000000000000,s0.000000000000000
084_55,s4.900000000000000,s3.000000000000000,s0.000000000000000
084_56,s0.350000000000000,s3.800000000000000,s180.000000000000000
084_57,s1.050000000000000,s3.800000000000000,s180.000000000000000
084_58,s1.750000000000000,s3.800000000000000,s180.000000000000000
084_59,s2.450000000000000,s3.800000000000000,s180.000000000000000
084_60,s3.150000000000000,s3.800000000000000,s180.000000000000000
084_61,s3.850000000000000,s3.800000000000000,s180.000000000000000
084_62,s4.550000000000000,s3.800000000000000,s180.000000000000000
084_63,s5.250000000000000,s3.800000000000000,s180.000000000000000
084_64,s0.000000000000000,s4.000000000000000,s0.000000000000000
084_65,s0.700000000000000,s4.000000000000000,s0.000000000000000
084_66,s1.400000000000000,s4.000000000000000,s0.000000000000000
084_67,s2.100000000000000,s4.000000000000000,s0.000000000000000
084_68,s2.800000000000000,s4.000000000000000,s0.000000000000000
084_69,s3.500000000000000,s4.000000000000000,s0.000000000000000
084_70,s4.200000000000000,s4.000000000000000,s0.000000000000000
084_71,s4.900000000000000,s4.000000000000000,s0.000000000000000
084_72,s0.350000000000000,s4.800000000000000,s180.000000000000000
084_73,s1.050000000000000,s4.800000000000000,s180.000000000000000
084_74,s1.750000000000000,s4.800000000000000,s180.000000000000000
084_75,s2.450000000000000,s4.800000000000000,s180.000000000000000
084_76,s3.150000000000000,s4.800000000000000,s180.000000000000000
084_77,s3.850000000000000,s4.800000000000000,s180.000000000000000
084_78,s4.550000000000000,s4.800000000000000,s180.000000000000000
084_79,s5.250000000000000,s4.800000000000000,s180.000000000000000
084_80,s0.000000000000000,s5.000000000000000,s0.000000000000000
084_81,s0.700000000000000,s5.000000000000000,s0.000000000000000
084_82,s1.400000000000000,s5.000000000000000,s0.000000000000000
084_83,s2.100000000000000,s5.000000000000000,s0.000000000000000
085_0,s0.000000000000000,s0.000000000000000,s0.000000000000000
085_1,s0.700000000000000,s0.000000000000000,s0.000000000000000
085_2,s1.400000000000000,s0.000000000000000,s0.000000000000000
085_3,s2.100000000000000,s0.000000000000000,s0.000000000000000
085_4,s2.800000000000000,s0.000000000000000,s0.000000000000000
085_5,s3.500000000000000,s0.000000000000000,s0.000000000000000
085_6,s4.200000000000000,s0.000000000000000,s0.000000000000000
085_7,s4.900000000000000,s0.000000000000000,s0.000000000000000
085_8,s0.350000000000000,s0.800000000000000,s180.000000000000000
085_9,s1.050000000000000,s0.800000000000000,s180.000000000000000
085_10,s1.750000000000000,s0.800000000000000,s180.000000000000000
085_11,s2.450000000000000,s0.800000000000000,s180.000000000000000
085_12,s3.150000000000000,s0.800000000000000,s180.000000000000000
085_13,s3.850000000000000,s0.800000000000000,s180.000000000000000
085_14,s4.550000000000000,s0.800000000000000,s180.000000000000000
085_15,s5.250000000000000,s0.800000000000000,s180.000000000000000
085_16,s0.000000000000000,s1.000000000000000,s0.000000000000000
085_17,s0.700000000000000,s1.000000000000000,s0.000000000000000
085_18,s1.400000000000000,s1.000000000000000,s0.000000000000000
085_19,s2.100000000000000,s1.000000000000000,s0.000000000000000
085_20,s2.800000000000000,s1.000000000000000,s0.000000000000000
085_21,s3.500000000000000,s1.000000000000000,s0.000000000000000
085_22,s4.200000000000000,s1.000000000000000,s0.000000000000000
085_23,s4.900000000000000,s1.000000000000000,s0.000000000000000
085_24,s0.350000000000000,s1.800000000000000,s180.000000000000000
085_25,s1.050000000000000,s1.800000000000000,s180.000000000000000
085_26,s1.750000000000000,s1.800000000000000,s180.000000000000000
085_27,s2.450000000000000,s1.800000000000000,s180.000000000000000
085_28,s3.150000000000000,s1.800000000000000,s180.000000000000000
085_29,s3.850000000000000,s1.800000000000000,s180.000000000000000
085_30,s4.550000000000000,s1.800000000000000,s180.000000000000000
085_31,s5.250000000000000,s1.800000000000000,s180.000000000000000
085_32,s0.000000000000000,s2.000000000000000,s0.000000000000000
085_33,s0.700000000000000,s2.000000000000000,s0.000000000000000
085_34,s1.400000000000000,s2.000000000000000,s0.000000000000000
085_35,s2.100000000000000,s2.000000000000000,s0.000000000000000
085_36,s2.800000000000000,s2.000000000000000,s0.000000000000000
085_37,s3.500000000000000,s2.000000000000000,s0.000000000000000
085_38,s4.200000000000000,s2.000000000000000,s0.000000000000000
085_39,s4.900000000000000,s2.000000000000000,s0.000000000000000
085_40,s0.350000000000000,s2.800000000000000,s180.000000000000000
085_41,s1.050000000000000,s2.800000000000000,s180.000000000000000
085_42,s1.750000000000000,s2.800000000000000,s180.000000000000000
085_43,s2.450000000000000,s2.800000000000000,s180.000000000000000
085_44,s3.150000000000000,s2.800000000000000,s180.000000000000000
085_45,s3.850000000000000,s2.800000000000000,s180.000000000000000
085_46,s4.550000000000000,s2.800000000000000,s180.000000000000000
085_47,s5.250000000000000,s2.800000000000000,s180.000000000000000
085_48,s0.000000000000000,s3.000000000000000,s0.000000000000000
085_49,s0.700000000000000,s3.000000000000000,s0.000000000000000
085_50,s1.400000000000000,s3.000000000000000,s0.000000000000000
085_51,s2.100000000000000,s3.000000000000000,s0.000000000000000
085_52,s2.800000000000000,s3.000000000000000,s0.000000000000000
085_53,s3.500000000000000,s3.000000000000000,s0.000000000000000
085_54,s4.200000000000000,s3.000000000000000,s0.000000000000000
085_55,s4.900000000000000,s3.000000000000000,s0.000000000000000
085_56,s0.350000000000000,s3.800000000000000,s180.000000000000000
085_57,s1.050000000000000,s3.800000000000000,s180.000000000000000
085_58,s1.750000000000000,s3.800000000000000,s180.000000000000000
085_59,s2.450000000000000,s3.800000000000000,s180.000000000000000
085_60,s3.150000000000000,s3.800000000000000,s180.000000000000000
085_61,s3.850000000000000,s3.800000000000000,s180.000000000000000
085_62,s4.550000000000000,s3.800000000000000,s180.000000000000000
085_63,s5.250000000000000,s3.800000000000000,s180.000000000000000
085_64,s0.000000000000000,s4.000000000000000,s0.000000000000000
085_65,s0.700000000000000,s4.000000000000000,s0.000000000000000
085_66,s1.400000000000000,s4.000000000000000,s0.000000000000000
085_67,s2.100000000000000,s4.000000000000000,s0.000000000000000
085_68,s2.800000000000000,s4.000000000000000,s0.000000000000000
085_69,s3.500000000000000,s4.000000000000000,s0.000000000000000
085_70,s4.200000000000000,s4.000000000000000,s0.000000000000000
085_71,s4.900000000000000,s4.000000000000000,s0.000000000000000
085_72,s0.350000000000000,s4.800000000000000,s180.000000000000000
085_73,s1.050000000000000,s4.800000000000000,s180.000000000000000
085_74,s1.750000000000000,s4.800000000000000,s180.000000000000000
085_75,s2.450000000000000,s4.800000000000000,s180.000000000000000
085_76,s3.150000000000000,s4.800000000000000,s180.000000000000000
085_77,s3.850000000000000,s4.800000000000000,s180.000000000000000
085_78,s4.550000000000000,s4.800000000000000,s180.000000000000000
085_79,s5.250000000000000,s4.800000000000000,s180.000000000000000
085_80,s0.000000000000000,s5.000000000000000,s0.000000000000000
085_81,s0.700000000000000,s5.000000000000000,s0.000000000000000
085_82,s1.400000000000000,s5.000000000000000,s0.000000000000000
085_83,s2.100000000000000,s5.000000000000000,s0.000000000000000
085_84,s2.800000000000000,s5.000000000000000,s0.000000000000000
086_0,s0.000000000000000,s0.000000000000000,s0.000000000000000
086_1,s0.700000000000000,s0.000000000000000,s0.000000000000000
086_2,s1.400000000000000,s0.000000000000000,s0.000000000000000
086_3,s2.100000000000000,s0.000000000000000,s0.000000000000000
086_4,s2.800000000000000,s0.000000000000000,s0.000000000000000
086_5,s3.500000000000000,s0.000000000000000,s0.000000000000000
086_6,s4.200000000000000,s0.000000000000000,s0.000000000000000
086_7,s4.900000000000000,s0.000000000000000,s0.000000000000000
086_8,s0.350000000000000,s0.800000000000000,s180.000000000000000
086_9,s1.050000000000000,s0.800000000000000,s180.000000000000000
086_10,s1.750000000000000,s0.800000000000000,s180.000000000000000
086_11,s2.450000000000000,s0.800000000000000,s180.000000000000000
086_12,s3.150000000000000,s0.800000000000000,s180.000000000000000
086_13,s3.850000000000000,s0.800000000000000,s180.000000000000000
086_14,s4.550000000000000,s0.800000000000000,s180.000000000000000
086_15,s5.250000000000000,s0.800000000000000,s180.000000000000000
086_16,s0.000000000000000,s1.000000000000000,s0.000000000000000
086_17,s0.700000000000000,s1.000000000000000,s0.000000000000000
086_18,s1.400000000000000,s1.000000000000000,s0.000000000000000
086_19,s2.100000000000000,s1.000000000000000,s0.000000000000000
086_20,s2.800000000000000,s1.000000000000000,s0.000000000000000
086_21,s3.500000000000000,s1.000000000000000,s0.000000000000000
086_22,s4.200000000000000,s1.000000000000000,s0.000000000000000
086_23,s4.900000000000000,s1.000000000000000,s0.000000000000000
086_24,s0.350000000000000,s1.800000000000000,s180.000000000000000
086_25,s1.050000000000000,s1.800000000000000,s180.000000000000000
086_26,s1.750000000000000,s1.800000000000000,s180.000000000000000
086_27,s2.450000000000000,s1.800000000000000,s180.000000000000000
086_28,s3.150000000000000,s1.800000000000000,s180.000000000000000
086_29,s3.850000000000000,s1.800000000000000,s180.000000000000000
086_30,s4.550000000000000,s1.800000000000000,s180.000000000000000
086_31,s5.250000000000000,s1.800000000000000,s180.000000000000000
086_32,s0.000000000000000,s2.000000000000000,s0.000000000000000
086_33,s0.700000000000000,s2.000000000000000,s0.000000000000000
086_34,s1.400000000000000,s2.000000000000000,s0.000000000000000
086_35,s2.100000000000000,s2.000000000000000,s0.000000000000000
086_36,s2.800000000000000,s2.000000000000000,s0.000000000000000
086_37,s3.500000000000000,s2.000000000000000,s0.000000000000000
086_38,s4.200000000000000,s2.000000000000000,s0.000000000000000
086_39,s4.900000000000000,s2.000000000000000,s0.000000000000000
086_40,s0.350000000000000,s2.800000000000000,s180.000000000000000
086_41,s1.050000000000000,s2.800000000000000,s180.000000000000000
086_42,s1.750000000000000,s2.800000000000000,s180.000000000000000
086_43,s2.450000000000000,s2.800000000000000,s180.000000000000000
086_44,s3.150000000000000,s2.800000000000000,s180.000000000000000
086_45,s3.850000000000000,s2.800000000000000,s180.000000000000000
086_46,s4.550000000000000,s2.800000000000000,s180.000000000000000
086_47,s5.250000000000000,s2.800000000000000,s180.000000000000000
086_48,s0.000000000000000,s3.000000000000000,s0.000000000000000
086_49,s0.700000000000000,s3.000000000000000,s0.000000000000000
086_50,s1.400000000000000,s3.000000000000000,s0.000000000000000
086_51,s2.100000000000000,s3.000000000000000,s0.000000000000000
086_52,s2.800000000000000,s3.000000000000000,s0.000000000000000
086_53,s3.500000000000000,s3.000000000000000,s0.000000000000000
086_54,s4.200000000000000,s3.000000000000000,s0.000000000000000
086_55,s4.900000000000000,s3.000000000000000,s0.000000000000000
086_56,s0.350000000000000,s3.800000000000000,s180.000000000000000
086_57,s1.050000000000000,s3.800000000000000,s180.000000000000000
086_58,s1.750000000000000,s3.800000000000000,s180.000000000000000
086_59,s2.450000000000000,s3.800000000000000,s180.000000000000000
086_60,s3.150000000000000,s3.800000000000000,s180.000000000000000
086_61,s3.850000000000000,s3.800000000000000,s180.000000000000000
086_62,s4.550000000000000,s3.800000000000000,s180.000000000000000
086_63,s5.250000000000000,s3.800000000000000,s180.000000000000000
086_64,s0.000000000000000,s4.000000000000000,s0.000000000000000
086_65,s0.700000000000000,s4.000000000000000,s0.000000000000000
086_66,s1.400000000000000,s4.000000000000000,s0.000000000000000
086_67,s2.100000000000000,s4.000000000000000,s0.000000000000000
086_68,s2.800000000000000,s4.000000000000000,s0.000000000000000
086_69,s3.500000000000000,s4.000000000000000,s0.000000000000000
086_70,s4.200000000000000,s4.000000000000000,s0.000000000000000
086_71,s4.900000000000000,s4.000000000000000,s0.000000000000000
086_72,s0.350000000000000,s4.800000000000000,s180.000000000000000
086_73,s1.050000000000000,s4.800000000000000,s180.000000000000000
086_74,s1.750000000000000,s4.800000000000000,s180.000000000000000
086_75,s2.450000000000000,s4.800000000000000,s180.000000000000000
086_76,s3.150000000000000,s4.800000000000000,s180.000000000000000
086_77,s3.850000000000000,s4.800000000000000,s180.000000000000000
086_78,s4.550000000000000,s4.800000000000000,s180.000000000000000
086_79,s5.250000000000000,s4.800000000000000,s180.000000000000000
086_80,s0.000000000000000,s5.000000000000000,s0.000000000000000
086_81,s0.700000000000000,s5.000000000000000,s0.000000000000000
086_82,s1.400000000000000,s5.000000000000000,s0.000000000000000
086_83,s2.100000000000000,s5.000000000000000,s0.000000000000000
086_84,s2.800000000000000,s5.000000000000000,s0.000000000000000
086_85,s3.500000000000000,s5.000000000000000,s0.000000000000000
087_0,s0.000000000000000,s0.000000000000000,s0.000000000000000
087_1,s0.700000000000000,s0.000000000000000,s0.000000000000000
087_2,s1.400000000000000,s0.000000000000000,s0.000000000000000
087_3,s2.100000000000000,s0.000000000000000,s0.000000000000000
087_4,s2.800000000000000,s0.000000000000000,s0.000000000000000
087_5,s3.500000000000000,s0.000000000000000,s0.000000000000000
087_6,s4.200000000000000,s0.000000000000000,s0.000000000000000
087_7,s4.900000000000000,s0.000000000000000,s0.000000000000000
087_8,s0.350000000000000,s0.800000000000000,s180.000000000000000
087_9,s1.050000000000000,s0.800000000000000,s180.000000000000000
087_10,s1.750000000000000,s0.800000000000000,s180.000000000000000
087_11,s2.450000000000000,s0.800000000000000,s180.000000000000000
087_12,s3.150000000000000,s0.800000000000000,s180.000000000000000
087_13,s3.850000000000000,s0.800000000000000,s180.000000000000000
087_14,s4.550000000000000,s0.800000000000000,s180.000000000000000
087_15,s5.250000000000000,s0.800000000000000,s180.000000000000000
087_16,s0.000000000000000,s1.000000000000000,s0.000000000000000
087_17,s0.700000000000000,s1.000000000000000,s0.000000000000000
087_18,s1.400000000000000,s1.000000000000000,s0.000000000000000
087_19,s2.100000000000000,s1.000000000000000,s0.000000000000000
087_20,s2.800000000000000,s1.000000000000000,s0.000000000000000
087_21,s3.500000000000000,s1.000000000000000,s0.000000000000000
087_22,s4.200000000000000,s1.000000000000000,s0.000000000000000
087_23,s4.900000000000000,s1.000000000000000,s0.000000000000000
087_24,s0.350000000000000,s1.800000000000000,s180.000000000000000
087_25,s1.050000000000000,s1.800000000000000,s180.000000000000000
087_26,s1.750000000000000,s1.800000000000000,s180.000000000000000
087_27,s2.450000000000000,s1.800000000000000,s180.000000000000000
087_28,s3.150000000000000,s1.800000000000000,s180.000000000000000
087_29,s3.850000000000000,s1.800000000000000,s180.000000000000000
087_30,s4.550000000000000,s1.800000000000000,s180.000000000000000
087_31,s5.250000000000000,s1.800000000000000,s180.000000000000000
087_32,s0.000000000000000,s2.000000000000000,s0.000000000000000
087_33,s0.700000000000000,s2.000000000000000,s0.000000000000000
087_34,s1.400000000000000,s2.000000000000000,s0.000000000000000
087_35,s2.100000000000000,s2.000000000000000,s0.000000000000000
087_36,s2.800000000000000,s2.000000000000000,s0.000000000000000
087_37,s3.500000000000000,s2.000000000000000,s0.000000000000000
087_38,s4.200000000000000,s2.000000000000000,s0.000000000000000
087_39,s4.900000000000000,s2.000000000000000,s0.000000000000000
087_40,s0.350000000000000,s2.800000000000000,s180.000000000000000
087_41,s1.050000000000000,s2.800000000000000,s180.000000000000000
087_42,s1.750000000000000,s2.800000000000000,s180.000000000000000
087_43,s2.450000000000000,s2.800000000000000,s180.000000000000000
087_44,s3.150000000000000,s2.800000000000000,s180.000000000000000
087_45,s3.850000000000000,s2.800000000000000,s180.000000000000000
087_46,s4.550000000000000,s2.800000000000000,s180.000000000000000
087_47,s5.250000000000000,s2.800000000000000,s180.000000000000000
087_48,s0.000000000000000,s3.000000000000000,s0.000000000000000
087_49,s0.700000000000000,s3.000000000000000,s0.000000000000000
087_50,s1.400000000000000,s3.000000000000000,s0.000000000000000
087_51,s2.100000000000000,s3.000000000000000,s0.000000000000000
087_52,s2.800000000000000,s3.000000000000000,s0.000000000000000
087_53,s3.500000000000000,s3.000000000000000,s0.000000000000000
087_54,s4.200000000000000,s3.000000000000000,s0.000000000000000
087_55,s4.900000000000000,s3.000000000000000,s0.000000000000000
087_56,s0.350000000000000,s3.800000000000000,s180.000000000000000
087_57,s1.050000000000000,s3.800000000000000,s180.000000000000000
087_58,s1.750000000000000,s3.800000000000000,s180.000000000000000
087_59,s2.450000000000000,s3.800000000000000,s180.000000000000000
087_60,s3.150000000000000,s3.800000000000000,s180.000000000000000
087_61,s3.850000000000000,s3.800000000000000,s180.000000000000000
087_62,s4.550000000000000,s3.800000000000000,s180.000000000000000
087_63,s5.250000000000000,s3.800000000000000,s180.000000000000000
087_64,s0.000000000000000,s4.000000000000000,s0.000000000000000
087_65,s0.700000000000000,s4.000000000000000,s0.000000000000000
087_66,s1.400000000000000,s4.000000000000000,s0.000000000000000
087_67,s2.100000000000000,s4.000000000000000,s0.000000000000000
087_68,s2.800000000000000,s4.000000000000000,s0.000000000000000
087_69,s3.500000000000000,s4.000000000000000,s0.000000000000000
087_70,s4.200000000000000,s4.000000000000000,s0.000000000000000
087_71,s4.900000000000000,s4.000000000000000,s0.000000000000000
087_72,s0.350000000000000,s4.800000000000000,s180.000000000000000
087_73,s1.050000000000000,s4.800000000000000,s180.000000000000000
087_74,s1.750000000000000,s4.800000000000000,s180.000000000000000
087_75,s2.450000000000000,s4.800000000000000,s180.000000000000000
087_76,s3.150000000000000,s4.800000000000000,s180.000000000000000
087_77,s3.850000000000000,s4.800000000000000,s180.000000000000000
087_78,s4.550000000000000,s4.800000000000000,s180.000000000000000
087_79,s5.250000000000000,s4.800000000000000,s180.000000000000000
087_80,s0.000000000000000,s5.000000000000000,s0.000000000000000
087_81,s0.700000000000000,s5.000000000000000,s0.000000000000000
087_82,s1.400000000000000,s5.000000000000000,s0.000000000000000
087_83,s2.100000000000000,s5.000000000000000,s0.000000000000000
087_84,s2.800000000000000,s5.000000000000000,s0.000000000000000
087_85,s3.500000000000000,s5.000000000000000,s0.000000000000000
087_86,s4.200000000000000,s5.000000000000000,s0.000000000000000
088_0,s0.000000000000000,s0.000000000000000,s0.000000000000000
088_1,s0.700000000000000,s0.000000000000000,s0.000000000000000
088_2,s1.400000000000000,s0.000000000000000,s0.000000000000000
088_3,s2.100000000000000,s0.000000000000000,s0.000000000000000
088_4,s2.800000000000000,s0.000000000000000,s0.000000000000000
088_5,s3.500000000000000,s0.000000000000000,s0.000000000000000
088_6,s4.200000000000000,s0.000000000000000,s0.000000000000000
088_7,s4.900000000000000,s0.000000000000000,s0.000000000000000
088_8,s0.350000000000000,s0.800000000000000,s180.000000000000000
088_9,s1.050000000000000,s0.800000000000000,s180.000000000000000
088_10,s1.750000000000000,s0.800000000000000,s180.000000000000000
088_11,s2.450000000000000,s0.800000000000000,s180.000000000000000
088_12,s3.150000000000000,s0.800000000000000,s180.000000000000000
088_13,s3.850000000000000,s0.800000000000000,s180.000000000000000
088_14,s4.550000000000000,s0.800000000000000,s180.000000000000000
088_15,s5.250000000000000,s0.800000000000000,s180.000000000000000
088_16,s0.000000000000000,s1.000000000000000,s0.000000000000000
088_17,s0.700000000000000,s1.000000000000000,s0.000000000000000
088_18,s1.400000000000000,s1.000000000000000,s0.000000000000000
088_19,s2.100000000000000,s1.000000000000000,s0.000000000000000
088_20,s2.800000000000000,s1.000000000000000,s0.000000000000000
088_21,s3.500000000000000,s1.000000000000000,s0.000000000000000
088_22,s4.200000000000000,s1.000000000000000,s0.000000000000000
088_23,s4.900000000000000,s1.000000000000000,s0.000000000000000
088_24,s0.350000000000000,s1.800000000000000,s180.000000000000000
088_25,s1.050000000000000,s1.800000000000000,s180.000000000000000
088_26,s1.750000000000000,s1.800000000000000,s180.000000000000000
088_27,s2.450000000000000,s1.800000000000000,s180.000000000000000
088_28,s3.150000000000000,s1.800000000000000,s180.000000000000000
088_29,s3.850000000000000,s1.800000000000000,s180.000000000000000
088_30,s4.550000000000000,s1.800000000000000,s180.000000000000000
088_31,s5.250000000000000,s1.800000000000000,s180.000000000000000
088_32,s0.000000000000000,s2.000000000000000,s0.000000000000000
088_33,s0.700000000000000,s2.000000000000000,s0.000000000000000
088_34,s1.400000000000000,s2.000000000000000,s0.000000000000000
088_35,s2.100000000000000,s2.000000000000000,s0.000000000000000
088_36,s2.800000000000000,s2.000000000000000,s0.000000000000000
088_37,s3.500000000000000,s2.000000000000000,s0.000000000000000
088_38,s4.200000000000000,s2.000000000000000,s0.000000000000000
088_39,s4.900000000000000,s2.000000000000000,s0.000000000000000
088_40,s0.350000000000000,s2.800000000000000,s180.000000000000000
088_41,s1.050000000000000,s2.800000000000000,s180.000000000000000
088_42,s1.750000000000000,s2.800000000000000,s180.000000000000000
088_43,s2.450000000000000,s2.800000000000000,s180.000000000000000
088_44,s3.150000000000000,s2.800000000000000,s180.000000000000000
088_45,s3.850000000000000,s2.800000000000000,s180.000000000000000
088_46,s4.550000000000000,s2.800000000000000,s180.000000000000000
088_47,s5.250000000000000,s2.800000000000000,s180.000000000000000
088_48,s0.000000000000000,s3.000000000000000,s0.000000000000000
088_49,s0.700000000000000,s3.000000000000000,s0.000000000000000
088_50,s1.400000000000000,s3.000000000000000,s0.000000000000000
088_51,s2.100000000000000,s3.000000000000000,s0.000000000000000
088_52,s2.800000000000000,s3.000000000000000,s0.000000000000000
088_53,s3.500000000000000,s3.000000000000000,s0.000000000000000
088_54,s4.200000000000000,s3.000000000000000,s0.000000000000000
088_55,s4.900000000000000,s3.000000000000000,s0.000000000000000
088_56,s0.350000000000000,s3.800000000000000,s180.000000000000000
088_57,s1.050000000000000,s3.800000000000000,s180.000000000000000
088_58,s1.750000000000000,s3.800000000000000,s180.000000000000000
088_59,s2.450000000000000,s3.800000000000000,s180.000000000000000
088_60,s3.150000000000000,s3.800000000000000,s180.000000000000000
088_61,s3.850000000000000,s3.800000000000000,s180.000000000000000
088_62,s4.550000000000000,s3.800000000000000,s180.000000000000000
088_63,s5.250000000000000,s3.800000000000000,s180.000000000000000
088_64,s0.000000000000000,s4.000000000000000,s0.000000000000000
088_65,s0.700000000000000,s4.000000000000000,s0.000000000000000
088_66,s1.400000000000000,s4.000000000000000,s0.000000000000000
088_67,s2.100000000000000,s4.000000000000000,s0.000000000000000
088_68,s2.800000000000000,s4.000000000000000,s0.000000000000000
088_69,s3.500000000000000,s4.000000000000000,s0.000000000000000
088_70,s4.200000000000000,s4.000000000000000,s0.000000000000000
088_71,s4.900000000000000,s4.000000000000000,s0.000000000000000
088_72,s0.350000000000000,s4.800000000000000,s180.000000000000000
088_73,s1.050000000000000,s4.800000000000000,s180.000000000000000
088_74,s1.750000000000000,s4.800000000000000,s180.000000000000000
088_75,s2.450000000000000,s4.800000000000000,s180.000000000000000
088_76,s3.150000000000000,s4.800000000000000,s180.000000000000000
088_77,s3.850000000000000,s4.800000000000000,s180.000000000000000
088_78,s4.550000000000000,s4.800000000000000,s180.000000000000000
088_79,s5.250000000000000,s4.800000000000000,s180.000000000000000
088_80,s0.000000000000000,s5.000000000000000,s0.000000000000000
088_81,s0.700000000000000,s5.000000000000000,s0.000000000000000
088_82,s1.400000000000000,s5.000000000000000,s0.000000000000000
088_83,s2.100000000000000,s5.000000000000000,s0.000000000000000
088_84,s2.800000000000000,s5.000000000000000,s0.000000000000000
088_85,s3.500000000000000,s5.000000000000000,s0.000000000000000
088_86,s4.200000000000000,s5.000000000000000,s0.000000000000000
088_87,s4.900000000000000,s5.000000000000000,s0.000000000000000
089_0,s-0.055855199454155,s-0.035757841508329,s-17.871158019989231
089_1,s0.660274025998388,s-0.073066766882680,s4.067971918177525
089_2,s1.229991960729838,s0.125763382284650,s-4.926851775145487
089_3,s2.137822959541069,s-0.078363189255948,s2.832944319712553
089_4,s3.120562399314885,s0.085740085967205,s-6.700971983973369
089_5,s3.566973494821950,s0.055773995808467,s-9.919965580622209
089_6,s4.147903569560937,s-0.080153753773578,s1.669201287132928
089_7,s4.841899019939969,s-0.003408269569365,s-0.034881958035386
089_8,s0.399274169778832,s1.057793946756390,s172.405329227838564
089_9,s1.050330421862288,s0.774148411529248,s176.320424865283712
089_10,s1.745583236520705,s0.718837323230109,s179.119703803511214
089_11,s2.485129150339521,s0.669466804251080,s183.859278695685731
089_12,s3.140065702162199,s0.722946872522207,s180.267395642127639
089_13,s3.707354470926977,s0.823988658417731,s183.475568680763359
089_14,s4.668004540741043,s0.744672611163324,s174.278890320520475
089_15,s4.912892776175232,s0.984178863830373,s184.184463982889980
089_16,s0.051393227397083,s0.962159877290606,s-13.994709118390290
089_17,s0.399803646727184,s0.994432643709590,s11.033632403160635
089_18,s1.604749756974005,s1.135277653713479,s-0.159976744528526
089_19,s1.938330429514584,s0.815650453584725,s-2.360020643630330
089_20,s2.546285372500665,s1.129786283302191,s-6.503267254075161
089_21,s3.554905307241114,s1.143527950155260,s-3.263901860608203
089_22,s4.085249822273761,s0.889129604275736,s-3.818809384166266
089_23,s5.271560559692983,s1.031771070437613,s4.611880885715924
089_24,s0.282526635119597,s1.767666803385089,s184.491345927376273
089_25,s1.119665047099564,s1.856632559411168,s181.434240156979968
089_26,s1.762222729176883,s1.548032389151754,s172.088065294436262
089_27,s2.588707114694246,s1.719365378773368,s172.643525433164029
089_28,s3.140794571595048,s1.683908895969682,s185.687289294899898
089_29,s4.029990499173627,s1.890717770542796,s180.644764305690273
089_30,s4.714643479823037,s1.597362653215803,s178.095535497550173
089_31,s5.155889875514275,s1.849673883001080,s176.865878151151634
089_32,s0.164391485562384,s1.964787973206615,s7.373524852622958
089_33,s0.926698001626818,s1.780686097338978,s3.439818831390400
089_34,s1.409725455491707,s2.112948879568902,s6.674758195586000
089_35,s2.240751752279498,s1.976169997095026,s1.008992022987792
089_36,s2.873748461048968,s2.031079854439205,s1.647520507916028
089_37,s3.610271691745900,s2.329307698221969,s-5.217166224926495
089_38,s4.172731851493375,s2.065444478414466,s-1.571511686296472
089_39,s4.901445967369854,s2.080672215243065,s-3.045378592917218
089_40,s0.747307857497176,s2.777755322041720,s171.441788851512513
089_41,s0.842845784237484,s2.652186166907935,s171.335388746833701
089_42,s1.999185813764540,s2.687053483849803,s171.248495198411831
089_43,s2.330587484080862,s3.143786200024204,s183.650194498803216
089_44,s3.366176269662303,s2.562151333455295,s183.930678516600466
089_45,s3.781794531440396,s2.946964335781311,s177.790669567006489
089_46,s4.509559644251476,s2.698772285464245,s180.147405959734755
089_47,s5.247335594328496,s2.806970385707646,s178.160400067173299
089_48,s0.139391732391089,s2.831594255444543,s32.632500967412113
089_49,s0.851912318511211,s2.600901520402934,s9.215853606882600
089_50,s1.433366047560903,s2.959204828502839,s5.685890280412424
089_51,s1.991819345849723,s3.144644371195473,s1.546271120962925
089_52,s2.871638460699245,s2.968762144889872,s-0.682153481070022
089_53,s3.163623185009903,s3.084820662306051,s-10.977486956428752
089_54,s4.403195310499202,s3.001595076019209,s-6.764330563917468
089_55,s5.004592568050177,s3.074180339206130,s-2.850094128778892
089_56,s0.185379009396646,s3.632058137800285,s182.770779473531064
089_57,s1.100373200514970,s3.994399645798847,s181.606305507934422
089_58,s2.065356880277605,s4.077048844663571,s181.858354007908076
089_59,s2.502619656036231,s3.736915541482512,s180.821815899069492
089_60,s3.126184997012231,s3.908947997477971,s173.914554379349170
089_61,s4.053203561317521,s3.789822139577092,s178.051293306697858
089_62,s4.457845431659880,s3.720683072606714,s179.189547591071573
089_63,s5.253463439891772,s3.635707320707933,s175.582460109120433
089_64,s-0.018835395377023,s3.836917886440109,s1.774147047215978
089_65,s0.630913241443776,s4.116976380311036,s0.052447272419835
089_66,s1.495827802530467,s4.292186023728472,s-6.780826279168026
089_67,s2.285304515603500,s4.006570020149455,s3.484856759933266
089_68,s2.905014637433052,s4.010954765515515,s-0.303014067633005
089_69,s3.448930701527986,s4.011247169170331,s0.513099886372714
089_70,s4.118886896366356,s4.260461363248972,s2.660734932656595
089_71,s4.865093158520347,s4.044011582483620,s-7.690830973361049
089_72,s0.261389549794342,s4.713998410374390,s183.945399110793574
089_73,s1.123566982517892,s4.538789288685962,s181.586549393321150
089_74,s1.775640485272434,s4.732058351832037,s172.824864436884496
089_75,s2.533512792540197,s4.513920323554682,s185.667426221246245
089_76,s2.944685382280390,s4.686010627525445,s183.411554990229774
089_77,s3.899536552703209,s4.800657734983474,s179.269977716404782
089_78,s4.723288661939219,s4.488887802045483,s175.471025442667269
089_79,s5.085644479020272,s4.668454696269742,s178.318805848567450
089_80,s0.040999863571419,s5.011485068313440,s20.717832844958092
089_81,s0.966151455281137,s4.872289425673798,s0.645182925164704
089_82,s1.578665092581043,s5.221438356028148,s60.227765008174380
089_83,s1.957694304758373,s4.988350199984518,s40.200091612330212
089_84,s2.874772444509233,s4.892542472310035,s-3.667767404735639
089_85,s3.584129300362597,s4.931847788485504,s8.849568427069594
089_86,s4.371429796305642,s4.503745710029363,s0.452943573874244
089_87,s4.696175755483206,s5.126847086044211,s-43.576715192795888
089_88,s0.407637653298011,s5.543662229003834,s174.787154493165502
090_0,s-0.151537650953216,s0.171838221716751,s9.200933457758042
090_1,s0.730671829958187,s0.011442226150430,s-1.082518318484980
090_2,s1.413983049412111,s0.036695048571975,s4.996433503815904
090_3,s2.021476031396134,s0.035887205374074,s8.578136531215478
090_4,s2.789201792779838,s0.005276493017694,s7.646676093044055
090_5,s3.342859108092833,s0.064699067630475,s-1.173759692965966
090_6,s4.215022265492801,s0.009550403892571,s4.408524125513036
090_7,s4.684196162591684,s0.017995082197124,s6.341263816262770
090_8,s0.403778981849651,s0.844457730004689,s175.604957958697412
090_9,s0.797335040789144,s0.713310594188019,s178.766709841691124
090_10,s1.867870572085006,s0.750494509408767,s175.379989737592524
090_11,s2.341340413268493,s0.576380354083978,s171.381781421143756
090_12,s2.920281613695796,s0.932205063609941,s184.796488620848038
090_13,s3.916795391850807,s0.860754082567705,s181.170946061400571
090_14,s4.302793891765218,s0.782913758531945,s176.484527869852741
090_15,s5.134256468051909,s0.646155984664070,s181.753015042784710
090_16,s0.002016939084312,s1.060743091927994,s4.134268533724137
090_17,s0.636874807770047,s1.107311985381785,s3.413221688534244
090_18,s1.173576531936861,s0.939611810526411,s1.484917817371792
090_19,s1.934550211405408,s0.817870610557819,s-6.580902996781874
090_20,s2.856510711406669,s1.004574006352365,s0.628062398982945
090_21,s3.325592667682473,s1.272749551767265,s-2.538278880025983
090_22,s4.318964643726165,s1.065987742284866,s-4.246176934277824
090_23,s4.557985837087166,s1.229801495177740,s7.666228703882658
090_24,s0.044611354443985,s1.680260699409801,s180.886278815502806
090_25,s1.141666415410489,s1.864083355612663,s182.684254273725969
090_26,s1.713204237874369,s2.005003206160310,s186.237489281891129
090_27,s2.541619507810573,s1.877162164740103,s179.427461029107889
090_28,s3.208341469296231,s1.526484788098308,s192.162450913465960
090_29,s3.993169476396011,s1.672138459367040,s186.209622670031592
090_30,s4.291389441371265,s1.826993151775786,s180.107549384147376
090_31,s5.148543390243491,s1.657279328641592,s179.120417795383929
090_32,s-0.123978044428976,s2.016698353970632,s-0.183598956128424
090_33,s0.941185016557393,s1.846732616147688,s5.587815827085494
090_34,s1.394411387398516,s2.281381377000805,s-8.257264220183931
090_35,s1.895493978454126,s1.897012191457010,s1.859721828223547
090_36,s2.622282933941177,s1.792434392979685,s9.722422785966247
090_37,s3.680520493280738,s1.777891720370414,s-4.653502237761702
090_38,s4.000752489248057,s2.085609596366826,s6.511653980827979
090_39,s4.943122203350152,s1.968782642394375,s9.199961030380322
090_40,s0.412237432495431,s2.804091545928982,s177.881929939944115
090_41,s1.188665803931793,s2.804467474445830,s181.125100212332200
090_42,s1.888381347780998,s3.026813673407633,s173.085581638235311
090_43,s2.468289659432499,s2.600551414895961,s185.207203017388366
090_44,s2.779351820865507,s2.800798132838785,s185.514565482732252
090_45,s3.994930998356473,s2.991638299106003,s180.954513748122736
090_46,s4.319818254139586,s2.574142661557916,s184.643730929905416
090_47,s5.061800245853822,s3.016161150454813,s180.789222268414250
090_48,s-0.061285644277024,s3.138557187086379,s2.403829933034139
090_49,s0.898566941788902,s3.080568993839791,s3.999593743878652
090_50,s1.572025261099167,s3.143133660703821,s4.100426691097562
090_51,s2.039289144516868,s3.349275572049377,s-12.140346231788476
090_52,s2.514010730099507,s3.062101668980393,s-1.351624117757320
090_53,s3.327767884293372,s3.082497719656168,s-6.180727101698309
090_54,s4.481562391142426,s3.126672084145120,s4.714344228868334
090_55,s4.729652743295349,s2.916376715686913,s0.332068422017393
090_56,s0.560569275129620,s3.716466051240861,s187.081791526336701
090_57,s1.241301010150409,s4.026470911715916,s177.374206880318695
090_58,s1.669774924285306,s3.692989929634883,s184.601282730494574
090_59,s2.239552948270115,s3.748588424566750,s178.691613613460049
090_60,s2.974711984355639,s3.746495130878070,s182.177911601295534
090_61,s3.859133405977795,s3.850753770357940,s181.118629281805795
090_62,s4.730076792009914,s3.767966216010801,s178.421377094668884
090_63,s5.123046373009047,s3.646471982795827,s171.620531164332704
090_64,s-0.136721776068509,s4.161903558189848,s8.766286952201810
090_65,s0.900547507598569,s4.004945773880321,s-11.506816797619997
090_66,s1.204615382058300,s4.025023820400881,s1.333206529466691
090_67,s2.012591760702272,s3.993422146711064,s-4.037354790381620
090_68,s2.661844945661560,s3.901465218754341,s2.244429635300290
090_69,s3.738115936982300,s4.004490509524516,s-1.765791766182965
090_70,s3.923722233743056,s3.917090134464032,s-6.301694609764775
090_71,s4.884677183078642,s4.112192835267320,s-2.973871623470773
090_72,s0.672692835368843,s4.661051174429677,s185.747173284367420
090_73,s1.315595417178668,s4.641958655563100,s175.071122339860494
090_74,s1.860962424426277,s4.946505619427163,s183.303233767747599
090_75,s2.468399943100977,s5.054563334930690,s175.782288517251345
090_76,s2.967591880019354,s4.634761459715421,s173.277928878076779
090_77,s3.653333444970031,s4.560722199916774,s181.440078299839826
090_78,s4.653221317480090,s5.027885585935657,s173.132274515072737
090_79,s5.278228611367064,s4.671999327533532,s181.841114232867398
090_80,s0.049658865888074,s4.992382454620527,s-0.321575712154470
090_81,s0.689825745305577,s4.948250689766483,s1.151025558538403
090_82,s1.460920539474260,s5.043244142377605,s-2.869774697494184
090_83,s1.750602205836968,s5.119711084777288,s0.646424566506110
090_84,s2.825238656855069,s4.637777825457291,s-8.443736036340814
090_85,s3.359973596241731,s4.977182422374346,s-0.468613305842270
090_86,s4.099677493932978,s5.106419135448859,s-2.350737449881045
090_87,s4.995119670160802,s5.133796433568730,s-15.091982078977635
090_88,s0.266573797560063,s5.708271994398915,s177.821141773464660
090_89,s0.878687611182072,s5.449371461368172,s179.020503469756022
091_0,s0.000000000000000,s0.000000000000000,s0.000000000000000
091_1,s0.700000000000000,s0.000000000000000,s0.000000000000000
091_2,s1.400000000000000,s0.000000000000000,s0.000000000000000
091_3,s2.100000000000000,s0.000000000000000,s0.000000000000000
091_4,s2.800000000000000,s0.000000000000000,s0.000000000000000
091_5,s3.500000000000000,s0.000000000000000,s0.000000000000000
091_6,s4.200000000000000,s0.000000000000000,s0.000000000000000
091_7,s4.900000000000000,s0.000000000000000,s0.000000000000000
091_8,s0.350000000000000,s0.800000000000000,s180.000000000000000
091_9,s1.050000000000000,s0.800000000000000,s180.000000000000000
091_10,s1.750000000000000,s0.800000000000000,s180.000000000000000
091_11,s2.450000000000000,s0.800000000000000,s180.000000000000000
091_12,s3.150000000000000,s0.800000000000000,s180.000000000000000
091_13,s3.850000000000000,s0.800000000000000,s180.000000000000000
091_14,s4.550000000000000,s0.800000000000000,s180.000000000000000
091_15,s5.250000000000000,s0.800000000000000,s180.000000000000000
091_16,s0.000000000000000,s1.000000000000000,s0.000000000000000
091_17,s0.700000000000000,s1.000000000000000,s0.000000000000000
091_18,s1.400000000000000,s1.000000000000000,s0.000000000000000
091_19,s2.100000000000000,s1.000000000000000,s0.000000000000000
091_20,s2.800000000000000,s1.000000000000000,s0.000000000000000
091_21,s3.500000000000000,s1.000000000000000,s0.000000000000000
091_22,s4.200000000000000,s1.000000000000000,s0.000000000000000
091_23,s4.900000000000000,s1.000000000000000,s0.000000000000000
091_24,s0.350000000000000,s1.800000000000000,s180.000000000000000
091_25,s1.050000000000000,s1.800000000000000,s180.000000000000000
091_26,s1.750000000000000,s1.800000000000000,s180.000000000000000
091_27,s2.450000000000000,s1.800000000000000,s180.000000000000000
091_28,s3.150000000000000,s1.800000000000000,s180.000000000000000
091_29,s3.850000000000000,s1.800000000000000,s180.000000000000000
091_30,s4.550000000000000,s1.800000000000000,s180.000000000000000
091_31,s5.250000000000000,s1.800000000000000,s180.000000000000000
091_32,s0.000000000000000,s2.000000000000000,s0.000000000000000
091_33,s0.700000000000000,s2.000000000000000,s0.000000000000000
091_34,s1.400000000000000,s2.000000000000000,s0.000000000000000
091_35,s2.100000000000000,s2.000000000000000,s0.000000000000000
091_36,s2.800000000000000,s2.000000000000000,s0.000000000000000
091_37,s3.500000000000000,s2.000000000000000,s0.000000000000000
091_38,s4.200000000000000,s2.000000000000000,s0.000000000000000
091_39,s4.900000000000000,s2.000000000000000,s0.000000000000000
091_40,s0.350000000000000,s2.800000000000000,s180.000000000000000
091_41,s1.050000000000000,s2.800000000000000,s180.000000000000000
091_42,s1.750000000000000,s2.800000000000000,s180.000000000000000
091_43,s2.450000000000000,s2.800000000000000,s180.000000000000000
091_44,s3.150000000000000,s2.800000000000000,s180.000000000000000
091_45,s3.850000000000000,s2.800000000000000,s180.000000000000000
091_46,s4.550000000000000,s2.800000000000000,s180.000000000000000
091_47,s5.250000000000000,s2.800000000000000,s180.000000000000000
091_48,s0.000000000000000,s3.000000000000000,s0.000000000000000
091_49,s0.700000000000000,s3.000000000000000,s0.000000000000000
091_50,s1.400000000000000,s3.000000000000000,s0.000000000000000
091_51,s2.100000000000000,s3.000000000000000,s0.000000000000000
091_52,s2.800000000000000,s3.000000000000000,s0.000000000000000
091_53,s3.500000000000000,s3.000000000000000,s0.000000000000000
091_54,s4.200000000000000,s3.000000000000000,s0.000000000000000
091_55,s4.900000000000000,s3.000000000000000,s0.000000000000000
091_56,s0.350000000000000,s3.800000000000000,s180.000000000000000
091_57,s1.050000000000000,s3.800000000000000,s180.000000000000000
091_58,s1.750000000000000,s3.800000000000000,s180.000000000000000
091_59,s2.450000000000000,s3.800000000000000,s180.000000000000000
091_60,s3.150000000000000,s3.800000000000000,s180.000000000000000
091_61,s3.850000000000000,s3.800000000000000,s180.000000000000000
091_62,s4.550000000000000,s3.800000000000000,s180.000000000000000
091_63,s5.250000000000000,s3.800000000000000,s180.000000000000000
091_64,s0.000000000000000,s4.000000000000000,s0.000000000000000
091_65,s0.700000000000000,s4.000000000000000,s0.000000000000000
091_66,s1.400000000000000,s4.000000000000000,s0.000000000000000
091_67,s2.100000000000000,s4.000000000000000,s0.000000000000000
091_68,s2.800000000000000,s4.000000000000000,s0.000000000000000
091_69,s3.500000000000000,s4.000000000000000,s0.000000000000000
091_70,s4.200000000000000,s4.000000000000000,s0.000000000000000
091_71,s4.900000000000000,s4.000000000000000,s0.000000000000000
091_72,s0.350000000000000,s4.800000000000000,s180.000000000000000
091_73,s1.050000000000000,s4.800000000000000,s180.000000000000000
091_74,s1.750000000000000,s4.800000000000000,s180.000000000000000
091_75,s2.450000000000000,s4.800000000000000,s180.000000000000000
091_76,s3.150000000000000,s4.800000000000000,s180.000000000000000
091_77,s3.850000000000000,s4.800000000000000,s180.000000000000000
091_78,s4.550000000000000,s4.800000000000000,s180.000000000000000
091_79,s5.250000000000000,s4.800000000000000,s180.000000000000000
091_80,s0.000000000000000,s5.000000000000000,s0.000000000000000
091_81,s0.700000000000000,s5.000000000000000,s0.000000000000000
091_82,s1.400000000000000,s5.000000000000000,s0.000000000000000
091_83,s2.100000000000000,s5.000000000000000,s0.000000000000000
091_84,s2.800000000000000,s5.000000000000000,s0.000000000000000
091_85,s3.500000000000000,s5.000000000000000,s0.000000000000000
091_86,s4.200000000000000,s5.000000000000000,s0.000000000000000
091_87,s4.900000000000000,s5.000000000000000,s0.000000000000000
091_88,s0.350000000000000,s5.800000000000000,s180.000000000000000
091_89,s1.050000000000000,s5.800000000000000,s180.000000000000000
091_90,s1.750000000000000,s5.800000000000000,s180.000000000000000
092_0,s0.000000000000000,s0.000000000000000,s0.000000000000000
092_1,s0.700000000000000,s0.000000000000000,s0.000000000000000
092_2,s1.400000000000000,s0.000000000000000,s0.000000000000000
092_3,s2.100000000000000,s0.000000000000000,s0.000000000000000
092_4,s2.800000000000000,s0.000000000000000,s0.000000000000000
092_5,s3.500000000000000,s0.000000000000000,s0.000000000000000
092_6,s4.200000000000000,s0.000000000000000,s0.000000000000000
092_7,s4.900000000000000,s0.000000000000000,s0.000000000000000
092_8,s0.350000000000000,s0.800000000000000,s180.000000000000000
092_9,s1.050000000000000,s0.800000000000000,s180.000000000000000
092_10,s1.750000000000000,s0.800000000000000,s180.000000000000000
092_11,s2.450000000000000,s0.800000000000000,s180.000000000000000
092_12,s3.150000000000000,s0.800000000000000,s180.000000000000000
092_13,s3.850000000000000,s0.800000000000000,s180.000000000000000
092_14,s4.550000000000000,s0.800000000000000,s180.000000000000000
092_15,s5.250000000000000,s0.800000000000000,s180.000000000000000
092_16,s0.000000000000000,s1.000000000000000,s0.000000000000000
092_17,s0.700000000000000,s1.000000000000000,s0.000000000000000
092_18,s1.400000000000000,s1.000000000000000,s0.000000000000000
092_19,s2.100000000000000,s1.000000000000000,s0.000000000000000
092_20,s2.800000000000000,s1.000000000000000,s0.000000000000000
092_21,s3.500000000000000,s1.000000000000000,s0.000000000000000
092_22,s4.200000000000000,s1.000000000000000,s0.000000000000000
092_23,s4.900000000000000,s1.000000000000000,s0.000000000000000
092_24,s0.350000000000000,s1.800000000000000,s180.000000000000000
092_25,s1.050000000000000,s1.800000000000000,s180.000000000000000
092_26,s1.750000000000000,s1.800000000000000,s180.000000000000000
092_27,s2.450000000000000,s1.800000000000000,s180.000000000000000
092_28,s3.150000000000000,s1.800000000000000,s180.000000000000000
092_29,s3.850000000000000,s1.800000000000000,s180.000000000000000
092_30,s4.550000000000000,s1.800000000000000,s180.000000000000000
092_31,s5.250000000000000,s1.800000000000000,s180.000000000000000
092_32,s0.000000000000000,s2.000000000000000,s0.000000000000000
092_33,s0.700000000000000,s2.000000000000000,s0.000000000000000
092_34,s1.400000000000000,s2.000000000000000,s0.000000000000000
092_35,s2.100000000000000,s2.000000000000000,s0.000000000000000
092_36,s2.800000000000000,s2.000000000000000,s0.000000000000000
092_37,s3.500000000000000,s2.000000000000000,s0.000000000000000
092_38,s4.200000000000000,s2.000000000000000,s0.000000000000000
092_39,s4.900000000000000,s2.000000000000000,s0.000000000000000
092_40,s0.350000000000000,s2.800000000000000,s180.000000000000000
092_41,s1.050000000000000,s2.800000000000000,s180.000000000000000
092_42,s1.750000000000000,s2.800000000000000,s180.000000000000000
092_43,s2.450000000000000,s2.800000000000000,s180.000000000000000
092_44,s3.150000000000000,s2.800000000000000,s180.000000000000000
092_45,s3.850000000000000,s2.800000000000000,s180.000000000000000
092_46,s4.550000000000000,s2.800000000000000,s180.000000000000000
092_47,s5.250000000000000,s2.800000000000000,s180.000000000000000
092_48,s0.000000000000000,s3.000000000000000,s0.000000000000000
092_49,s0.700000000000000,s3.000000000000000,s0.000000000000000
092_50,s1.400000000000000,s3.000000000000000,s0.000000000000000
092_51,s2.100000000000000,s3.000000000000000,s0.000000000000000
092_52,s2.800000000000000,s3.000000000000000,s0.000000000000000
092_53,s3.500000000000000,s3.000000000000000,s0.000000000000000
092_54,s4.200000000000000,s3.000000000000000,s0.000000000000000
092_55,s4.900000000000000,s3.000000000000000,s0.000000000000000
092_56,s0.350000000000000,s3.800000000000000,s180.000000000000000
092_57,s1.050000000000000,s3.800000000000000,s180.000000000000000
092_58,s1.750000000000000,s3.800000000000000,s180.000000000000000
092_59,s2.450000000000000,s3.800000000000000,s180.000000000000000
092_60,s3.150000000000000,s3.800000000000000,s180.000000000000000
092_61,s3.850000000000000,s3.800000000000000,s180.000000000000000
092_62,s4.550000000000000,s3.800000000000000,s180.000000000000000
092_63,s5.250000000000000,s3.800000000000000,s180.000000000000000
092_64,s0.000000000000000,s4.000000000000000,s0.000000000000000
092_65,s0.700000000000000,s4.000000000000000,s0.000000000000000
092_66,s1.400000000000000,s4.000000000000000,s0.000000000000000
092_67,s2.100000000000000,s4.000000000000000,s0.000000000000000
092_68,s2.800000000000000,s4.000000000000000,s0.000000000000000
092_69,s3.500000000000000,s4.000000000000000,s0.000000000000000
092_70,s4.200000000000000,s4.000000000000000,s0.000000000000000
092_71,s4.900000000000000,s4.000000000000000,s0.000000000000000
092_72,s0.350000000000000,s4.800000000000000,s180.000000000000000
092_73,s1.050000000000000,s4.800000000000000,s180.000000000000000
092_74,s1.750000000000000,s4.800000000000000,s180.000000000000000
092_75,s2.450000000000000,s4.800000000000000,s180.000000000000000
092_76,s3.150000000000000,s4.800000000000000,s180.000000000000000
092_77,s3.850000000000000,s4.800000000000000,s180.000000000000000
092_78,s4.550000000000000,s4.800000000000000,s180.000000000000000
092_79,s5.250000000000000,s4.800000000000000,s180.000000000000000
092_80,s0.000000000000000,s5.000000000000000,s0.000000000000000
092_81,s0.700000000000000,s5.000000000000000,s0.000000000000000
092_82,s1.400000000000000,s5.000000000000000,s0.000000000000000
092_83,s2.100000000000000,s5.000000000000000,s0.000000000000000
092_84,s2.800000000000000,s5.000000000000000,s0.000000000000000
092_85,s3.500000000000000,s5.000000000000000,s0.000000000000000
092_86,s4.200000000000000,s5.000000000000000,s0.000000000000000
092_87,s4.900000000000000,s5.000000000000000,s0.000000000000000
092_88,s0.350000000000000,s5.800000000000000,s180.000000000000000
092_89,s1.050000000000000,s5.800000000000000,s180.000000000000000
092_90,s1.750000000000000,s5.800000000000000,s180.000000000000000
092_91,s2.450000000000000,s5.800000000000000,s180.000000000000000
093_0,s0.000000000000000,s0.000000000000000,s0.000000000000000
093_1,s0.700000000000000,s0.000000000000000,s0.000000000000000
093_2,s1.400000000000000,s0.000000000000000,s0.000000000000000
093_3,s2.100000000000000,s0.000000000000000,s0.000000000000000
093_4,s2.800000000000000,s0.000000000000000,s0.000000000000000
093_5,s3.500000000000000,s0.000000000000000,s0.000000000000000
093_6,s4.200000000000000,s0.000000000000000,s0.000000000000000
093_7,s4.900000000000000,s0.000000000000000,s0.000000000000000
093_8,s0.350000000000000,s0.800000000000000,s180.000000000000000
093_9,s1.050000000000000,s0.800000000000000,s180.000000000000000
093_10,s1.750000000000000,s0.800000000000000,s180.000000000000000
093_11,s2.450000000000000,s0.800000000000000,s180.000000000000000
093_12,s3.150000000000000,s0.800000000000000,s180.000000000000000
093_13,s3.850000000000000,s0.800000000000000,s180.000000000000000
093_14,s4.550000000000000,s0.800000000000000,s180.000000000000000
093_15,s5.250000000000000,s0.800000000000000,s180.000000000000000
093_16,s0.000000000000000,s1.000000000000000,s0.000000000000000
093_17,s0.700000000000000,s1.000000000000000,s0.000000000000000
093_18,s1.400000000000000,s1.000000000000000,s0.000000000000000
093_19,s2.100000000000000,s1.000000000000000,s0.000000000000000
093_20,s2.800000000000000,s1.000000000000000,s0.000000000000000
093_21,s3.500000000000000,s1.000000000000000,s0.000000000000000
093_22,s4.200000000000000,s1.000000000000000,s0.000000000000000
093_23,s4.900000000000000,s1.000000000000000,s0.000000000000000
093_24,s0.350000000000000,s1.800000000000000,s180.000000000000000
093_25,s1.050000000000000,s1.800000000000000,s180.000000000000000
093_26,s1.750000000000000,s1.800000000000000,s180.000000000000000
093_27,s2.450000000000000,s1.800000000000000,s180.000000000000000
093_28,s3.150000000000000,s1.800000000000000,s180.000000000000000
093_29,s3.850000000000000,s1.800000000000000,s180.000000000000000
093_30,s4.550000000000000,s1.800000000000000,s180.000000000000000
093_31,s5.250000000000000,s1.800000000000000,s180.000000000000000
093_32,s0.000000000000000,s2.000000000000000,s0.000000000000000
093_33,s0.700000000000000,s2.000000000000000,s0.000000000000000
093_34,s1.400000000000000,s2.000000000000000,s0.000000000000000
093_35,s2.100000000000000,s2.000000000000000,s0.000000000000000
093_36,s2.800000000000000,s2.000000000000000,s0.000000000000000
093_37,s3.500000000000000,s2.000000000000000,s0.000000000000000
093_38,s4.200000000000000,s2.000000000000000,s0.000000000000000
093_39,s4.900000000000000,s2.000000000000000,s0.000000000000000
093_40,s0.350000000000000,s2.800000000000000,s180.000000000000000
093_41,s1.050000000000000,s2.800000000000000,s180.000000000000000
093_42,s1.750000000000000,s2.800000000000000,s180.000000000000000
093_43,s2.450000000000000,s2.800000000000000,s180.000000000000000
093_44,s3.150000000000000,s2.800000000000000,s180.000000000000000
093_45,s3.850000000000000,s2.800000000000000,s180.000000000000000
093_46,s4.550000000000000,s2.800000000000000,s180.000000000000000
093_47,s5.250000000000000,s2.800000000000000,s180.000000000000000
093_48,s0.000000000000000,s3.000000000000000,s0.000000000000000
093_49,s0.700000000000000,s3.000000000000000,s0.000000000000000
093_50,s1.400000000000000,s3.000000000000000,s0.000000000000000
093_51,s2.100000000000000,s3.000000000000000,s0.000000000000000
093_52,s2.800000000000000,s3.000000000000000,s0.000000000000000
093_53,s3.500000000000000,s3.000000000000000,s0.000000000000000
093_54,s4.200000000000000,s3.000000000000000,s0.000000000000000
093_55,s4.900000000000000,s3.000000000000000,s0.000000000000000
093_56,s0.350000000000000,s3.800000000000000,s180.000000000000000
093_57,s1.050000000000000,s3.800000000000000,s180.000000000000000
093_58,s1.750000000000000,s3.800000000000000,s180.000000000000000
093_59,s2.450000000000000,s3.800000000000000,s180.000000000000000
093_60,s3.150000000000000,s3.800000000000000,s180.000000000000000
093_61,s3.850000000000000,s3.800000000000000,s180.000000000000000
093_62,s4.550000000000000,s3.800000000000000,s180.000000000000000
093_63,s5.250000000000000,s3.800000000000000,s180.000000000000000
093_64,s0.000000000000000,s4.000000000000000,s0.000000000000000
093_65,s0.700000000000000,s4.000000000000000,s0.000000000000000
093_66,s1.400000000000000,s4.000000000000000,s0.000000000000000
093_67,s2.100000000000000,s4.000000000000000,s0.000000000000000
093_68,s2.800000000000000,s4.000000000000000,s0.000000000000000
093_69,s3.500000000000000,s4.000000000000000,s0.000000000000000
093_70,s4.200000000000000,s4.000000000000000,s0.000000000000000
093_71,s4.900000000000000,s4.000000000000000,s0.000000000000000
093_72,s0.350000000000000,s4.800000000000000,s180.000000000000000
093_73,s1.050000000000000,s4.800000000000000,s180.000000000000000
093_74,s1.750000000000000,s4.800000000000000,s180.000000000000000
093_75,s2.450000000000000,s4.800000000000000,s180.000000000000000
093_76,s3.150000000000000,s4.800000000000000,s180.000000000000000
093_77,s3.850000000000000,s4.800000000000000,s180.000000000000000
093_78,s4.550000000000000,s4.800000000000000,s180.000000000000000
093_79,s5.250000000000000,s4.800000000000000,s180.000000000000000
093_80,s0.000000000000000,s5.000000000000000,s0.000000000000000
093_81,s0.700000000000000,s5.000000000000000,s0.000000000000000
093_82,s1.400000000000000,s5.000000000000000,s0.000000000000000
093_83,s2.100000000000000,s5.000000000000000,s0.000000000000000
093_84,s2.800000000000000,s5.000000000000000,s0.000000000000000
093_85,s3.500000000000000,s5.000000000000000,s0.000000000000000
093_86,s4.200000000000000,s5.000000000000000,s0.000000000000000
093_87,s4.900000000000000,s5.000000000000000,s0.000000000000000
093_88,s0.350000000000000,s5.800000000000000,s180.000000000000000
093_89,s1.050000000000000,s5.800000000000000,s180.000000000000000
093_90,s1.750000000000000,s5.800000000000000,s180.000000000000000
093_91,s2.450000000000000,s5.800000000000000,s180.000000000000000
093_92,s3.150000000000000,s5.800000000000000,s180.000000000000000
094_0,s0.000000000000000,s0.000000000000000,s0.000000000000000
094_1,s0.700000000000000,s0.000000000000000,s0.000000000000000
094_2,s1.400000000000000,s0.000000000000000,s0.000000000000000
094_3,s2.100000000000000,s0.000000000000000,s0.000000000000000
094_4,s2.800000000000000,s0.000000000000000,s0.000000000000000
094_5,s3.500000000000000,s0.000000000000000,s0.000000000000000
094_6,s4.200000000000000,s0.000000000000000,s0.000000000000000
094_7,s4.900000000000000,s0.000000000000000,s0.000000000000000
094_8,s0.350000000000000,s0.800000000000000,s180.000000000000000
094_9,s1.050000000000000,s0.800000000000000,s180.000000000000000
094_10,s1.750000000000000,s0.800000000000000,s180.000000000000000
094_11,s2.450000000000000,s0.800000000000000,s180.000000000000000
094_12,s3.150000000000000,s0.800000000000000,s180.000000000000000
094_13,s3.850000000000000,s0.800000000000000,s180.000000000000000
094_14,s4.550000000000000,s0.800000000000000,s180.000000000000000
094_15,s5.250000000000000,s0.800000000000000,s180.000000000000000
094_16,s0.000000000000000,s1.000000000000000,s0.000000000000000
094_17,s0.700000000000000,s1.000000000000000,s0.000000000000000
094_18,s1.400000000000000,s1.000000000000000,s0.000000000000000
094_19,s2.100000000000000,s1.000000000000000,s0.000000000000000
094_20,s2.800000000000000,s1.000000000000000,s0.000000000000000
094_21,s3.500000000000000,s1.000000000000000,s0.000000000000000
094_22,s4.200000000000000,s1.000000000000000,s0.000000000000000
094_23,s4.900000000000000,s1.000000000000000,s0.000000000000000
094_24,s0.350000000000000,s1.800000000000000,s180.000000000000000
094_25,s1.050000000000000,s1.800000000000000,s180.000000000000000
094_26,s1.750000000000000,s1.800000000000000,s180.000000000000000
094_27,s2.450000000000000,s1.800000000000000,s180.000000000000000
094_28,s3.150000000000000,s1.800000000000000,s180.000000000000000
094_29,s3.850000000000000,s1.800000000000000,s180.000000000000000
094_30,s4.550000000000000,s1.800000000000000,s180.000000000000000
094_31,s5.250000000000000,s1.800000000000000,s180.000000000000000
094_32,s0.000000000000000,s2.000000000000000,s0.000000000000000
094_33,s0.700000000000000,s2.000000000000000,s0.000000000000000
094_34,s1.400000000000000,s2.000000000000000,s0.000000000000000
094_35,s2.100000000000000,s2.000000000000000,s0.000000000000000
094_36,s2.800000000000000,s2.000000000000000,s0.000000000000000
094_37,s3.500000000000000,s2.000000000000000,s0.000000000000000
094_38,s4.200000000000000,s2.000000000000000,s0.000000000000000
094_39,s4.900000000000000,s2.000000000000000,s0.000000000000000
094_40,s0.350000000000000,s2.800000000000000,s180.000000000000000
094_41,s1.050000000000000,s2.800000000000000,s180.000000000000000
094_42,s1.750000000000000,s2.800000000000000,s180.000000000000000
094_43,s2.450000000000000,s2.800000000000000,s180.000000000000000
094_44,s3.150000000000000,s2.800000000000000,s180.000000000000000
094_45,s3.850000000000000,s2.800000000000000,s180.000000000000000
094_46,s4.550000000000000,s2.800000000000000,s180.000000000000000
094_47,s5.250000000000000,s2.800000000000000,s180.000000000000000
094_48,s0.000000000000000,s3.000000000000000,s0.000000000000000
094_49,s0.700000000000000,s3.000000000000000,s0.000000000000000
094_50,s1.400000000000000,s3.000000000000000,s0.000000000000000
094_51,s2.100000000000000,s3.000000000000000,s0.000000000000000
094_52,s2.800000000000000,s3.000000000000000,s0.000000000000000
094_53,s3.500000000000000,s3.000000000000000,s0.000000000000000
094_54,s4.200000000000000,s3.000000000000000,s0.000000000000000
094_55,s4.900000000000000,s3.000000000000000,s0.000000000000000
094_56,s0.350000000000000,s3.800000000000000,s180.000000000000000
094_57,s1.050000000000000,s3.800000000000000,s180.000000000000000
094_58,s1.750000000000000,s3.800000000000000,s180.000000000000000
094_59,s2.450000000000000,s3.800000000000000,s180.000000000000000
094_60,s3.150000000000000,s3.800000000000000,s180.000000000000000
094_61,s3.850000000000000,s3.800000000000000,s180.000000000000000
094_62,s4.550000000000000,s3.800000000000000,s180.000000000000000
094_63,s5.250000000000000,s3.800000000000000,s180.000000000000000
094_64,s0.000000000000000,s4.000000000000000,s0.000000000000000
094_65,s0.700000000000000,s4.000000000000000,s0.000000000000000
094_66,s1.400000000000000,s4.000000000000000,s0.000000000000000
094_67,s2.100000000000000,s4.000000000000000,s0.000000000000000
094_68,s2.800000000000000,s4.000000000000000,s0.000000000000000
094_69,s3.500000000000000,s4.000000000000000,s0.000000000000000
094_70,s4.200000000000000,s4.000000000000000,s0.000000000000000
094_71,s4.900000000000000,s4.000000000000000,s0.000000000000000
094_72,s0.350000000000000,s4.800000000000000,s180.000000000000000
094_73,s1.050000000000000,s4.800000000000000,s180.000000000000000
094_74,s1.750000000000000,s4.800000000000000,s180.000000000000000
094_75,s2.450000000000000,s4.800000000000000,s180.000000000000000
094_76,s3.150000000000000,s4.800000000000000,s180.000000000000000
094_77,s3.850000000000000,s4.800000000000000,s180.000000000000000
094_78,s4.550000000000000,s4.800000000000000,s180.000000000000000
094_79,s5.250000000000000,s4.800000000000000,s180.000000000000000
094_80,s0.000000000000000,s5.000000000000000,s0.000000000000000
094_81,s0.700000000000000,s5.000000000000000,s0.000000000000000
094_82,s1.400000000000000,s5.000000000000000,s0.000000000000000
094_83,s2.100000000000000,s5.000000000000000,s0.000000000000000
094_84,s2.800000000000000,s5.000000000000000,s0.000000000000000
094_85,s3.500000000000000,s5.000000000000000,s0.000000000000000
094_86,s4.200000000000000,s5.000000000000000,s0.000000000000000
094_87,s4.900000000000000,s5.000000000000000,s0.000000000000000
094_88,s0.350000000000000,s5.800000000000000,s180.000000000000000
094_89,s1.050000000000000,s5.800000000000000,s180.000000000000000
094_90,s1.750000000000000,s5.800000000000000,s180.000000000000000
094_91,s2.450000000000000,s5.800000000000000,s180.000000000000000
094_92,s3.150000000000000,s5.800000000000000,s180.000000000000000
094_93,s3.850000000000000,s5.800000000000000,s180.000000000000000
095_0,s0.000000000000000,s0.000000000000000,s0.000000000000000
095_1,s0.700000000000000,s0.000000000000000,s0.000000000000000
095_2,s1.400000000000000,s0.000000000000000,s0.000000000000000
095_3,s2.100000000000000,s0.000000000000000,s0.000000000000000
095_4,s2.800000000000000,s0.000000000000000,s0.000000000000000
095_5,s3.500000000000000,s0.000000000000000,s0.000000000000000
095_6,s4.200000000000000,s0.000000000000000,s0.000000000000000
095_7,s4.900000000000000,s0.000000000000000,s0.000000000000000
095_8,s0.350000000000000,s0.800000000000000,s180.000000000000000
095_9,s1.050000000000000,s0.800000000000000,s180.000000000000000
095_10,s1.750000000000000,s0.800000000000000,s180.000000000000000
095_11,s2.450000000000000,s0.800000000000000,s180.000000000000000
095_12,s3.150000000000000,s0.800000000000000,s180.000000000000000
095_13,s3.850000000000000,s0.800000000000000,s180.000000000000000
095_14,s4.550000000000000,s0.800000000000000,s180.000000000000000
095_15,s5.250000000000000,s0.800000000000000,s180.000000000000000
095_16,s0.000000000000000,s1.000000000000000,s0.000000000000000
095_17,s0.700000000000000,s1.000000000000000,s0.000000000000000
095_18,s1.400000000000000,s1.000000000000000,s0.000000000000000
095_19,s2.100000000000000,s1.000000000000000,s0.000000000000000
095_20,s2.800000000000000,s1.000000000000000,s0.000000000000000
095_21,s3.500000000000000,s1.000000000000000,s0.000000000000000
095_22,s4.200000000000000,s1.000000000000000,s0.000000000000000
095_23,s4.900000000000000,s1.000000000000000,s0.000000000000000
095_24,s0.350000000000000,s1.800000000000000,s180.000000000000000
095_25,s1.050000000000000,s1.800000000000000,s180.000000000000000
095_26,s1.750000000000000,s1.800000000000000,s180.000000000000000
095_27,s2.450000000000000,s1.800000000000000,s180.000000000000000
095_28,s3.150000000000000,s1.800000000000000,s180.000000000000000
095_29,s3.850000000000000,s1.800000000000000,s180.000000000000000
095_30,s4.550000000000000,s1.800000000000000,s180.000000000000000
095_31,s5.250000000000000,s1.800000000000000,s180.000000000000000
095_32,s0.000000000000000,s2.000000000000000,s0.000000000000000
095_33,s0.700000000000000,s2.000000000000000,s0.000000000000000
095_34,s1.400000000000000,s2.000000000000000,s0.000000000000000
095_35,s2.100000000000000,s2.000000000000000,s0.000000000000000
095_36,s2.800000000000000,s2.000000000000000,s0.000000000000000
095_37,s3.500000000000000,s2.000000000000000,s0.000000000000000
095_38,s4.200000000000000,s2.000000000000000,s0.000000000000000
095_39,s4.900000000000000,s2.000000000000000,s0.000000000000000
095_40,s0.350000000000000,s2.800000000000000,s180.000000000000000
095_41,s1.050000000000000,s2.800000000000000,s180.000000000000000
095_42,s1.750000000000000,s2.800000000000000,s180.000000000000000
095_43,s2.450000000000000,s2.800000000000000,s180.000000000000000
095_44,s3.150000000000000,s2.800000000000000,s180.000000000000000
095_45,s3.850000000000000,s2.800000000000000,s180.000000000000000
095_46,s4.550000000000000,s2.800000000000000,s180.000000000000000
095_47,s5.250000000000000,s2.800000000000000,s180.000000000000000
095_48,s0.000000000000000,s3.000000000000000,s0.000000000000000
095_49,s0.700000000000000,s3.000000000000000,s0.000000000000000
095_50,s1.400000000000000,s3.000000000000000,s0.000000000000000
095_51,s2.100000000000000,s3.000000000000000,s0.000000000000000
095_52,s2.800000000000000,s3.000000000000000,s0.000000000000000
095_53,s3.500000000000000,s3.000000000000000,s0.000000000000000
095_54,s4.200000000000000,s3.000000000000000,s0.000000000000000
095_55,s4.900000000000000,s3.000000000000000,s0.000000000000000
095_56,s0.350000000000000,s3.800000000000000,s180.000000000000000
095_57,s1.050000000000000,s3.800000000000000,s180.000000000000000
095_58,s1.750000000000000,s3.800000000000000,s180.000000000000000
095_59,s2.450000000000000,s3.800000000000000,s180.000000000000000
095_60,s3.150000000000000,s3.800000000000000,s180.000000000000000
095_61,s3.850000000000000,s3.800000000000000,s180.000000000000000
095_62,s4.550000000000000,s3.800000000000000,s180.000000000000000
095_63,s5.250000000000000,s3.800000000000000,s180.000000000000000
095_64,s0.000000000000000,s4.000000000000000,s0.000000000000000
095_65,s0.700000000000000,s4.000000000000000,s0.000000000000000
095_66,s1.400000000000000,s4.000000000000000,s0.000000000000000
095_67,s2.100000000000000,s4.000000000000000,s0.000000000000000
095_68,s2.800000000000000,s4.000000000000000,s0.000000000000000
095_69,s3.500000000000000,s4.000000000000000,s0.000000000000000
095_70,s4.200000000000000,s4.000000000000000,s0.000000000000000
095_71,s4.900000000000000,s4.000000000000000,s0.000000000000000
095_72,s0.350000000000000,s4.800000000000000,s180.000000000000000
095_73,s1.050000000000000,s4.800000000000000,s180.000000000000000
095_74,s1.750000000000000,s4.800000000000000,s180.000000000000000
095_75,s2.450000000000000,s4.800000000000000,s180.000000000000000
095_76,s3.150000000000000,s4.800000000000000,s180.000000000000000
095_77,s3.850000000000000,s4.800000000000000,s180.000000000000000
095_78,s4.550000000000000,s4.800000000000000,s180.000000000000000
095_79,s5.250000000000000,s4.800000000000000,s180.000000000000000
095_80,s0.000000000000000,s5.000000000000000,s0.000000000000000
095_81,s0.700000000000000,s5.000000000000000,s0.000000000000000
095_82,s1.400000000000000,s5.000000000000000,s0.000000000000000
095_83,s2.100000000000000,s5.000000000000000,s0.000000000000000
095_84,s2.800000000000000,s5.000000000000000,s0.000000000000000
095_85,s3.500000000000000,s5.000000000000000,s0.000000000000000
095_86,s4.200000000000000,s5.000000000000000,s0.000000000000000
095_87,s4.900000000000000,s5.000000000000000,s0.000000000000000
095_88,s0.350000000000000,s5.800000000000000,s180.000000000000000
095_89,s1.050000000000000,s5.800000000000000,s180.000000000000000
095_90,s1.750000000000000,s5.800000000000000,s180.000000000000000
095_91,s2.450000000000000,s5.800000000000000,s180.000000000000000
095_92,s3.150000000000000,s5.800000000000000,s180.000000000000000
095_93,s3.850000000000000,s5.800000000000000,s180.000000000000000
095_94,s4.550000000000000,s5.800000000000000,s180.000000000000000
096_0,s0.027302218711086,s0.043426172787403,s-1.026112174967938
096_1,s0.608694237867982,s-0.012973428423029,s-1.963021253561530
096_2,s1.368537505095265,s0.064785111791546,s-2.871229269536374
096_3,s2.042981065960383,s0.082850385498458,s0.117613551634260
096_4,s2.880600242777127,s0.069499624572270,s-1.596137123341883
096_5,s3.475088631332847,s-0.001628269968430,s0.725215855925586
096_6,s4.161572995077444,s-0.011688538156188,s0.358828697844183
096_7,s4.866837682291353,s-0.013354388595349,s-1.072296092084969
096_8,s0.311094096473244,s0.802707433448002,s179.876374420365181
096_9,s1.111758621127233,s0.872610004984350,s179.822550109436321
096_10,s1.731214945984284,s0.853893440838413,s181.507191402247969
096_11,s2.499629359514445,s0.877561934687595,s180.980556809949036
096_12,s3.103138403579400,s0.844462042394224,s179.949972687151273
096_13,s3.799753565921493,s0.836345685264933,s182.868815691398765
096_14,s4.498149833952041,s0.891891536514071,s180.950401051486580
096_15,s5.277775536225619,s0.760227575061137,s177.111916836783337
096_16,s0.079129000092266,s1.077996241858395,s0.636087268376313
096_17,s0.730892280047205,s1.099313924652939,s-0.166431199647122
096_18,s1.372254809742965,s1.083592977139120,s-1.329325423370538
096_19,s2.021576471748718,s0.915328295883144,s-1.929952273618186
096_20,s2.733819364133110,s0.921733834690233,s-0.699351662214646
096_21,s3.412479375364453,s1.027059938343909,s-1.549703334782627
096_22,s4.243934823901832,s0.991867985845281,s-2.770110969755647
096_23,s4.905005231370504,s1.058196100127897,s0.133215316977470
096_24,s0.294379519844919,s1.741458321658324,s177.036451727991363
096_25,s0.986027319412262,s1.868931065697289,s177.824499159873739
096_26,s1.675910504394032,s1.824751560598863,s178.511910984692889
096_27,s2.449014261938790,s1.708436411067628,s182.564737844650182
096_28,s3.082763068249944,s1.821061946356046,s179.434150477753406
096_29,s3.794900910975136,s1.811620984147524,s180.496435040813139
096_30,s4.625614345143117,s1.772611218387114,s177.046344995934021
096_31,s5.340936186430776,s1.847704119803240,s181.891395620431553
096_32,s0.050039807103567,s2.095309589424025,s1.133812230358264
096_33,s0.634374605681847,s2.011678722127610,s-2.460395285551304
096_34,s1.440256495580692,s1.975318541044013,s1.473535965598175
096_35,s2.164352105892720,s2.076415960771569,s1.351543320779669
096_36,s2.885748473512219,s1.976176884293170,s-1.581115853765403
096_37,s3.589456842514618,s1.937484386119276,s0.757000957819638
096_38,s4.205996625162119,s1.918337422652946,s0.892382411835786
096_39,s4.820676618115875,s2.063624392134173,s-0.242966384598331
096_40,s0.403857874478504,s2.705920206139967,s180.028316290979888
096_41,s1.083430462599472,s2.740556621101036,s181.291902217004804
096_42,s1.778973607203929,s2.713011416926975,s179.186838119697285
096_43,s2.541887338901592,s2.752359647934900,s182.551275618023425
096_44,s3.167318257569151,s2.765123943861599,s178.669803180752410
096_45,s3.948939180932491,s2.763852044869901,s179.110446976916990
096_46,s4.581036417936963,s2.881441169559842,s180.952036709206567
096_47,s5.260645912536804,s2.872446503247797,s182.105747219709571
096_48,s0.058874569156953,s2.978780043307400,s2.007520206843590
096_49,s0.631967708048503,s2.925788367025816,s-0.891115455223767
096_50,s1.442563224552064,s2.978427278630930,s-2.122621422689489
096_51,s2.078175239830426,s3.007041387405661,s-1.970256642121948
096_52,s2.720603373544362,s2.930614623744050,s-2.054315254022035
096_53,s3.469991934382894,s3.078701718695067,s1.021403747889170
096_54,s4.210413753758488,s2.996293982259493,s-0.896131956377419
096_55,s4.921879835832966,s3.030626385438177,s2.102040728115050
096_56,s0.271457359094917,s3.749635200144322,s180.685411940067837
096_57,s1.017598298928532,s3.890092325032032,s180.060314951117988
096_58,s1.692263351761411,s3.707853782753067,s181.671640758638944
096_59,s2.455806833237843,s3.737629563146958,s182.032767028542622
096_60,s3.085916418540642,s3.739694293684032,s180.550729230653133
096_61,s3.784944637954546,s3.812093425370723,s180.114681339506177
096_62,s4.493660744004728,s3.814337098502098,s177.400259002527179
096_63,s5.252197270509707,s3.895646425864611,s182.813815614366007
096_64,s0.004595163398963,s3.942891968710839,s-1.316463336113828
096_65,s0.677966938147149,s3.978211098123954,s0.996299595822789
096_66,s1.310476186112977,s4.058976981377100,s-2.174282841046234
096_67,s2.129382306230928,s3.976806422534265,s2.849596172301133
096_68,s2.769315895490680,s3.980495655265214,s-1.670698438532117
096_69,s3.519271524143398,s4.091706105747212,s2.449416959803562
096_70,s4.246826512307951,s4.096416149811580,s-1.607980230183789
096_71,s4.915104046187349,s4.015341123885376,s1.668742809039399
096_72,s0.358161080559378,s4.878933691283216,s181.791587602244704
096_73,s1.122126372855389,s4.827132534562712,s181.031246152073720
096_74,s1.849241481580775,s4.725610618644262,s179.844945945623920
096_75,s2.485699918552108,s4.898386750074625,s179.484507150401186
096_76,s3.226311573816013,s4.867106282894554,s182.603240232519624
096_77,s3.929457127217596,s4.767281399036839,s181.265492243100283
096_78,s4.483448526659680,s4.866244071163971,s181.966038398075710
096_79,s5.229968161600746,s4.875441945841623,s181.437532243173536
096_80,s0.060318373632360,s5.024501837151689,s-2.715992830124266
096_81,s0.653292179589618,s5.062991849866748,s2.734916963545435
096_82,s1.327786151815281,s4.921377975764965,s-2.031615627008332
096_83,s2.153488950531865,s5.090481891957456,s-2.796341749386751
096_84,s2.845437859626629,s5.043990094662335,s0.954783359795316
096_85,s3.535690636660691,s5.046995889945970,s0.571372839720748
096_86,s4.178563794237876,s5.042593178730695,s-2.060793175787424
096_87,s4.957545502853758,s4.912871320328535,s1.747365080210529
096_88,s0.407572003407892,s5.712512012544911,s181.874504846367245
096_89,s0.960248528907440,s5.722226592535301,s179.195151409628863
096_90,s1.737437484282730,s5.695264616642060,s177.050937487946698
096_91,s2.507799835877592,s5.707323781216475,s182.977293997239684
096_92,s3.168207708689269,s5.722403788943920,s181.631317132042597
096_93,s3.932048951388801,s5.724524931575371,s178.265801498497495
096_94,s4.608149791031024,s5.737595400922314,s179.984610119820047
096_95,s5.427047389982142,s5.690268428809028,s177.688800829441391
097_0,s0.073558241655858,s-0.203080100141067,s-2.348058135821474
097_1,s0.533588288839153,s-0.046431981637123,s2.169257667248610
097_2,s1.296915062841375,s0.051378902313444,s-2.417758522744573
097_3,s1.965459323230097,s-0.095883071234501,s-4.362911465895395
097_4,s2.932060915266910,s0.071072961438019,s4.077826070211065
097_5,s3.556593309058229,s0.020185860379964,s-3.717665003428950
097_6,s4.142456277761109,s0.194121599155770,s0.380377765736687
097_7,s5.105299850924721,s0.056825634158047,s-0.909933792620320
097_8,s5.509534296452861,s-0.192101171806126,s5.391884679567617
097_9,s0.561587928178820,s0.985167991800100,s182.817777603445478
097_10,s1.026673843693577,s0.953102431540290,s183.135906544263520
097_11,s1.599474148131668,s0.629538183046933,s178.469313936862676
097_12,s2.551003953542258,s1.049867148763167,s180.804007501588558
097_13,s3.060315796160280,s0.903408199699908,s175.712261404156862
097_14,s3.706070784364296,s0.804319475003064,s180.307047084019757
097_15,s4.463458685768017,s0.788533272596199,s184.232022906075542
097_16,s5.398015225597620,s0.809621641126361,s174.189465003289598
097_17,s0.016651007462810,s1.021847414725891,s1.905408857593671
097_18,s0.624796407805650,s1.162641457660194,s-3.112545982457150
097_19,s1.539570829041562,s0.990974915372026,s-5.165340047134241
097_20,s2.208759031273023,s0.927866807273260,s-1.343641232900842
097_21,s2.835982612766387,s1.024326260811164,s-5.369557652866582
097_22,s3.633985554126905,s1.118423047566647,s-2.971495346808763
097_23,s4.018042996766063,s1.127624074441772,s0.316406061143074
097_24,s4.751330312223327,s0.969108109914366,s-8.267478426488157
097_25,s5.508712439452426,s1.022780732120753,s4.374823014803902
097_26,s0.159833710533364,s1.964848265410095,s181.184808907832718
097_27,s1.039980325326999,s1.595036995640911,s176.091113216667594
097_28,s1.666791352141791,s1.848064636645026,s175.578574500412486
097_29,s2.524469539844592,s1.647115379001261,s177.631293693852399
097_30,s3.067433255986069,s1.951605509175818,s185.004932336056783
097_31,s3.945050385280508,s1.727590901351991,s178.837970251839351
097_32,s4.463674956449206,s1.781030898179670,s184.669183870493640
097_33,s5.308489495717354,s1.997583920512965,s180.692891436692662
097_34,s0.213103518289969,s2.041643133287780,s3.507320833839068
097_35,s0.707139383300577,s1.949374373396879,s6.206236002501051
097_36,s1.395511108126308,s2.039758490150081,s-4.408604962737117
097_37,s2.256053159914325,s1.986331856924037,s-0.120541284275799
097_38,s2.895998653469132,s2.197652238320888,s-6.495176850329796
097_39,s3.606826526108189,s2.051454841377915,s5.535883513108669
097_40,s4.279349986781776,s2.003482152991160,s3.078350632388722
097_41,s4.775760333498379,s1.879716265900791,s2.345506482491504
097_42,s5.400268753622727,s1.954876460922889,s-0.470568093904480
097_43,s0.140275064672155,s2.888578909655431,s179.798017552661662
097_44,s1.132123950062279,s3.028832574782752,s184.636646690367030
097_45,s1.958051501590390,s3.005289750074522,s178.138352475745990
097_46,s2.339662894077476,s2.780013987777227,s181.481089371794127
097_47,s2.913144875686583,s2.738266901526120,s177.966536898169863
097_48,s3.755432340221071,s2.714225684131061,s177.917440317903498
097_49,s4.324531314931421,s2.808710006731483,s185.468470528828021
097_50,s5.417410910899835,s2.848390996194888,s183.948653724550695
097_51,s0.160849971961800,s3.098699622813350,s-3.419343015025186
097_52,s0.735769685470567,s3.213519299746229,s-1.163959599021499
097_53,s1.441874184590325,s3.019458034818550,s1.376616659318410
097_54,s2.096757925396969,s2.879992954052547,s-2.854960821375605
097_55,s2.812739600052434,s2.878187735514512,s-1.515073455417620
097_56,s3.302934126203309,s2.899372280574979,s-2.926437538745459
097_57,s4.175595523671382,s2.803253873350742,s-1.845915693652546
097_58,s4.828326488912459,s2.974321226495920,s-7.731785426489711
097_59,s5.587051511183180,s3.074878949872628,s-9.280810391625504
097_60,s0.265477944880854,s3.938926627005408,s181.723199687622781
097_61,s1.053814049745316,s3.686973331355467,s179.392799243432307
097_62,s1.817061609442401,s3.799912332603075,s184.623020632835903
097_63,s2.417479747966961,s3.568489330489459,s182.502705834369010
097_64,s3.163402927882074,s3.836109260060070,s181.259157721321600
097_65,s3.798906762251748,s3.939473099254470,s175.080311688632463
097_66,s4.666484474458191,s3.881082685875864,s180.609396248028190
097_67,s5.220353818838380,s3.854672976573905,s176.697684901652821
097_68,s0.115827295376230,s4.243828670787206,s-0.311911480992068
097_69,s0.579818902762851,s3.898956761535497,s-1.514542781175714
097_70,s1.291687598444957,s3.874162363289593,s-1.023470833494235
097_71,s2.048299635752391,s3.886685526647976,s-0.431615722221615
097_72,s2.934371662422311,s4.082512496006721,s-0.870324074093157
097_73,s3.471713229307893,s4.135124388673725,s0.703024556632180
097_74,s4.006995930939920,s3.806238441593206,s-1.328173680688566
097_75,s5.040355398210055,s3.913919498658140,s3.378342781703563
097_76,s5.560014036614205,s3.930306680967824,s-4.325555626107220
097_77,s0.204054913717208,s4.868324818843983,s184.117219120747080
097_78,s0.958690313051774,s4.852251245404821,s182.198171568435299
097_79,s1.706077972986140,s4.603541299737774,s179.514670639263215
097_80,s2.276800239149467,s4.729198347009500,s177.085725958884609
097_81,s3.046136440959552,s4.650427951275589,s177.481380787768131
097_82,s3.778011275159990,s4.647769655039524,s181.896990847407864
097_83,s4.434593826381944,s4.901301725919369,s183.009171357551566
097_84,s5.117530944143355,s4.771954999217764,s181.133290753551364
097_85,s0.212840293692283,s5.034389541523328,s-0.975090814024298
097_86,s0.744294500016519,s4.943281627118304,s-1.845147041122011
097_87,s1.479763029755505,s4.815599868267179,s-1.866119851247168
097_88,s1.918155670136529,s4.950758821023160,s7.897676307521570
097_89,s2.974872442281317,s4.790081985408949,s0.063207054875527
097_90,s3.477044869762196,s4.851689632392649,s-1.262911751020797
097_91,s4.271064880535979,s4.957183961833205,s-3.234474989243386
097_92,s4.982952228195570,s4.962005333031969,s-3.105049379349448
097_93,s5.524834451994641,s5.046376082212358,s-16.662537308750302
097_94,s0.194814908340676,s5.658732077279784,s181.217653660970967
097_95,s1.168485309406272,s5.611855877854650,s180.620902554529209
097_96,s1.881761682005873,s5.595704919211046,s176.666659895873408
098_0,s0.000000000000000,s0.000000000000000,s0.000000000000000
098_1,s0.700000000000000,s0.000000000000000,s0.000000000000000
098_2,s1.400000000000000,s0.000000000000000,s0.000000000000000
098_3,s2.100000000000000,s0.000000000000000,s0.000000000000000
098_4,s2.800000000000000,s0.000000000000000,s0.000000000000000
098_5,s3.500000000000000,s0.000000000000000,s0.000000000000000
098_6,s4.200000000000000,s0.000000000000000,s0.000000000000000
098_7,s4.900000000000000,s0.000000000000000,s0.000000000000000
098_8,s5.600000000000000,s0.000000000000000,s0.000000000000000
098_9,s0.350000000000000,s0.800000000000000,s180.000000000000000
098_10,s1.050000000000000,s0.800000000000000,s180.000000000000000
098_11,s1.750000000000000,s0.800000000000000,s180.000000000000000
098_12,s2.450000000000000,s0.800000000000000,s180.000000000000000
098_13,s3.150000000000000,s0.800000000000000,s180.000000000000000
098_14,s3.850000000000000,s0.800000000000000,s180.000000000000000
098_15,s4.550000000000000,s0.800000000000000,s180.000000000000000
098_16,s5.250000000000000,s0.800000000000000,s180.000000000000000
098_17,s0.000000000000000,s1.000000000000000,s0.000000000000000
098_18,s0.700000000000000,s1.000000000000000,s0.000000000000000
098_19,s1.400000000000000,s1.000000000000000,s0.000000000000000
098_20,s2.100000000000000,s1.000000000000000,s0.000000000000000
098_21,s2.800000000000000,s1.000000000000000,s0.000000000000000
098_22,s3.500000000000000,s1.000000000000000,s0.000000000000000
098_23,s4.200000000000000,s1.000000000000000,s0.000000000000000
098_24,s4.900000000000000,s1.000000000000000,s0.000000000000000
098_25,s5.600000000000000,s1.000000000000000,s0.000000000000000
098_26,s0.350000000000000,s1.800000000000000,s180.000000000000000
098_27,s1.050000000000000,s1.800000000000000,s180.000000000000000
098_28,s1.750000000000000,s1.800000000000000,s180.000000000000000
098_29,s2.450000000000000,s1.800000000000000,s180.000000000000000
098_30,s3.150000000000000,s1.800000000000000,s180.000000000000000
098_31,s3.850000000000000,s1.800000000000000,s180.000000000000000
098_32,s4.550000000000000,s1.800000000000000,s180.000000000000000
098_33,s5.250000000000000,s1.800000000000000,s180.000000000000000
098_34,s0.000000000000000,s2.000000000000000,s0.000000000000000
098_35,s0.700000000000000,s2.000000000000000,s0.000000000000000
098_36,s1.400000000000000,s2.000000000000000,s0.000000000000000
098_37,s2.100000000000000,s2.000000000000000,s0.000000000000000
098_38,s2.800000000000000,s2.000000000000000,s0.000000000000000
098_39,s3.500000000000000,s2.000000000000000,s0.000000000000000
098_40,s4.200000000000000,s2.000000000000000,s0.000000000000000
098_41,s4.900000000000000,s2.000000000000000,s0.000000000000000
098_42,s5.600000000000000,s2.000000000000000,s0.000000000000000
098_43,s0.350000000000000,s2.800000000000000,s180.000000000000000
098_44,s1.050000000000000,s2.800000000000000,s180.000000000000000
098_45,s1.750000000000000,s2.800000000000000,s180.000000000000000
098_46,s2.450000000000000,s2.800000000000000,s180.000000000000000
098_47,s3.150000000000000,s2.800000000000000,s180.000000000000000
098_48,s3.850000000000000,s2.800000000000000,s180.000000000000000
098_49,s4.550000000000000,s2.800000000000000,s180.000000000000000
098_50,s5.250000000000000,s2.800000000000000,s180.000000000000000
098_51,s0.000000000000000,s3.000000000000000,s0.000000000000000
098_52,s0.700000000000000,s3.000000000000000,s0.000000000000000
098_53,s1.400000000000000,s3.000000000000000,s0.000000000000000
098_54,s2.100000000000000,s3.000000000000000,s0.000000000000000
098_55,s2.800000000000000,s3.000000000000000,s0.000000000000000
098_56,s3.500000000000000,s3.000000000000000,s0.000000000000000
098_57,s4.200000000000000,s3.000000000000000,s0.000000000000000
098_58,s4.900000000000000,s3.000000000000000,s0.000000000000000
098_59,s5.600000000000000,s3.000000000000000,s0.000000000000000
098_60,s0.350000000000000,s3.800000000000000,s180.000000000000000
098_61,s1.050000000000000,s3.800000000000000,s180.000000000000000
098_62,s1.750000000000000,s3.800000000000000,s180.000000000000000
098_63,s2.450000000000000,s3.800000000000000,s180.000000000000000
098_64,s3.150000000000000,s3.800000000000000,s180.000000000000000
098_65,s3.850000000000000,s3.800000000000000,s180.000000000000000
098_66,s4.550000000000000,s3.800000000000000,s180.000000000000000
098_67,s5.250000000000000,s3.800000000000000,s180.000000000000000
098_68,s0.000000000000000,s4.000000000000000,s0.000000000000000
098_69,s0.700000000000000,s4.000000000000000,s0.000000000000000
098_70,s1.400000000000000,s4.000000000000000,s0.000000000000000
098_71,s2.100000000000000,s4.000000000000000,s0.000000000000000
098_72,s2.800000000000000,s4.000000000000000,s0.000000000000000
098_73,s3.500000000000000,s4.000000000000000,s0.000000000000000
098_74,s4.200000000000000,s4.000000000000000,s0.000000000000000
098_75,s4.900000000000000,s4.000000000000000,s0.000000000000000
098_76,s5.600000000000000,s4.000000000000000,s0.000000000000000
098_77,s0.350000000000000,s4.800000000000000,s180.000000000000000
098_78,s1.050000000000000,s4.800000000000000,s180.000000000000000
098_79,s1.750000000000000,s4.800000000000000,s180.000000000000000
098_80,s2.450000000000000,s4.800000000000000,s180.000000000000000
098_81,s3.150000000000000,s4.800000000000000,s180.000000000000000
098_82,s3.850000000000000,s4.800000000000000,s180.000000000000000
098_83,s4.550000000000000,s4.800000000000000,s180.000000000000000
098_84,s5.250000000000000,s4.800000000000000,s180.000000000000000
098_85,s0.000000000000000,s5.000000000000000,s0.000000000000000
098_86,s0.700000000000000,s5.000000000000000,s0.000000000000000
098_87,s1.400000000000000,s5.000000000000000,s0.000000000000000
098_88,s2.100000000000000,s5.000000000000000,s0.000000000000000
098_89,s2.800000000000000,s5.000000000000000,s0.000000000000000
098_90,s3.500000000000000,s5.000000000000000,s0.000000000000000
098_91,s4.200000000000000,s5.000000000000000,s0.000000000000000
098_92,s4.900000000000000,s5.000000000000000,s0.000000000000000
098_93,s5.600000000000000,s5.000000000000000,s0.000000000000000
098_94,s0.350000000000000,s5.800000000000000,s180.000000000000000
098_95,s1.050000000000000,s5.800000000000000,s180.000000000000000
098_96,s1.750000000000000,s5.800000000000000,s180.000000000000000
098_97,s2.450000000000000,s5.800000000000000,s180.000000000000000
099_0,s0.000000000000000,s0.000000000000000,s0.000000000000000
099_1,s0.700000000000000,s0.000000000000000,s0.000000000000000
099_2,s1.400000000000000,s0.000000000000000,s0.000000000000000
099_3,s2.100000000000000,s0.000000000000000,s0.000000000000000
099_4,s2.800000000000000,s0.000000000000000,s0.000000000000000
099_5,s3.500000000000000,s0.000000000000000,s0.000000000000000
099_6,s4.200000000000000,s0.000000000000000,s0.000000000000000
099_7,s4.900000000000000,s0.000000000000000,s0.000000000000000
099_8,s5.600000000000000,s0.000000000000000,s0.000000000000000
099_9,s0.350000000000000,s0.800000000000000,s180.000000000000000
099_10,s1.050000000000000,s0.800000000000000,s180.000000000000000
099_11,s1.750000000000000,s0.800000000000000,s180.000000000000000
099_12,s2.450000000000000,s0.800000000000000,s180.000000000000000
099_13,s3.150000000000000,s0.800000000000000,s180.000000000000000
099_14,s3.850000000000000,s0.800000000000000,s180.000000000000000
099_15,s4.550000000000000,s0.800000000000000,s180.000000000000000
099_16,s5.250000000000000,s0.800000000000000,s180.000000000000000
099_17,s0.000000000000000,s1.000000000000000,s0.000000000000000
099_18,s0.700000000000000,s1.000000000000000,s0.000000000000000
099_19,s1.400000000000000,s1.000000000000000,s0.000000000000000
099_20,s2.100000000000000,s1.000000000000000,s0.000000000000000
099_21,s2.800000000000000,s1.000000000000000,s0.000000000000000
099_22,s3.500000000000000,s1.000000000000000,s0.000000000000000
099_23,s4.200000000000000,s1.000000000000000,s0.000000000000000
099_24,s4.900000000000000,s1.000000000000000,s0.000000000000000
099_25,s5.600000000000000,s1.000000000000000,s0.000000000000000
099_26,s0.350000000000000,s1.800000000000000,s180.000000000000000
099_27,s1.050000000000000,s1.800000000000000,s180.000000000000000
099_28,s1.750000000000000,s1.800000000000000,s180.000000000000000
099_29,s2.450000000000000,s1.800000000000000,s180.000000000000000
099_30,s3.150000000000000,s1.800000000000000,s180.000000000000000
099_31,s3.850000000000000,s1.800000000000000,s180.000000000000000
099_32,s4.550000000000000,s1.800000000000000,s180.000000000000000
099_33,s5.250000000000000,s1.800000000000000,s180.000000000000000
099_34,s0.000000000000000,s2.000000000000000,s0.000000000000000
099_35,s0.700000000000000,s2.000000000000000,s0.000000000000000
099_36,s1.400000000000000,s2.000000000000000,s0.000000000000000
099_37,s2.100000000000000,s2.000000000000000,s0.000000000000000
099_38,s2.800000000000000,s2.000000000000000,s0.000000000000000
099_39,s3.500000000000000,s2.000000000000000,s0.000000000000000
099_40,s4.200000000000000,s2.000000000000000,s0.000000000000000
099_41,s4.900000000000000,s2.000000000000000,s0.000000000000000
099_42,s5.600000000000000,s2.000000000000000,s0.000000000000000
099_43,s0.350000000000000,s2.800000000000000,s180.000000000000000
099_44,s1.050000000000000,s2.800000000000000,s180.000000000000000
099_45,s1.750000000000000,s2.800000000000000,s180.000000000000000
099_46,s2.450000000000000,s2.800000000000000,s180.000000000000000
099_47,s3.150000000000000,s2.800000000000000,s180.000000000000000
099_48,s3.850000000000000,s2.800000000000000,s180.000000000000000
099_49,s4.550000000000000,s2.800000000000000,s180.000000000000000
099_50,s5.250000000000000,s2.800000000000000,s180.000000000000000
099_51,s0.000000000000000,s3.000000000000000,s0.000000000000000
099_52,s0.700000000000000,s3.000000000000000,s0.000000000000000
099_53,s1.400000000000000,s3.000000000000000,s0.000000000000000
099_54,s2.100000000000000,s3.000000000000000,s0.000000000000000
099_55,s2.800000000000000,s3.000000000000000,s0.000000000000000
099_56,s3.500000000000000,s3.000000000000000,s0.000000000000000
099_57,s4.200000000000000,s3.000000000000000,s0.000000000000000
099_58,s4.900000000000000,s3.000000000000000,s0.000000000000000
099_59,s5.600000000000000,s3.000000000000000,s0.000000000000000
099_60,s0.350000000000000,s3.800000000000000,s180.000000000000000
099_61,s1.050000000000000,s3.800000000000000,s180.000000000000000
099_62,s1.750000000000000,s3.800000000000000,s180.000000000000000
099_63,s2.450000000000000,s3.800000000000000,s180.000000000000000
099_64,s3.150000000000000,s3.800000000000000,s180.000000000000000
099_65,s3.850000000000000,s3.800000000000000,s180.000000000000000
099_66,s4.550000000000000,s3.800000000000000,s180.000000000000000
099_67,s5.250000000000000,s3.800000000000000,s180.000000000000000
099_68,s0.000000000000000,s4.000000000000000,s0.000000000000000
099_69,s0.700000000000000,s4.000000000000000,s0.000000000000000
099_70,s1.400000000000000,s4.000000000000000,s0.000000000000000
099_71,s2.100000000000000,s4.000000000000000,s0.000000000000000
099_72,s2.800000000000000,s4.000000000000000,s0.000000000000000
099_73,s3.500000000000000,s4.000000000000000,s0.000000000000000
099_74,s4.200000000000000,s4.000000000000000,s0.000000000000000
099_75,s4.900000000000000,s4.000000000000000,s0.000000000000000
099_76,s5.600000000000000,s4.000000000000000,s0.000000000000000
099_77,s0.350000000000000,s4.800000000000000,s180.000000000000000
099_78,s1.050000000000000,s4.800000000000000,s180.000000000000000
099_79,s1.750000000000000,s4.800000000000000,s180.000000000000000
099_80,s2.450000000000000,s4.800000000000000,s180.000000000000000
099_81,s3.150000000000000,s4.800000000000000,s180.000000000000000
099_82,s3.850000000000000,s4.800000000000000,s180.000000000000000
099_83,s4.550000000000000,s4.800000000000000,s180.000000000000000
099_84,s5.250000000000000,s4.800000000000000,s180.000000000000000
099_85,s0.000000000000000,s5.000000000000000,s0.000000000000000
099_86,s0.700000000000000,s5.000000000000000,s0.000000000000000
099_87,s1.400000000000000,s5.000000000000000,s0.000000000000000
099_88,s2.100000000000000,s5.000000000000000,s0.000000000000000
099_89,s2.800000000000000,s5.000000000000000,s0.000000000000000
099_90,s3.500000000000000,s5.000000000000000,s0.000000000000000
099_91,s4.200000000000000,s5.000000000000000,s0.000000000000000
099_92,s4.900000000000000,s5.000000000000000,s0.000000000000000
099_93,s5.600000000000000,s5.000000000000000,s0.000000000000000
099_94,s0.350000000000000,s5.800000000000000,s180.000000000000000
099_95,s1.050000000000000,s5.800000000000000,s180.000000000000000
099_96,s1.750000000000000,s5.800000000000000,s180.000000000000000
099_97,s2.450000000000000,s5.800000000000000,s180.000000000000000
099_98,s3.150000000000000,s5.800000000000000,s180.000000000000000
100_0,s0.000000000000000,s0.000000000000000,s0.000000000000000
100_1,s0.700000000000000,s0.000000000000000,s0.000000000000000
100_2,s1.400000000000000,s0.000000000000000,s0.000000000000000
100_3,s2.100000000000000,s0.000000000000000,s0.000000000000000
100_4,s2.800000000000000,s0.000000000000000,s0.000000000000000
100_5,s3.500000000000000,s0.000000000000000,s0.000000000000000
100_6,s4.200000000000000,s0.000000000000000,s0.000000000000000
100_7,s4.900000000000000,s0.000000000000000,s0.000000000000000
100_8,s5.600000000000000,s0.000000000000000,s0.000000000000000
100_9,s0.350000000000000,s0.800000000000000,s180.000000000000000
100_10,s1.050000000000000,s0.800000000000000,s180.000000000000000
100_11,s1.750000000000000,s0.800000000000000,s180.000000000000000
100_12,s2.450000000000000,s0.800000000000000,s180.000000000000000
100_13,s3.150000000000000,s0.800000000000000,s180.000000000000000
100_14,s3.850000000000000,s0.800000000000000,s180.000000000000000
100_15,s4.550000000000000,s0.800000000000000,s180.000000000000000
100_16,s5.250000000000000,s0.800000000000000,s180.000000000000000
100_17,s0.000000000000000,s1.000000000000000,s0.000000000000000
100_18,s0.700000000000000,s1.000000000000000,s0.000000000000000
100_19,s1.400000000000000,s1.000000000000000,s0.000000000000000
100_20,s2.100000000000000,s1.000000000000000,s0.000000000000000
100_21,s2.800000000000000,s1.000000000000000,s0.000000000000000
100_22,s3.500000000000000,s1.000000000000000,s0.000000000000000
100_23,s4.200000000000000,s1.000000000000000,s0.000000000000000
100_24,s4.900000000000000,s1.000000000000000,s0.000000000000000
100_25,s5.600000000000000,s1.000000000000000,s0.000000000000000
100_26,s0.350000000000000,s1.800000000000000,s180.000000000000000
100_27,s1.050000000000000,s1.800000000000000,s180.000000000000000
100_28,s1.750000000000000,s1.800000000000000,s180.000000000000000
100_29,s2.450000000000000,s1.800000000000000,s180.000000000000000
100_30,s3.150000000000000,s1.800000000000000,s180.000000000000000
100_31,s3.850000000000000,s1.800000000000000,s180.000000000000000
100_32,s4.550000000000000,s1.800000000000000,s180.000000000000000
100_33,s5.250000000000000,s1.800000000000000,s180.000000000000000
100_34,s0.000000000000000,s2.000000000000000,s0.000000000000000
100_35,s0.700000000000000,s2.000000000000000,s0.000000000000000
100_36,s1.400000000000000,s2.000000000000000,s0.000000000000000
100_37,s2.100000000000000,s2.000000000000000,s0.000000000000000
100_38,s2.800000000000000,s2.000000000000000,s0.000000000000000
100_39,s3.500000000000000,s2.000000000000000,s0.000000000000000
100_40,s4.200000000000000,s2.000000000000000,s0.000000000000000
100_41,s4.900000000000000,s2.000000000000000,s0.000000000000000
100_42,s5.600000000000000,s2.000000000000000,s0.000000000000000
100_43,s0.350000000000000,s2.800000000000000,s180.000000000000000
100_44,s1.050000000000000,s2.800000000000000,s180.000000000000000
100_45,s1.750000000000000,s2.800000000000000,s180.000000000000000
100_46,s2.450000000000000,s2.800000000000000,s180.000000000000000
100_47,s3.150000000000000,s2.800000000000000,s180.000000000000000
100_48,s3.850000000000000,s2.800000000000000,s180.000000000000000
100_49,s4.550000000000000,s2.800000000000000,s180.000000000000000
100_50,s5.250000000000000,s2.800000000000000,s180.000000000000000
100_51,s0.000000000000000,s3.000000000000000,s0.000000000000000
100_52,s0.700000000000000,s3.000000000000000,s0.000000000000000
100_53,s1.400000000000000,s3.000000000000000,s0.000000000000000
100_54,s2.100000000000000,s3.000000000000000,s0.000000000000000
100_55,s2.800000000000000,s3.000000000000000,s0.000000000000000
100_56,s3.500000000000000,s3.000000000000000,s0.000000000000000
100_57,s4.200000000000000,s3.000000000000000,s0.000000000000000
100_58,s4.900000000000000,s3.000000000000000,s0.000000000000000
100_59,s5.600000000000000,s3.000000000000000,s0.000000000000000
100_60,s0.350000000000000,s3.800000000000000,s180.000000000000000
100_61,s1.050000000000000,s3.800000000000000,s180.000000000000000
100_62,s1.750000000000000,s3.800000000000000,s180.000000000000000
100_63,s2.450000000000000,s3.800000000000000,s180.000000000000000
100_64,s3.150000000000000,s3.800000000000000,s180.000000000000000
100_65,s3.850000000000000,s3.800000000000000,s180.000000000000000
100_66,s4.550000000000000,s3.800000000000000,s180.000000000000000
100_67,s5.250000000000000,s3.800000000000000,s180.000000000000000
100_68,s0.000000000000000,s4.000000000000000,s0.000000000000000
100_69,s0.700000000000000,s4.000000000000000,s0.000000000000000
100_70,s1.400000000000000,s4.000000000000000,s0.000000000000000
100_71,s2.100000000000000,s4.000000000000000,s0.000000000000000
100_72,s2.800000000000000,s4.000000000000000,s0.000000000000000
100_73,s3.500000000000000,s4.000000000000000,s0.000000000000000
100_74,s4.200000000000000,s4.000000000000000,s0.000000000000000
100_75,s4.900000000000000,s4.000000000000000,s0.000000000000000
100_76,s5.600000000000000,s4.000000000000000,s0.000000000000000
100_77,s0.350000000000000,s4.800000000000000,s180.000000000000000
100_78,s1.050000000000000,s4.800000000000000,s180.000000000000000
100_79,s1.750000000000000,s4.800000000000000,s180.000000000000000
100_80,s2.450000000000000,s4.800000000000000,s180.000000000000000
100_81,s3.150000000000000,s4.800000000000000,s180.000000000000000
100_82,s3.850000000000000,s4.800000000000000,s180.000000000000000
100_83,s4.550000000000000,s4.800000000000000,s180.000000000000000
100_84,s5.250000000000000,s4.800000000000000,s180.000000000000000
100_85,s0.000000000000000,s5.000000000000000,s0.000000000000000
100_86,s0.700000000000000,s5.000000000000000,s0.000000000000000
100_87,s1.400000000000000,s5.000000000000000,s0.000000000000000
100_88,s2.100000000000000,s5.000000000000000,s0.000000000000000
100_89,s2.800000000000000,s5.000000000000000,s0.000000000000000
100_90,s3.500000000000000,s5.000000000000000,s0.000000000000000
100_91,s4.200000000000000,s5.000000000000000,s0.000000000000000
100_92,s4.900000000000000,s5.000000000000000,s0.000000000000000
100_93,s5.600000000000000,s5.000000000000000,s0.000000000000000
100_94,s0.350000000000000,s5.800000000000000,s180.000000000000000
100_95,s1.050000000000000,s5.800000000000000,s180.000000000000000
100_96,s1.750000000000000,s5.800000000000000,s180.000000000000000
100_97,s2.450000000000000,s5.800000000000000,s180.000000000000000
100_98,s3.150000000000000,s5.800000000000000,s180.000000000000000
100_99,s3.850000000000000,s5.800000000000000,s180.000000000000000
101_0,s0.000000000000000,s0.000000000000000,s0.000000000000000
101_1,s0.700000000000000,s0.000000000000000,s0.000000000000000
101_2,s1.400000000000000,s0.000000000000000,s0.000000000000000
101_3,s2.100000000000000,s0.000000000000000,s0.000000000000000
101_4,s2.800000000000000,s0.000000000000000,s0.000000000000000
101_5,s3.500000000000000,s0.000000000000000,s0.000000000000000
101_6,s4.200000000000000,s0.000000000000000,s0.000000000000000
101_7,s4.900000000000000,s0.000000000000000,s0.000000000000000
101_8,s5.600000000000000,s0.000000000000000,s0.000000000000000
101_9,s0.350000000000000,s0.800000000000000,s180.000000000000000
101_10,s1.050000000000000,s0.800000000000000,s180.000000000000000
101_11,s1.750000000000000,s0.800000000000000,s180.000000000000000
101_12,s2.450000000000000,s0.800000000000000,s180.000000000000000
101_13,s3.150000000000000,s0.800000000000000,s180.000000000000000
101_14,s3.850000000000000,s0.800000000000000,s180.000000000000000
101_15,s4.550000000000000,s0.800000000000000,s180.000000000000000
101_16,s5.250000000000000,s0.800000000000000,s180.000000000000000
101_17,s0.000000000000000,s1.000000000000000,s0.000000000000000
101_18,s0.700000000000000,s1.000000000000000,s0.000000000000000
101_19,s1.400000000000000,s1.000000000000000,s0.000000000000000
101_20,s2.100000000000000,s1.000000000000000,s0.000000000000000
101_21,s2.800000000000000,s1.000000000000000,s0.000000000000000
101_22,s3.500000000000000,s1.000000000000000,s0.000000000000000
101_23,s4.200000000000000,s1.000000000000000,s0.000000000000000
101_24,s4.900000000000000,s1.000000000000000,s0.000000000000000
101_25,s5.600000000000000,s1.000000000000000,s0.000000000000000
101_26,s0.350000000000000,s1.800000000000000,s180.000000000000000
101_27,s1.050000000000000,s1.800000000000000,s180.000000000000000
101_28,s1.750000000000000,s1.800000000000000,s180.000000000000000
101_29,s2.450000000000000,s1.800000000000000,s180.000000000000000
101_30,s3.150000000000000,s1.800000000000000,s180.000000000000000
101_31,s3.850000000000000,s1.800000000000000,s180.000000000000000
101_32,s4.550000000000000,s1.800000000000000,s180.000000000000000
101_33,s5.250000000000000,s1.800000000000000,s180.000000000000000
101_34,s0.000000000000000,s2.000000000000000,s0.000000000000000
101_35,s0.700000000000000,s2.000000000000000,s0.000000000000000
101_36,s1.400000000000000,s2.000000000000000,s0.000000000000000
101_37,s2.100000000000000,s2.000000000000000,s0.000000000000000
101_38,s2.800000000000000,s2.000000000000000,s0.000000000000000
101_39,s3.500000000000000,s2.000000000000000,s0.000000000000000
101_40,s4.200000000000000,s2.000000000000000,s0.000000000000000
101_41,s4.900000000000000,s2.000000000000000,s0.000000000000000
101_42,s5.600000000000000,s2.000000000000000,s0.000000000000000
101_43,s0.350000000000000,s2.800000000000000,s180.000000000000000
101_44,s1.050000000000000,s2.800000000000000,s180.000000000000000
101_45,s1.750000000000000,s2.800000000000000,s180.000000000000000
101_46,s2.450000000000000,s2.800000000000000,s180.000000000000000
101_47,s3.150000000000000,s2.800000000000000,s180.000000000000000
101_48,s3.850000000000000,s2.800000000000000,s180.000000000000000
101_49,s4.550000000000000,s2.800000000000000,s180.000000000000000
101_50,s5.250000000000000,s2.800000000000000,s180.000000000000000
101_51,s0.000000000000000,s3.000000000000000,s0.000000000000000
101_52,s0.700000000000000,s3.000000000000000,s0.000000000000000
101_53,s1.400000000000000,s3.000000000000000,s0.000000000000000
101_54,s2.100000000000000,s3.000000000000000,s0.000000000000000
101_55,s2.800000000000000,s3.000000000000000,s0.000000000000000
101_56,s3.500000000000000,s3.000000000000000,s0.000000000000000
101_57,s4.200000000000000,s3.000000000000000,s0.000000000000000
101_58,s4.900000000000000,s3.000000000000000,s0.000000000000000
101_59,s5.600000000000000,s3.000000000000000,s0.000000000000000
101_60,s0.350000000000000,s3.800000000000000,s180.000000000000000
101_61,s1.050000000000000,s3.800000000000000,s180.000000000000000
101_62,s1.750000000000000,s3.800000000000000,s180.000000000000000
101_63,s2.450000000000000,s3.800000000000000,s180.000000000000000
101_64,s3.150000000000000,s3.800000000000000,s180.000000000000000
101_65,s3.850000000000000,s3.800000000000000,s180.000000000000000
101_66,s4.550000000000000,s3.800000000000000,s180.000000000000000
101_67,s5.250000000000000,s3.800000000000000,s180.000000000000000
101_68,s0.000000000000000,s4.000000000000000,s0.000000000000000
101_69,s0.700000000000000,s4.000000000000000,s0.000000000000000
101_70,s1.400000000000000,s4.000000000000000,s0.000000000000000
101_71,s2.100000000000000,s4.000000000000000,s0.000000000000000
101_72,s2.800000000000000,s4.000000000000000,s0.000000000000000
101_73,s3.500000000000000,s4.000000000000000,s0.000000000000000
101_74,s4.200000000000000,s4.000000000000000,s0.000000000000000
101_75,s4.900000000000000,s4.000000000000000,s0.000000000000000
101_76,s5.600000000000000,s4.000000000000000,s0.000000000000000
101_77,s0.350000000000000,s4.800000000000000,s180.000000000000000
101_78,s1.050000000000000,s4.800000000000000,s180.000000000000000
101_79,s1.750000000000000,s4.800000000000000,s180.000000000000000
101_80,s2.450000000000000,s4.800000000000000,s180.000000000000000
101_81,s3.150000000000000,s4.800000000000000,s180.000000000000000
101_82,s3.850000000000000,s4.800000000000000,s180.000000000000000
101_83,s4.550000000000000,s4.800000000000000,s180.000000000000000
101_84,s5.250000000000000,s4.800000000000000,s180.000000000000000
101_85,s0.000000000000000,s5.000000000000000,s0.000000000000000
101_86,s0.700000000000000,s5.000000000000000,s0.000000000000000
101_87,s1.400000000000000,s5.000000000000000,s0.000000000000000
101_88,s2.100000000000000,s5.000000000000000,s0.000000000000000
101_89,s2.800000000000000,s5.000000000000000,s0.000000000000000
101_90,s3.500000000000000,s5.000000000000000,s0.000000000000000
101_91,s4.200000000000000,s5.000000000000000,s0.000000000000000
101_92,s4.900000000000000,s5.000000000000000,s0.000000000000000
101_93,s5.600000000000000,s5.000000000000000,s0.000000000000000
101_94,s0.350000000000000,s5.800000000000000,s180.000000000000000
101_95,s1.050000000000000,s5.800000000000000,s180.000000000000000
101_96,s1.750000000000000,s5.800000000000000,s180.000000000000000
101_97,s2.450000000000000,s5.800000000000000,s180.000000000000000
101_98,s3.150000000000000,s5.800000000000000,s180.000000000000000
101_99,s3.850000000000000,s5.800000000000000,s180.000000000000000
101_100,s4.550000000000000,s5.800000000000000,s180.000000000000000
102_0,s0.000000000000000,s0.000000000000000,s0.000000000000000
102_1,s0.700000000000000,s0.000000000000000,s0.000000000000000
102_2,s1.400000000000000,s0.000000000000000,s0.000000000000000
102_3,s2.100000000000000,s0.000000000000000,s0.000000000000000
102_4,s2.800000000000000,s0.000000000000000,s0.000000000000000
102_5,s3.500000000000000,s0.000000000000000,s0.000000000000000
102_6,s4.200000000000000,s0.000000000000000,s0.000000000000000
102_7,s4.900000000000000,s0.000000000000000,s0.000000000000000
102_8,s5.600000000000000,s0.000000000000000,s0.000000000000000
102_9,s0.350000000000000,s0.800000000000000,s180.000000000000000
102_10,s1.050000000000000,s0.800000000000000,s180.000000000000000
102_11,s1.750000000000000,s0.800000000000000,s180.000000000000000
102_12,s2.450000000000000,s0.800000000000000,s180.000000000000000
102_13,s3.150000000000000,s0.800000000000000,s180.000000000000000
102_14,s3.850000000000000,s0.800000000000000,s180.000000000000000
102_15,s4.550000000000000,s0.800000000000000,s180.000000000000000
102_16,s5.250000000000000,s0.800000000000000,s180.000000000000000
102_17,s0.000000000000000,s1.000000000000000,s0.000000000000000
102_18,s0.700000000000000,s1.000000000000000,s0.000000000000000
102_19,s1.400000000000000,s1.000000000000000,s0.000000000000000
102_20,s2.100000000000000,s1.000000000000000,s0.000000000000000
102_21,s2.800000000000000,s1.000000000000000,s0.000000000000000
102_22,s3.500000000000000,s1.000000000000000,s0.000000000000000
102_23,s4.200000000000000,s1.000000000000000,s0.000000000000000
102_24,s4.900000000000000,s1.000000000000000,s0.000000000000000
102_25,s5.600000000000000,s1.000000000000000,s0.000000000000000
102_26,s0.350000000000000,s1.800000000000000,s180.000000000000000
102_27,s1.050000000000000,s1.800000000000000,s180.000000000000000
102_28,s1.750000000000000,s1.800000000000000,s180.000000000000000
102_29,s2.450000000000000,s1.800000000000000,s180.000000000000000
102_30,s3.150000000000000,s1.800000000000000,s180.000000000000000
102_31,s3.850000000000000,s1.800000000000000,s180.000000000000000
102_32,s4.550000000000000,s1.800000000000000,s180.000000000000000
102_33,s5.250000000000000,s1.800000000000000,s180.000000000000000
102_34,s0.000000000000000,s2.000000000000000,s0.000000000000000
102_35,s0.700000000000000,s2.000000000000000,s0.000000000000000
102_36,s1.400000000000000,s2.000000000000000,s0.000000000000000
102_37,s2.100000000000000,s2.000000000000000,s0.000000000000000
102_38,s2.800000000000000,s2.000000000000000,s0.000000000000000
102_39,s3.500000000000000,s2.000000000000000,s0.000000000000000
102_40,s4.200000000000000,s2.000000000000000,s0.000000000000000
102_41,s4.900000000000000,s2.000000000000000,s0.000000000000000
102_42,s5.600000000000000,s2.000000000000000,s0.000000000000000
102_43,s0.350000000000000,s2.800000000000000,s180.000000000000000
102_44,s1.050000000000000,s2.800000000000000,s180.000000000000000
102_45,s1.750000000000000,s2.800000000000000,s180.000000000000000
102_46,s2.450000000000000,s2.800000000000000,s180.000000000000000
102_47,s3.150000000000000,s2.800000000000000,s180.000000000000000
102_48,s3.850000000000000,s2.800000000000000,s180.000000000000000
102_49,s4.550000000000000,s2.800000000000000,s180.000000000000000
102_50,s5.250000000000000,s2.800000000000000,s180.000000000000000
102_51,s0.000000000000000,s3.000000000000000,s0.000000000000000
102_52,s0.700000000000000,s3.000000000000000,s0.000000000000000
102_53,s1.400000000000000,s3.000000000000000,s0.000000000000000
102_54,s2.100000000000000,s3.000000000000000,s0.000000000000000
102_55,s2.800000000000000,s3.000000000000000,s0.000000000000000
102_56,s3.500000000000000,s3.000000000000000,s0.000000000000000
102_57,s4.200000000000000,s3.000000000000000,s0.000000000000000
102_58,s4.900000000000000,s3.000000000000000,s0.000000000000000
102_59,s5.600000000000000,s3.000000000000000,s0.000000000000000
102_60,s0.350000000000000,s3.800000000000000,s180.000000000000000
102_61,s1.050000000000000,s3.800000000000000,s180.000000000000000
102_62,s1.750000000000000,s3.800000000000000,s180.000000000000000
102_63,s2.450000000000000,s3.800000000000000,s180.000000000000000
102_64,s3.150000000000000,s3.800000000000000,s180.000000000000000
102_65,s3.850000000000000,s3.800000000000000,s180.000000000000000
102_66,s4.550000000000000,s3.800000000000000,s180.000000000000000
102_67,s5.250000000000000,s3.800000000000000,s180.000000000000000
102_68,s0.000000000000000,s4.000000000000000,s0.000000000000000
102_69,s0.700000000000000,s4.000000000000000,s0.000000000000000
102_70,s1.400000000000000,s4.000000000000000,s0.000000000000000
102_71,s2.100000000000000,s4.000000000000000,s0.000000000000000
102_72,s2.800000000000000,s4.000000000000000,s0.000000000000000
102_73,s3.500000000000000,s4.000000000000000,s0.000000000000000
102_74,s4.200000000000000,s4.000000000000000,s0.000000000000000
102_75,s4.900000000000000,s4.000000000000000,s0.000000000000000
102_76,s5.600000000000000,s4.000000000000000,s0.000000000000000
102_77,s0.350000000000000,s4.800000000000000,s180.000000000000000
102_78,s1.050000000000000,s4.800000000000000,s180.000000000000000
102_79,s1.750000000000000,s4.800000000000000,s180.000000000000000
102_80,s2.450000000000000,s4.800000000000000,s180.000000000000000
102_81,s3.150000000000000,s4.800000000000000,s180.000000000000000
102_82,s3.850000000000000,s4.800000000000000,s180.000000000000000
102_83,s4.550000000000000,s4.800000000000000,s180.000000000000000
102_84,s5.250000000000000,s4.800000000000000,s180.000000000000000
102_85,s0.000000000000000,s5.000000000000000,s0.000000000000000
102_86,s0.700000000000000,s5.000000000000000,s0.000000000000000
102_87,s1.400000000000000,s5.000000000000000,s0.000000000000000
102_88,s2.100000000000000,s5.000000000000000,s0.000000000000000
102_89,s2.800000000000000,s5.000000000000000,s0.000000000000000
102_90,s3.500000000000000,s5.000000000000000,s0.000000000000000
102_91,s4.200000000000000,s5.000000000000000,s0.000000000000000
102_92,s4.900000000000000,s5.000000000000000,s0.000000000000000
102_93,s5.600000000000000,s5.000000000000000,s0.000000000000000
102_94,s0.350000000000000,s5.800000000000000,s180.000000000000000
102_95,s1.050000000000000,s5.800000000000000,s180.000000000000000
102_96,s1.750000000000000,s5.800000000000000,s180.000000000000000
102_97,s2.450000000000000,s5.800000000000000,s180.000000000000000
102_98,s3.150000000000000,s5.800000000000000,s180.000000000000000
102_99,s3.850000000000000,s5.800000000000000,s180.000000000000000
102_100,s4.550000000000000,s5.800000000000000,s180.000000000000000
102_101,s5.250000000000000,s5.800000000000000,s180.000000000000000
103_0,s0.017383174058792,s0.297282179459791,s4.346790636356831
103_1,s0.708497238714877,s-0.025154899029167,s-3.183167838937792
103_2,s1.467477537719343,s0.175897623785320,s2.006885587095351
103_3,s2.197225276460310,s-0.014557118623800,s-3.812435685177256
103_4,s2.726219213188635,s-0.007537145824546,s-4.071472993165807
103_5,s3.446609859634340,s-0.043685599556881,s0.093978422975249
103_6,s4.008733378500828,s-0.053294330417142,s-1.116133742235275
103_7,s4.663318272844824,s0.001828797019531,s0.766381858004413
103_8,s5.143463414863491,s0.178387584792227,s5.578329706960240
103_9,s0.281951444094467,s0.817911214570453,s176.833539638920314
103_10,s1.100596840216747,s0.747697354928395,s177.974683060834650
103_11,s1.866775118246238,s0.850255879481260,s177.799608189344355
103_12,s2.317027623281387,s0.763177731711043,s182.458860014551021
103_13,s3.142824108663644,s0.972507431441118,s175.830447933231568
103_14,s4.001185712747195,s0.750153508447783,s192.921949170768869
103_15,s4.513393056023994,s0.841289192437475,s176.256602751302495
103_16,s5.140030314844885,s0.666717090152055,s179.284260841897265
103_17,s5.800010221803789,s0.646362407215439,s189.726446854499812
103_18,s0.241123745510937,s1.055752216410719,s-2.557748482304416
103_19,s0.685617540225122,s0.987190870597165,s1.531558272664689
103_20,s1.586611150651363,s1.006791357685646,s-3.483940905848100
103_21,s2.220119928672619,s0.878744497014503,s3.648116658445328
103_22,s3.042252132138204,s1.053403116147086,s-6.253903070728833
103_23,s3.441922033496107,s1.001978356365241,s5.206254238177611
103_24,s4.684970042792018,s0.984529079652914,s5.422119626646094
103_25,s4.709740489822440,s0.828858517758127,s-1.484566161293602
103_26,s5.602914200271875,s1.106883043645805,s3.976036196319898
103_27,s0.319674177958135,s1.850198129297228,s180.462678953030718
103_28,s0.691553267116369,s1.734041201759085,s178.305786937029268
103_29,s1.687203094082486,s1.585181012228269,s175.027521903766655
103_30,s2.465090956245391,s1.940524849368329,s171.242772042630065
103_31,s2.785837736325201,s1.921145636313632,s191.451316695835914
103_32,s3.802497065960145,s1.819277909950491,s186.433506246220219
103_33,s4.619522276445203,s1.902877457658577,s184.109423159037817
103_34,s5.334213125918165,s1.801906158551565,s186.544664418330882
103_35,s5.817375660471083,s1.629932071625640,s174.411550701310659
103_36,s0.017071072777182,s2.085649787644503,s-5.016765449349400
103_37,s0.737677647568245,s2.056153287466090,s-4.897633167841370
103_38,s1.515086288195949,s2.071171642623267,s-7.771167056597927
103_39,s2.004316194263379,s2.160042215201945,s6.346785121375642
103_40,s2.827422273259858,s1.823807172752603,s-1.763106109593837
103_41,s3.253549318427257,s2.139452481568577,s0.671596056283317
103_42,s4.243483829379914,s2.260908048076162,s0.309998678813538
103_43,s5.183864330222132,s2.234614123168063,s0.304732494638257
103_44,s5.553455648948494,s2.125774062818776,s-0.242583469919769
103_45,s0.439022176671066,s2.880794928955120,s177.301047456206419
103_46,s0.891447188014759,s2.742487206491326,s174.981939015375815
103_47,s1.963033524299995,s2.751703295416309,s173.146496388114855
103_48,s2.425257776595037,s2.763127835592175,s186.979418852402063
103_49,s3.126922502782834,s3.031340881094174,s192.611225148998670
103_50,s3.573978819662259,s2.908404455079623,s182.977885325149231
103_51,s4.303371226185680,s2.551746037418057,s181.075169396092235
103_52,s5.429461521277466,s2.726145923532181,s185.168495542824843
103_53,s5.865030302630450,s2.839203412382305,s172.279293848796129
103_54,s-0.005876929183372,s3.075768776122154,s0.703619083739435
103_55,s0.641943888152826,s2.795630969300623,s-2.489516115255805
103_56,s1.366509023366266,s3.251782910522286,s-2.262077745101161
103_57,s1.680248976969222,s3.191313501390581,s-3.529834069792785
103_58,s2.516919480889067,s2.969469570946896,s3.790167315646409
103_59,s3.469000757922675,s2.662549681711955,s-0.945237656113562
103_60,s3.986200286169741,s3.226452024165479,s-3.106336761849876
103_61,s4.927715550188246,s2.803277984746246,s-5.065693483206095
103_62,s5.688167602779106,s2.923573422038769,s5.150621428940726
103_63,s0.310180806414749,s3.560895033895261,s183.584522428240717
103_64,s1.045774754899161,s3.879721895732408,s178.166600158469578
103_65,s1.746870257193775,s3.902726527675825,s184.215446544816217
103_66,s2.490568313047067,s3.571514952785024,s181.486128897278576
103_67,s3.041683486307906,s3.877394590242355,s179.423796095263015
103_68,s3.765318829651394,s3.976605630642873,s174.624488629950832
103_69,s4.459108547696377,s3.619504087391785,s185.300848042935939
103_70,s4.977347464190172,s3.742971573825061,s176.896833183420625
103_71,s5.787566878151828,s4.043255631974345,s174.495899448484408
103_72,s0.158358866201046,s3.941670832612456,s3.062236786341984
103_73,s0.819319467769856,s4.010709986254948,s1.452789833431782
103_74,s1.458638993377152,s3.968326557473598,s10.136944591552258
103_75,s2.046755523087681,s3.689853866901202,s2.282782006839957
103_76,s2.653852505145021,s3.620108954147586,s4.625201329664563
103_77,s3.666379320278703,s3.867974127155626,s3.811517437693681
103_78,s4.142072347139417,s3.963314222293463,s4.477825828553445
103_79,s4.979569201777461,s3.973958971365758,s3.394488457156875
103_80,s5.707817459480139,s3.831744576865508,s2.450805801884314
103_81,s0.155808922965611,s4.741695459411095,s184.014829639898238
103_82,s0.959348998217293,s4.970452859759692,s180.467742110918920
103_83,s1.734235518850736,s4.724480992686074,s183.051128077221733
103_84,s2.117188808228964,s5.003808605700801,s179.495588700133908
103_85,s3.439301327671135,s4.945881698776001,s180.550616574460150
103_86,s4.043698640983981,s4.963433431537421,s181.726422479848623
103_87,s4.705602960073277,s4.915152129838997,s180.734724033917530
103_88,s4.904655345995819,s4.734840358301418,s172.701635288297581
103_89,s5.676412107239079,s4.862395034719274,s171.328295034604025
103_90,s0.045164210489695,s4.855621208952948,s3.423597448827279
103_91,s0.446273606756315,s5.114876880176259,s1.992867434109059
103_92,s1.497733822527403,s5.226198161213456,s-0.157389306879313
103_93,s2.324771095921492,s5.027024006010541,s-4.741435671945364
103_94,s2.791928935576343,s4.844909323959144,s-1.967693852821401
103_95,s3.853497598635284,s5.228627680139020,s-0.061799092049955
103_96,s4.415702284034528,s5.079490836702773,s-3.818944575169787
103_97,s5.036640052904215,s5.373555462836734,s-6.049425155927493
103_98,s5.431195310629389,s5.287970853219193,s2.520994457261655
103_99,s0.464254618846773,s5.959454214979838,s174.297103437960544
103_100,s0.883387036763041,s5.721021643689183,s179.082082762228737
103_101,s1.704651941335213,s5.778036822592030,s170.702302503372579
103_102,s2.437474294145214,s6.090548623574452,s185.701258333435362
104_0,s0.153398077958980,s-0.264863958918342,s17.303686219080351
104_1,s0.415802585773161,s0.219473629565258,s9.055713347656837
104_2,s1.658793736042388,s-0.259722217054920,s-1.359382438519731
104_3,s2.298062867039887,s-0.096589308290481,s-3.779739975638627
104_4,s2.840798302764656,s0.057249687963107,s-3.220882158673221
104_5,s3.463359398874746,s0.161372791513712,s-3.840542930345997
104_6,s4.355842800923078,s0.191527640922942,s7.159398963373553
104_7,s4.820370671982594,s0.111956184864836,s-9.643600401219221
104_8,s5.681114565071897,s-0.174172321287179,s5.998266736815589
104_9,s0.322761200956085,s0.542467171870310,s183.003316386763061
104_10,s1.067978685097519,s1.035870209643056,s177.723402693186671
104_11,s1.524824229198143,s0.892490990324724,s174.709829977138156
104_12,s2.373307796680222,s0.599489704378658,s184.713029819613666
104_13,s2.917565258759196,s0.727152142859313,s178.206189949621347
104_14,s3.810744030480136,s0.916664575692526,s182.784434823120620
104_15,s4.494941832136268,s0.698936894651566,s181.624157882618050
104_16,s5.354481093007696,s0.872364280447659,s188.077265124837368
104_17,s5.779121385384432,s0.845574654655456,s201.333608444525794
104_18,s0.247613422169026,s1.273752008918148,s10.111013344203082
104_19,s0.588023193767133,s1.179225819130564,s10.805140378255683
104_20,s1.272843545452787,s0.632756199702121,s2.987587418666561
104_21,s2.204096209260102,s1.076744317932540,s0.132847579814354
104_22,s3.071986416597524,s0.950783636806040,s1.765696471829060
104_23,s3.715570396982855,s0.962994618368674,s-1.056757187751956
104_24,s4.088818160611051,s0.724603181725880,s-7.500953317438778
104_25,s4.779480966514204,s1.103800693559044,s-4.665979577473725
104_26,s5.376153229167382,s0.913221740849362,s-1.294266134273198
104_27,s0.107528252827452,s1.732151346315706,s179.934427909166033
104_28,s1.126144598410230,s1.695690167829962,s182.376618152942854
104_29,s1.577075020161955,s1.888324682494984,s188.149083470365468
104_30,s2.589336947569053,s1.475674705067448,s176.727881557683673
104_31,s3.327217461789921,s1.585149554858117,s177.120117357227883
104_32,s3.835722333197294,s2.102831114844909,s177.412769183943766
104_33,s4.374197903314202,s1.782055954715124,s177.464575552677019
104_34,s4.899781483090441,s1.815294030919870,s189.028968017688527
104_35,s5.825751237401058,s1.823456529898792,s204.973948553956916
104_36,s0.096173006999942,s2.364525110235156,s18.307223300525369
104_37,s0.797822787113524,s2.136019006249464,s0.354666302912128
104_38,s1.546642665903116,s2.038223990284140,s5.239734503278328
104_39,s2.324910292981833,s2.168569821055402,s2.823803890559706
104_40,s2.582983275508096,s2.016935878560412,s-0.317417676727078
104_41,s3.742355209945064,s1.875393241996018,s0.327463708812325
104_42,s4.410120827787207,s1.917894310084034,s13.114291213677845
104_43,s5.096081784220251,s2.114437272466732,s2.907775760500497
104_44,s5.743180172317771,s1.988586223162794,s-0.746442967584751
104_45,s0.654773610681506,s3.013892382500529,s174.374686470592593
104_46,s1.254931562354395,s2.528599471897752,s177.658249209818138
104_47,s1.370951782147791,s2.894382856984858,s187.077035816819460
104_48,s2.567454180526936,s3.046576844501554,s180.613275045003604
104_49,s3.243079212007472,s2.872389797148121,s185.991476290318673
104_50,s3.983129151704556,s2.620883457549800,s178.127451771274536
104_51,s4.329719597726545,s2.727966963852229,s184.014566198452684
104_52,s4.998953125616016,s2.923260543398821,s185.503765484535364
104_53,s5.804299782309281,s2.679691573075025,s175.945844652607974
104_54,s0.380822267289716,s3.080659074859571,s-0.189787196379506
104_55,s0.714471651679228,s3.295566104960169,s-5.685758929804869
104_56,s1.348269565428817,s3.115587645923093,s0.345537829883956
104_57,s2.110778239812103,s3.262807568122832,s-0.821626031809283
104_58,s3.151728886272259,s3.144703635811397,s-4.112222567038652
104_59,s3.714491037922888,s2.871865807749376,s-1.808345926528423
104_60,s4.040482419932965,s2.761006662469086,s2.429010917400868
104_61,s4.865445091304432,s2.705897906104805,s-6.634700579980517
104_62,s5.550089280044399,s3.267501502712119,s-5.444721795844823
104_63,s0.524611552809474,s3.646479668060816,s183.023197484803859
104_64,s0.822142341327186,s4.007345703856222,s178.603463981253810
104_65,s1.537506077435993,s3.758559791955034,s178.492381712188660
104_66,s2.258223726653718,s4.046793879739571,s172.803923238286643
104_67,s2.999164432962135,s3.859551645004986,s176.653363275831197
104_68,s3.687402623867400,s3.869451708411978,s189.325399521957110
104_69,s4.616487274167880,s4.086955939205432,s181.409049697680928
104_70,s5.176041646373403,s3.715939322775610,s182.111494941915623
104_71,s5.961522184374960,s3.802048780004567,s178.101977024183611
104_72,s0.129448342045148,s3.923158405836259,s7.155716045176285
104_73,s0.778270967048985,s4.099286485616982,s5.100477203107654
104_74,s1.499429863154391,s4.035982628089991,s-9.753215707614403
104_75,s1.988440878801791,s4.197459686684510,s2.712485366877366
104_76,s3.034445180347589,s3.650074644149854,s-1.450424083306883
104_77,s3.292714373986339,s4.065486606367230,s2.575636455843851
104_78,s4.218476303801685,s4.201267108850943,s-5.678162430019870
104_79,s4.893792600777249,s4.076422047589459,s-4.570805050846567
104_80,s5.600622928077927,s3.567585415624265,s1.694899153414019
104_81,s0.437078368592065,s4.804925479341737,s189.476171773712565
104_82,s1.085678658867687,s4.571583215567140,s179.712339318197593
104_83,s1.423808721062461,s5.002769748983038,s177.184020925541574
104_84,s2.528061035080594,s4.856661080297072,s176.747545469874211
104_85,s3.114299063454507,s4.716329297887364,s177.251110688338201
104_86,s3.668487202415007,s4.745643720122351,s184.912223890950656
104_87,s4.419700906993445,s4.990576695996245,s179.067049842463632
104_88,s5.009181994612456,s4.658368350160787,s167.823619181554932
104_89,s5.959412109568246,s5.022081922528888,s182.109642397858806
104_90,s0.136942532270454,s4.971817137992555,s-0.561220337392317
104_91,s0.710566041300088,s4.757386076806534,s-5.168304782031323
104_92,s1.481258024038087,s4.980504421266902,s0.870380225638774
104_93,s2.249283588946676,s5.284609025030410,s-2.754136129106918
104_94,s2.946442855996727,s4.905542873876830,s-5.121704196667287
104_95,s3.679707369533662,s5.153747129865764,s1.942002226357055
104_96,s4.299215719027848,s4.922577670078276,s4.779715895948964
104_97,s4.978907142929570,s4.925070185683760,s6.060939515838849
104_98,s5.515674388477887,s4.953644002087353,s16.533422495115193
104_99,s0.374690252406506,s5.859310028682593,s177.399068352929589
104_100,s1.058284621430610,s5.876189502528145,s179.767726351361006
104_101,s1.722858363319159,s5.705048261104637,s180.239291305500586
104_102,s2.399057325812572,s5.771372312536903,s181.709449225928893
104_103,s3.288778155451424,s5.861867455781909,s190.815978935085070
105_0,s0.604280232909439,s0.491432876768882,s2.994473456107778
105_1,s0.654026258114621,s0.298097459192700,s1.745243764117439
105_2,s1.626883708985425,s-0.012583740974604,s8.631658311935682
105_3,s1.819278034741277,s0.041686046457129,s3.241071112178075
105_4,s2.314363310209310,s0.124912765490329,s-12.992810270572519
105_5,s4.023554138116663,s0.189794205247408,s4.615529490464841
105_6,s4.195187548552146,s-0.042046192344040,s3.557089398397379
105_7,s5.204299065543340,s0.011101310297276,s-0.392160188269951
105_8,s5.616193120359195,s-0.014784394526538,s-10.448144404636258
105_9,s0.238574183002779,s1.034408727122437,s173.770982234786999
105_10,s0.442981690319818,s0.893945965955094,s187.778427215636668
105_11,s1.591755439110667,s0.480544645485936,s189.978853607472161
105_12,s2.466855841121769,s0.744048366809292,s176.595312720444696
105_13,s3.267561680473642,s0.599001987206458,s177.065735550215123
105_14,s4.049048941944950,s0.634864526335278,s185.156615281742688
105_15,s4.120122933025413,s0.898430289543215,s183.214424376103864
105_16,s5.471930933805038,s1.165497238716079,s189.802130209390072
105_17,s5.858003475219512,s1.335205421707098,s182.405054245772305
105_18,s0.150905543591477,s1.278352184068140,s2.037998935015911
105_19,s0.833154659185514,s0.756414301618516,s-3.687160873689759
105_20,s1.324790352618060,s1.120291503061705,s4.907232633074862
105_21,s1.937011444506205,s1.195015275841885,s5.591177438443968
105_22,s2.989011740450544,s1.327148099498696,s5.627473703634319
105_23,s3.639914502751582,s0.965577777048831,s-3.432417130084874
105_24,s4.482123277111483,s0.828028284746659,s10.441486340039532
105_25,s4.972633412045663,s1.174277483942800,s-4.810084151540599
105_26,s5.207298106354944,s0.760450738446893,s6.252762711574010
105_27,s0.671680724875866,s1.996683525947966,s179.009968300897128
105_28,s1.074077492001361,s1.592240895781866,s184.987903130014985
105_29,s1.867116172849932,s1.872610780460291,s176.632561211161971
105_30,s2.562702122308167,s2.136532745552573,s187.883878368637028
105_31,s3.005320871744631,s1.930230402345946,s189.018079606141157
105_32,s3.828106260702497,s2.004581660117744,s179.615882222284682
105_33,s4.621406535418890,s1.781657785363602,s174.109287713117510
105_34,s4.860945486861485,s1.895328850779428,s173.608690913268788
105_35,s5.790989643425941,s2.136042080843590,s193.248584426239717
105_36,s0.056753803164747,s2.005354751727306,s-8.195560474657409
105_37,s0.651969424541557,s1.814831718027046,s3.433044990261979
105_38,s1.156977453565446,s1.963039028512777,s4.016256943870586
105_39,s2.546187427575419,s2.053665638907373,s9.449582786652170
105_40,s2.411323362301367,s1.737676955226452,s1.182549919427623
105_41,s3.188437465568970,s2.237223570221372,s14.665520074859709
105_42,s4.194744609741138,s2.288602733835878,s0.504858460145612
105_43,s5.009638437175157,s2.220915833012719,s-1.554093914837767
105_44,s5.421512902209256,s2.052535172056587,s-4.795048224394869
105_45,s0.494991198952892,s3.071164087065302,s181.228259861506359
105_46,s1.582143605294106,s2.893641861741664,s172.238769176854902
105_47,s1.786310248213596,s2.778448519239569,s175.471937834020935
105_48,s2.719935644228975,s2.738946924489834,s184.545680575739425
105_49,s3.133478421294915,s2.716223804670108,s173.908526602825248
105_50,s3.806623969593421,s2.672946467356741,s186.259976460469233
105_51,s4.436516114393215,s2.496060110451548,s182.389838477973541
105_52,s5.388804283720735,s2.681623357481923,s186.979501738015927
105_53,s5.871013113788432,s2.649985093104676,s195.257554899165314
105_54,s0.153681976918236,s3.054791782452609,s8.147682824508658
105_55,s0.510459884020049,s3.080620806905912,s7.104487718374148
105_56,s1.080599347213862,s3.133945296540234,s-4.575155034416642
105_57,s1.888527037338773,s2.719314153274722,s-1.700665998615745
105_58,s2.929483151796298,s2.960356486187020,s2.750704018412647
105_59,s3.599977947150769,s3.301596170133000,s-0.455981495972225
105_60,s4.074826923126837,s3.047156585234950,s1.378818449375258
105_61,s5.083728664345116,s2.930874212801680,s-5.290124282110845
105_62,s5.563013209251497,s3.079063945265028,s2.398427117672181
105_63,s0.380222162000188,s3.837288752079982,s187.032955586512145
105_64,s0.942118282274352,s3.784435382588090,s179.338985505936279
105_65,s1.855406859721028,s3.834360062820075,s175.474663138930850
105_66,s2.665035093706258,s4.178368041408357,s176.581451152339923
105_67,s3.274661875916344,s3.502050385128003,s177.701741222245118
105_68,s3.176102201324061,s3.489951303242989,s166.469206583106768
105_69,s4.715521641539768,s3.767883990602067,s186.738638541604701
105_70,s5.360140447161273,s4.105747771861820,s171.368779784134176
105_71,s5.878120862172642,s4.173531583542817,s191.147340579652791
105_72,s0.184381828023086,s4.364723164960868,s-0.914101332479843
105_73,s0.604405090389902,s3.915380587764096,s7.849054209856361
105_74,s1.365632584777956,s4.491213323942980,s-9.669100057837460
105_75,s1.791206253185356,s4.167065572907317,s0.961362232767168
105_76,s2.645923334465635,s4.129367378838200,s16.077056288858046
105_77,s3.308909414668091,s3.840617481506652,s1.222663200222248
105_78,s4.602312031590627,s4.275133069574911,s4.198410888818819
105_79,s4.591471925165219,s3.858656944839384,s-5.417263818822209
105_80,s5.887777331927790,s3.755968833517222,s4.321758020768890
105_81,s0.340882584204330,s5.175916764521432,s168.472311431901204
105_82,s1.232114132005442,s4.707649730717014,s170.369973456394945
105_83,s1.388143980788611,s5.037975052071148,s180.784481678964568
105_84,s2.193936346693039,s4.481878520254758,s179.359893604980726
105_85,s3.335930485948448,s4.926870463854153,s191.298068502952816
105_86,s4.234275894897922,s4.907183314940466,s183.552098046627862
105_87,s4.339848312856095,s4.744228727793904,s172.471560448553731
105_88,s4.757789352141179,s5.276371110496655,s174.768603599428701
105_89,s5.618105973165188,s4.877719958126266,s201.923271863878512
105_90,s0.039444237453751,s4.958832397531439,s-6.915776687768309
105_91,s0.074714393836075,s4.982141587914623,s2.823766709386812
105_92,s1.312810728896739,s4.525079538132753,s9.381492992187180
105_93,s1.873257650652192,s4.792349475195452,s0.246869279615598
105_94,s2.830638767852749,s5.459571565131119,s16.748832216793776
105_95,s3.693967208936566,s4.992451090974747,s-1.848942399578523
105_96,s4.320312680626888,s5.437486886975876,s7.488608565518031
105_97,s4.947284184980894,s5.263529162696998,s-3.900264817504435
105_98,s5.509357849669429,s5.123096851084529,s-0.934954939741104
105_99,s0.073981271255665,s5.591409493992392,s179.968040868369542
105_100,s0.942608360194933,s5.892555299378724,s181.986255441155663
105_101,s1.606847474717407,s5.997859309121766,s175.861390174650779
105_102,s2.454880073302016,s5.956385369016151,s193.507236159232662
105_103,s3.282816865911874,s5.649706891968681,s171.468148426222911
105_104,s3.693078017627160,s5.951338963745814,s187.047563130585502
106_0,s0.039265080232624,s0.087503020374900,s-6.407806680650932
106_1,s0.328663366552562,s0.299627536716144,s-9.284011461957224
106_2,s1.185535380285352,s0.188997965096777,s-15.405568110347302
106_3,s2.087416365285981,s-0.106822936950549,s-2.320362027384398
106_4,s2.566008382896349,s0.221060558249401,s-11.429325053511294
106_5,s3.128226243175671,s-0.012762324057854,s2.868658278025135
106_6,s4.195912967659288,s0.000926149200458,s9.654270019636410
106_7,s4.496440545240068,s0.042996294716069,s7.407934042763332
106_8,s5.465750769923369,s-0.068195769372117,s3.762605421346218
106_9,s0.311568186832301,s0.543098803705591,s177.939162583497279
106_10,s0.908782129359225,s1.111693843267294,s175.192321068653968
106_11,s1.876793616498442,s0.819054641574586,s172.090772907672715
106_12,s2.805715711191216,s0.888832870054711,s171.813489656091065
106_13,s3.372489549495502,s1.009658831169379,s182.709556650897241
106_14,s3.807259024905480,s0.526177415015699,s177.260082526546370
106_15,s4.859811094784329,s0.798145832825839,s187.763418941483366
106_16,s5.275815087687930,s0.594323000986805,s182.811961866454766
106_17,s5.712321483993855,s0.933834710069023,s172.250435069660995
106_18,s0.052535860840805,s1.018266369753039,s-10.952468023120856
106_19,s0.437769055556313,s1.025627310221388,s-6.868163453366537
106_20,s1.432266579130214,s0.807841063437992,s10.144028610985494
106_21,s1.889521154609513,s0.967023502858903,s-4.382770581099127
106_22,s2.660192181208586,s0.841445304939058,s-0.639370201676616
106_23,s3.438406200678679,s1.431345211420452,s0.880982365501677
106_24,s4.310987821152706,s0.782124050356131,s-1.222098605415294
106_25,s5.106291119228309,s0.705532241899719,s1.711201291773549
106_26,s5.501922634940172,s1.011531305898742,s1.141580334622464
106_27,s0.388941235717801,s1.753688384937947,s185.417192341578669
106_28,s0.837159753712212,s1.912441983715460,s183.020802077732924
106_29,s1.633477419236012,s2.239603401824260,s184.787154636127667
106_30,s2.605170355202516,s1.877132941526506,s176.582630360041207
106_31,s3.159396855616349,s1.992781503243912,s184.020871506870236
106_32,s3.806153698057961,s1.803878762261903,s173.138405011532967
106_33,s4.202941932126791,s1.540267483773413,s184.928871980278018
106_34,s5.103049943254268,s1.685468127401103,s176.278031984495811
106_35,s5.699750035167241,s1.720668202775100,s175.057027371126850
106_36,s0.031013729102878,s1.761239188141608,s21.462551089502128
106_37,s0.473410019063168,s1.973711081797755,s11.217529590717762
106_38,s1.350100554879861,s1.988705543895337,s-4.696503848009102
106_39,s2.466230442782236,s1.868059434023138,s-0.937477153919612
106_40,s2.699278154432891,s2.125704881587429,s-1.956766547303717
106_41,s3.349838778215828,s1.773190082654423,s16.244894658277463
106_42,s4.245750506710342,s1.813018490969772,s0.463094179482654
106_43,s5.168206611767584,s1.896134808341912,s-6.739247753118432
106_44,s5.717919475055137,s1.949913968567840,s-2.540243588263671
106_45,s0.433415575036265,s2.716970643599831,s182.051420945616826
106_46,s0.816777312638732,s3.149347172672857,s192.259706602439763
106_47,s1.625229401181357,s3.027185269193416,s173.620945360312703
106_48,s2.500290971396176,s2.942670553971217,s176.296255016701167
106_49,s3.258495161362737,s3.112531590398115,s179.044160495174879
106_50,s3.742767830166859,s2.735782137370563,s169.786474228376335
106_51,s4.358848541111111,s2.638747054006913,s179.053586247143159
106_52,s5.448660762615900,s2.733159263351385,s186.550435936910532
106_53,s5.615036141908750,s2.821661521658139,s187.462091411841499
106_54,s0.208239242632369,s3.373050500075652,s5.720323909610139
106_55,s0.645450580313846,s2.991257320637761,s-2.962447780037163
106_56,s1.505099697889384,s3.071328967416147,s-8.741832332182325
106_57,s1.930839737296303,s3.130315622566976,s-19.000826408452106
106_58,s2.705926777772965,s2.501388757488120,s-13.201427033627299
106_59,s3.284070661347011,s2.989363438270615,s-5.082064213924131
106_60,s3.923370085126826,s2.849226167585999,s-8.323612762473733
106_61,s4.807985755404959,s2.898082742319005,s-2.690177240252431
106_62,s5.653490054067138,s3.186097824987924,s-4.076857327469710
106_63,s0.207406419759057,s4.020370673449597,s178.247932117715521
106_64,s0.823754645997338,s3.474886863527824,s172.712008028337323
106_65,s1.677246689432915,s3.949840892683390,s182.059220740637812
106_66,s2.773827440337782,s3.655290149857934,s183.739851930251575
106_67,s3.026575828570952,s4.058090792535472,s178.133521185770491
106_68,s3.680988707313623,s3.982773577110707,s181.399243516544288
106_69,s4.589400858033397,s4.018279948634256,s177.625770670136546
106_70,s5.042869642976290,s3.820596900673219,s168.759966668899068
106_71,s5.794280374959254,s3.734417532527879,s199.846535302163346
106_72,s0.080611025291575,s4.282466799692948,s-1.538382971833241
106_73,s0.663383125009646,s3.924151960520434,s-6.621949917135182
106_74,s1.526374293268238,s4.257527031014127,s9.679604622502275
106_75,s2.076126676057259,s4.000081088147658,s-6.836564633864243
106_76,s2.752192897419348,s3.926711601652577,s-11.638264563648974
106_77,s3.680544236322687,s4.130008922513405,s-2.638441228785969
106_78,s3.999125345464013,s3.712829823029568,s5.375870736812371
106_79,s5.059702110256082,s4.016128574035877,s-10.126847506530208
106_80,s5.446978284476728,s3.886314964742398,s-3.741137435399397
106_81,s0.576483875406836,s4.946494648305402,s168.308484681815173
106_82,s1.130622396722474,s4.871224457441857,s184.871725195408089
106_83,s1.891394500946182,s4.401770556088174,s185.883996951197929
106_84,s2.763099118129103,s4.461844291886844,s169.773691736553246
106_85,s3.282200498211027,s4.553168007609164,s183.021170809941310
106_86,s3.901431423590267,s4.771253736390820,s173.460106305559094
106_87,s4.761344551242528,s4.844046433089837,s180.387224581576589
106_88,s5.491370260842251,s4.600413622213636,s184.615433657306141
106_89,s5.697246605379984,s4.698302383576632,s178.747604978944736
106_90,s0.177346734909232,s4.911631727074063,s7.659332629242145
106_91,s0.609391206455555,s4.972609868521291,s3.177928356635138
106_92,s1.330993690649287,s4.683327477332316,s-2.447343574534739
106_93,s2.093733832586284,s5.183938000484831,s0.069659144281156
106_94,s2.625174841226880,s5.033760234778634,s6.072688087307821
106_95,s3.596088029559621,s4.994942606030985,s0.273534645963389
106_96,s4.106212859499264,s4.778892089137400,s14.194343555681405
106_97,s4.936709617393256,s4.903757327647864,s2.373004423482779
106_98,s5.425054328978886,s5.275576241703843,s-2.583826328051368
106_99,s0.262500407575483,s5.937571288946272,s177.760549777514569
106_100,s0.726453550494662,s5.559990289829376,s179.024898451562024
106_101,s1.821302987484747,s5.697713908661509,s183.476525674646695
106_102,s2.426696265011129,s5.937177327560889,s182.167385918228803
106_103,s2.968957195185809,s5.838732316714377,s179.956159269120235
106_104,s3.993527053186616,s5.688706608112956,s168.476161370094559
106_105,s4.524786157710314,s5.644130268391042,s179.554360224648462
107_0,s0.109896026101599,s0.038360984650967,s10.020776549543996
107_1,s0.358825952516958,s-0.028202030317522,s-5.694212726696448
107_2,s1.508509665534629,s-0.030083866645800,s-5.544446098577184
107_3,s2.090163333105330,s0.014186446775917,s-10.805632914201594
107_4,s2.466429796988857,s0.209568047784465,s1.718405427605513
107_5,s3.460078444952738,s0.127122331749517,s-2.517450081710580
107_6,s4.309549098938653,s0.127414211382558,s-0.568011829539655
107_7,s4.718043949442522,s-0.069558859489316,s-3.903800121231838
107_8,s5.504163360380847,s-0.153698990726354,s-2.424211979016773
107_9,s0.481397354811875,s0.816597585219351,s179.588304320542420
107_10,s1.145068019995858,s0.880540750540497,s182.802069347739121
107_11,s1.897388255782343,s0.767873021759124,s183.897696950531980
107_12,s2.290260037703635,s0.595629158975581,s183.971837249445400
107_13,s3.116305719448841,s0.937479923635230,s173.617403937725584
107_14,s3.692795603895034,s0.910598488250934,s186.592720292441157
107_15,s4.282762409195035,s0.630755219562101,s174.182958728602529
107_16,s5.080202435762610,s0.944618926788207,s180.870557098797008
107_17,s5.882371164739482,s0.974049076818350,s179.252571137153211
107_18,s0.127233289431891,s1.070491337138392,s6.215957461109262
107_19,s0.585866895835747,s1.028095939328126,s8.721524555821105
107_20,s1.425350894616255,s1.173540541722156,s-10.319330710469590
107_21,s2.083900837005583,s1.050913380563625,s4.579247197656149
107_22,s2.777824115125266,s0.909499358785425,s-5.864358647263884
107_23,s3.528150709495733,s0.965045895340889,s-0.536368023304830
107_24,s3.916000217423019,s1.020751733080478,s9.802957846240108
107_25,s4.931890827462294,s0.988448432521300,s-6.656688488013750
107_26,s5.546984859576389,s1.282599509348722,s-9.416286065680698
107_27,s0.079643135135781,s1.843127083453208,s172.953277067406475
107_28,s1.022050805431296,s1.818917967739400,s177.175158726455749
107_29,s2.090058833805052,s1.462983046476807,s180.191774305939390
107_30,s2.803705160716361,s1.910262398791581,s178.050195441399495
107_31,s3.301003003578652,s1.681466737155941,s184.132336425527740
107_32,s3.951227203447009,s1.723774902206344,s176.873535457518756
107_33,s4.520697532369627,s2.118876471609651,s181.075151126523110
107_34,s5.253072890907478,s1.925217524454330,s175.362523026950100
107_35,s5.880499802495645,s2.273101189592170,s175.382962739573998
107_36,s0.043489885366039,s2.035842850714602,s-2.850266794048058
107_37,s0.482061095692282,s2.150620885652669,s-5.001767662167365
107_38,s1.246631342878660,s2.139877654566279,s-1.422338562168157
107_39,s2.155909498626250,s2.013732557369907,s7.119787186292680
107_40,s2.942408604782013,s2.138838961217453,s1.266246595200410
107_41,s3.565967112891127,s2.113864609184052,s0.743038102763038
107_42,s4.162749849120972,s2.002033189219946,s-4.124893507867039
107_43,s4.757817403563160,s1.811719034089052,s1.712444350437280
107_44,s5.723878380941484,s1.798299265827667,s-8.010450521750798
107_45,s0.211954273389511,s2.811290855616934,s179.244727838702715
107_46,s0.955922777788742,s2.752406356342812,s181.911482901545924
107_47,s1.661125293810108,s2.940497367818434,s177.869796129042669
107_48,s2.318252492549836,s3.066518420759845,s192.605115495765460
107_49,s3.201790968328293,s2.802629786142467,s178.578013439531617
107_50,s3.599613128151372,s3.151365549693905,s185.455942516773547
107_51,s4.491783295811472,s2.683967414491804,s180.766277246465705
107_52,s5.132069137648013,s2.934989709084756,s188.658442019192989
107_53,s5.882988972590525,s2.617115963977044,s182.940956499770380
107_54,s0.240840810670500,s3.169842902478604,s15.529922198485778
107_55,s0.387425722355532,s3.082500962385553,s4.643706779753950
107_56,s1.586110299071829,s3.062168740594267,s3.391589532205910
107_57,s1.962721936044054,s3.067599814448245,s4.840834880789140
107_58,s2.903134334012552,s2.945659745657922,s-8.963671677166152
107_59,s3.623852763110870,s2.948412323914370,s5.691783933266889
107_60,s4.156401816393310,s2.954161907228894,s10.447608511147477
107_61,s5.073195339150313,s2.748898198206875,s0.920394839119333
107_62,s5.526031238538700,s2.803211819664451,s4.447721418359100
107_63,s0.311864646290723,s3.840799379416428,s177.251598666868261
107_64,s1.041195538887470,s3.643384494769730,s190.071463149777372
107_65,s1.608109705754753,s3.999924221405355,s185.837709594509931
107_66,s2.277070389222294,s3.869250266280003,s180.488130512026743
107_67,s2.907903310166596,s3.911249673392952,s181.752480588912107
107_68,s3.815172387617814,s3.597697285231952,s180.492900005395398
107_69,s4.236085357346947,s3.743950781382448,s187.797147394848167
107_70,s5.362494303893907,s4.001906011616280,s188.742210776130804
107_71,s5.912733686529352,s3.990280855982233,s201.658745256490306
107_72,s0.093136870425283,s3.604637713882356,s2.430410616233603
107_73,s0.796312103052346,s4.066465428287654,s7.622865586296665
107_74,s1.688998739309576,s4.120459436045505,s0.438868124280001
107_75,s2.308449353938434,s3.884223834858276,s1.650241898849506
107_76,s2.767015138694551,s3.980073213451758,s0.603434945830030
107_77,s3.412130492273386,s3.908764409004830,s0.888396691458796
107_78,s4.182970816303849,s3.929086706059921,s6.488130596108844
107_79,s4.996076599782232,s3.718330609552380,s3.918303757908483
107_80,s5.627867664187568,s3.942967219983111,s4.122029683837090
107_81,s0.533244591981312,s4.713235661370382,s177.925689341745283
107_82,s1.340842905181632,s4.831743101430554,s173.657729433819526
107_83,s1.445201170839065,s4.574562681333073,s180.944604041974657
107_84,s2.364770073445412,s4.639941129349093,s182.856755013501868
107_85,s3.361881461226745,s4.771860372991317,s183.878079558242149
107_86,s3.638541769621022,s4.724858562564143,s180.076142872510559
107_87,s4.631269023018617,s4.893367063818712,s177.927355783215631
107_88,s4.969010538917227,s4.977439503564961,s189.410965550623217
107_89,s5.703534713375208,s4.939228901646849,s178.882310077758035
107_90,s0.381938323758735,s4.994495568721002,s24.078276871876952
107_91,s0.639467314475914,s4.857623694887342,s0.987050948260433
107_92,s1.239466363296045,s5.103749990689980,s3.160211645738546
107_93,s1.986475390471690,s4.861272276152856,s5.778867341126324
107_94,s2.857762354218116,s4.952341963227363,s-5.223322336948428
107_95,s3.557117502466385,s5.062494224485939,s-4.252320290906066
107_96,s4.160805424437696,s5.012217011427579,s-0.766765149447385
107_97,s4.930025150613307,s4.686985909344323,s-3.111286109119757
107_98,s5.636078418935301,s4.849736857139314,s-0.458450737025055
107_99,s0.288694601434702,s5.970534364636776,s188.522220897913087
107_100,s1.266098863486974,s5.857005998447905,s173.751039815596812
107_101,s1.867193549451195,s5.788722143883147,s179.267973988179648
107_102,s2.270215829813599,s5.917388493243761,s186.337934408054821
107_103,s3.148214324174933,s5.725829338941955,s188.372199842943786
107_104,s3.561125056860109,s5.533459577483874,s177.921336635501717
107_105,s4.710915499428025,s5.596508086247865,s183.388415829323719
107_106,s4.992081999613507,s5.856587714608016,s176.360902578915756
108_0,s0.116550470584695,s-0.192689729590128,s19.438533364633059
108_1,s0.774271440441966,s0.323678159206256,s-0.772466414963765
108_2,s1.222143498629764,s0.326060133931613,s-1.171377050074053
108_3,s1.829322912842786,s0.019497728088102,s-0.539816626814368
108_4,s2.563724518975926,s0.378996911106921,s-0.833045291660241
108_5,s3.459493393775607,s0.288754032199896,s2.408016749202363
108_6,s4.305015064128598,s0.088162493591671,s0.258048801395227
108_7,s4.904208178557479,s-0.177861204766694,s3.812271820109260
108_8,s5.411016511399054,s-0.265479787639727,s-6.800830646045801
108_9,s0.233276042544635,s0.832733073106405,s185.599381358981901
108_10,s0.887881980030009,s0.560902806541424,s183.685098779123535
108_11,s1.929640790342238,s1.111494886745175,s184.307680250926239
108_12,s2.617898969112370,s0.830357349242275,s176.159210041842528
108_13,s3.297379947016657,s0.961393027350073,s173.893061980508378
108_14,s4.173741638818122,s0.812152843302990,s178.524625650233872
108_15,s4.676009779954568,s0.833244225174159,s183.267625054501423
108_16,s5.568781045521850,s0.816941578869033,s186.259319498996973
108_17,s5.781925068850150,s0.652630696852894,s177.316744514871033
108_18,s0.054624280103269,s1.020571858444969,s8.337966979589410
108_19,s0.854482695074503,s0.900337789797450,s-5.102274927146869
108_20,s1.302744025403617,s0.971554130309751,s10.037804293734421
108_21,s2.439070593309948,s0.887228362232762,s-2.158456530412406
108_22,s2.935983489674292,s0.845537314523687,s-1.394160328064021
108_23,s3.184420548930396,s1.145445328021450,s4.616720053528001
108_24,s4.101427016650502,s0.819884526066289,s3.699399646867907
108_25,s5.044002463250846,s1.031906336381488,s-10.672327521612733
108_26,s5.166218658752070,s0.941849485960239,s15.428526904767732
108_27,s0.476613649519043,s1.893429508776983,s182.569501619633172
108_28,s1.226159336615603,s1.796133223542395,s175.214670905469632
108_29,s1.940528060403587,s1.850255221538817,s179.324750941153582
108_30,s2.504126457428925,s1.827025263346910,s186.625781889121299
108_31,s3.196478431160570,s1.900030992258763,s182.295597101796773
108_32,s4.038153515016954,s1.878258057098188,s178.843940309357151
108_33,s4.611343218824539,s1.513279959606035,s182.100040529829499
108_34,s5.426235476533817,s1.452904971843183,s179.389664676768746
108_35,s5.929663691451667,s1.654615313476894,s178.783975057343156
108_36,s0.288798864645185,s2.130601940193129,s0.759382244364758
108_37,s0.586522773166937,s2.007711098809615,s-0.222460491333248
108_38,s1.487816532613032,s1.966223680358459,s-2.898616722367528
108_39,s2.211322200417627,s1.999827852409470,s0.897600696759706
108_40,s2.837196679366768,s2.197637642686231,s-4.456476594398537
108_41,s3.562359565467572,s1.850042342364845,s0.322154073415886
108_42,s4.107708044164401,s1.927672764931695,s3.266495897925758
108_43,s4.919503017093177,s2.111019290876057,s-4.971479320577397
108_44,s5.922470918919697,s1.778669679527032,s0.281847915275787
108_45,s0.358651722987402,s2.883602805269868,s180.247824102585923
108_46,s1.071745879228489,s2.663363561512134,s179.992802511943381
108_47,s1.451717337682887,s3.004900174124228,s183.140231922267873
108_48,s2.519608736650596,s2.992685145798661,s174.088257585736159
108_49,s3.042867102008897,s2.656935072641315,s173.535059253808384
108_50,s3.771765986039584,s2.970785952899565,s174.144627268584856
108_51,s4.744868271491387,s3.123448663329141,s169.158069554292069
108_52,s4.889074419469024,s3.134701314069211,s183.200605047389558
108_53,s5.899091000331834,s2.791820953291303,s175.452974171098049
108_54,s0.127946444711398,s3.037227745320539,s-4.660138546909806
108_55,s0.667493083050549,s3.141750518937248,s5.833463807947337
108_56,s1.104505589410345,s2.762486075066485,s-1.139836187777518
108_57,s1.829901434400017,s2.988822514912363,s8.348703093476679
108_58,s2.960383717141515,s3.001271576760551,s-2.638932995061618
108_59,s3.724056182729960,s3.015763727473378,s2.630378988469490
108_60,s4.274766056489160,s2.882059946054891,s-9.212782832336163
108_61,s4.713864128722154,s2.714820107542442,s3.436857243327720
108_62,s5.638145629271213,s3.061804136924492,s10.970863508196597
108_63,s0.307181534411950,s3.729379142706402,s186.634319284568335
108_64,s0.802443439676319,s3.937874668930181,s189.463231635979014
108_65,s1.655741282818255,s3.794960609302581,s179.219091289099708
108_66,s2.269064987606415,s3.860553689851329,s186.005987723716459
108_67,s3.505650050651492,s3.870181573221683,s172.605736402475827
108_68,s3.814473612643414,s3.830809071715167,s182.623721575217388
108_69,s4.635307207034528,s3.979265210243819,s181.388050959445508
108_70,s4.941668291706478,s3.641132606677925,s181.749604361281911
108_71,s5.808836141356225,s4.190986786498351,s180.368844687244604
108_72,s0.109124237531857,s4.101497982853656,s5.849965681152929
108_73,s1.106820390821032,s4.223275477620178,s6.993324123170345
108_74,s1.120694419723295,s3.834985215646174,s-4.135517657637022
108_75,s2.070633899779757,s4.171270484897971,s-1.135832738203627
108_76,s2.731029792387482,s3.724117591757893,s2.009425013869015
108_77,s3.534055658230328,s4.230380586520697,s-2.195670748522219
108_78,s4.084111731227084,s3.871307613702467,s12.810873849957350
108_79,s5.123960369765711,s3.791640473248543,s6.121242051347729
108_80,s5.677713017162251,s3.963132963628976,s-1.906466248142696
108_81,s0.588815342577544,s4.834994396082823,s174.847264634696074
108_82,s1.050646174969089,s4.694052433247109,s171.329420906011364
108_83,s1.300970006344168,s4.734256255312983,s179.141095219264798
108_84,s2.423899129692116,s4.970485332675989,s181.397325800925557
108_85,s3.082513513436900,s4.589055593820039,s186.520551468586973
108_86,s3.891069027644129,s4.790542783465249,s190.757717092113495
108_87,s4.701636484054368,s4.857879740109791,s182.519199159412636
108_88,s5.003292726942596,s4.725385630636839,s170.873712813420099
108_89,s5.817289549567696,s4.777345848712795,s186.182149018016275
108_90,s0.287551973633026,s5.017316670150524,s-7.283072762670077
108_91,s0.377779066957365,s5.238350664825723,s5.842559001177458
108_92,s1.405358446967886,s5.290179329819557,s-5.922366754746623
108_93,s1.962936910520439,s5.194825127749739,s-4.452264674954039
108_94,s2.774435117098421,s5.145671636969690,s8.378628850162679
108_95,s3.612707252492931,s4.831148983106942,s6.652418639458547
108_96,s4.025286049091911,s5.063115748841277,s10.890772247931697
108_97,s4.880585345255972,s4.597791259351562,s-3.710737563033241
108_98,s5.393072173969582,s4.994585146618327,s-4.447679875370181
108_99,s0.236961512886006,s5.670110949748159,s177.599126977667510
108_100,s0.855876831839313,s5.758505214439313,s190.139454755965659
108_101,s1.570175017656724,s5.833517047318181,s179.859602978110701
108_102,s2.452574552162648,s5.471310335377540,s183.424449188421903
108_103,s3.447461933221144,s5.713760413792723,s184.504613482545665
108_104,s3.909794297068484,s5.890403674646701,s177.137970596682834
108_105,s4.644146006311959,s5.751545471477578,s180.921288403829919
108_106,s5.317379836410253,s5.731778547921965,s187.783525114761204
108_107,s5.748725371290741,s5.498725001996166,s179.846885191769417
109_0,s0.000000000000000,s0.000000000000000,s0.000000000000000
109_1,s0.700000000000000,s0.000000000000000,s0.000000000000000
109_2,s1.400000000000000,s0.000000000000000,s0.000000000000000
109_3,s2.100000000000000,s0.000000000000000,s0.000000000000000
109_4,s2.800000000000000,s0.000000000000000,s0.000000000000000
109_5,s3.500000000000000,s0.000000000000000,s0.000000000000000
109_6,s4.200000000000000,s0.000000000000000,s0.000000000000000
109_7,s4.900000000000000,s0.000000000000000,s0.000000000000000
109_8,s5.600000000000000,s0.000000000000000,s0.000000000000000
109_9,s6.300000000000000,s0.000000000000000,s0.000000000000000
109_10,s0.350000000000000,s0.800000000000000,s180.000000000000000
109_11,s1.050000000000000,s0.800000000000000,s180.000000000000000
109_12,s1.750000000000000,s0.800000000000000,s180.000000000000000
109_13,s2.450000000000000,s0.800000000000000,s180.000000000000000
109_14,s3.150000000000000,s0.800000000000000,s180.000000000000000
109_15,s3.850000000000000,s0.800000000000000,s180.000000000000000
109_16,s4.550000000000000,s0.800000000000000,s180.000000000000000
109_17,s5.250000000000000,s0.800000000000000,s180.000000000000000
109_18,s5.950000000000000,s0.800000000000000,s180.000000000000000
109_19,s0.000000000000000,s1.000000000000000,s0.000000000000000
109_20,s0.700000000000000,s1.000000000000000,s0.000000000000000
109_21,s1.400000000000000,s1.000000000000000,s0.000000000000000
109_22,s2.100000000000000,s1.000000000000000,s0.000000000000000
109_23,s2.800000000000000,s1.000000000000000,s0.000000000000000
109_24,s3.500000000000000,s1.000000000000000,s0.000000000000000
109_25,s4.200000000000000,s1.000000000000000,s0.000000000000000
109_26,s4.900000000000000,s1.000000000000000,s0.000000000000000
109_27,s5.600000000000000,s1.000000000000000,s0.000000000000000
109_28,s6.300000000000000,s1.000000000000000,s0.000000000000000
109_29,s0.350000000000000,s1.800000000000000,s180.000000000000000
109_30,s1.050000000000000,s1.800000000000000,s180.000000000000000
109_31,s1.750000000000000,s1.800000000000000,s180.000000000000000
109_32,s2.450000000000000,s1.800000000000000,s180.000000000000000
109_33,s3.150000000000000,s1.800000000000000,s180.000000000000000
109_34,s3.850000000000000,s1.800000000000000,s180.000000000000000
109_35,s4.550000000000000,s1.800000000000000,s180.000000000000000
109_36,s5.250000000000000,s1.800000000000000,s180.000000000000000
109_37,s5.950000000000000,s1.800000000000000,s180.000000000000000
109_38,s0.000000000000000,s2.000000000000000,s0.000000000000000
109_39,s0.700000000000000,s2.000000000000000,s0.000000000000000
109_40,s1.400000000000000,s2.000000000000000,s0.000000000000000
109_41,s2.100000000000000,s2.000000000000000,s0.000000000000000
109_42,s2.800000000000000,s2.000000000000000,s0.000000000000000
109_43,s3.500000000000000,s2.000000000000000,s0.000000000000000
109_44,s4.200000000000000,s2.000000000000000,s0.000000000000000
109_45,s4.900000000000000,s2.000000000000000,s0.000000000000000
109_46,s5.600000000000000,s2.000000000000000,s0.000000000000000
109_47,s6.300000000000000,s2.000000000000000,s0.000000000000000
109_48,s0.350000000000000,s2.800000000000000,s180.000000000000000
109_49,s1.050000000000000,s2.800000000000000,s180.000000000000000
109_50,s1.750000000000000,s2.800000000000000,s180.000000000000000
109_51,s2.450000000000000,s2.800000000000000,s180.000000000000000
109_52,s3.150000000000000,s2.800000000000000,s180.000000000000000
109_53,s3.850000000000000,s2.800000000000000,s180.000000000000000
109_54,s4.550000000000000,s2.800000000000000,s180.000000000000000
109_55,s5.250000000000000,s2.800000000000000,s180.000000000000000
109_56,s5.950000000000000,s2.800000000000000,s180.000000000000000
109_57,s0.000000000000000,s3.000000000000000,s0.000000000000000
109_58,s0.700000000000000,s3.000000000000000,s0.000000000000000
109_59,s1.400000000000000,s3.000000000000000,s0.000000000000000
109_60,s2.100000000000000,s3.000000000000000,s0.000000000000000
109_61,s2.800000000000000,s3.000000000000000,s0.000000000000000
109_62,s3.500000000000000,s3.000000000000000,s0.000000000000000
109_63,s4.200000000000000,s3.000000000000000,s0.000000000000000
109_64,s4.900000000000000,s3.000000000000000,s0.000000000000000
109_65,s5.600000000000000,s3.000000000000000,s0.000000000000000
109_66,s6.300000000000000,s3.000000000000000,s0.000000000000000
109_67,s0.350000000000000,s3.800000000000000,s180.000000000000000
109_68,s1.050000000000000,s3.800000000000000,s180.000000000000000
109_69,s1.750000000000000,s3.800000000000000,s180.000000000000000
109_70,s2.450000000000000,s3.800000000000000,s180.000000000000000
109_71,s3.150000000000000,s3.800000000000000,s180.000000000000000
109_72,s3.850000000000000,s3.800000000000000,s180.000000000000000
109_73,s4.550000000000000,s3.800000000000000,s180.000000000000000
109_74,s5.250000000000000,s3.800000000000000,s180.000000000000000
109_75,s5.950000000000000,s3.800000000000000,s180.000000000000000
109_76,s0.000000000000000,s4.000000000000000,s0.000000000000000
109_77,s0.700000000000000,s4.000000000000000,s0.000000000000000
109_78,s1.400000000000000,s4.000000000000000,s0.000000000000000
109_79,s2.100000000000000,s4.000000000000000,s0.000000000000000
109_80,s2.800000000000000,s4.000000000000000,s0.000000000000000
109_81,s3.500000000000000,s4.000000000000000,s0.000000000000000
109_82,s4.200000000000000,s4.000000000000000,s0.000000000000000
109_83,s4.900000000000000,s4.000000000000000,s0.000000000000000
109_84,s5.600000000000000,s4.000000000000000,s0.000000000000000
109_85,s6.300000000000000,s4.000000000000000,s0.000000000000000
109_86,s0.350000000000000,s4.800000000000000,s180.000000000000000
109_87,s1.050000000000000,s4.800000000000000,s180.000000000000000
109_88,s1.750000000000000,s4.800000000000000,s180.000000000000000
109_89,s2.450000000000000,s4.800000000000000,s180.000000000000000
109_90,s3.150000000000000,s4.800000000000000,s180.000000000000000
109_91,s3.850000000000000,s4.800000000000000,s180.000000000000000
109_92,s4.550000000000000,s4.800000000000000,s180.000000000000000
109_93,s5.250000000000000,s4.800000000000000,s180.000000000000000
109_94,s5.950000000000000,s4.800000000000000,s180.000000000000000
109_95,s0.000000000000000,s5.000000000000000,s0.000000000000000
109_96,s0.700000000000000,s5.000000000000000,s0.000000000000000
109_97,s1.400000000000000,s5.000000000000000,s0.000000000000000
109_98,s2.100000000000000,s5.000000000000000,s0.000000000000000
109_99,s2.800000000000000,s5.000000000000000,s0.000000000000000
109_100,s3.500000000000000,s5.000000000000000,s0.000000000000000
109_101,s4.200000000000000,s5.000000000000000,s0.000000000000000
109_102,s4.900000000000000,s5.000000000000000,s0.000000000000000
109_103,s5.600000000000000,s5.000000000000000,s0.000000000000000
109_104,s6.300000000000000,s5.000000000000000,s0.000000000000000
109_105,s0.350000000000000,s5.800000000000000,s180.000000000000000
109_106,s1.050000000000000,s5.800000000000000,s180.000000000000000
109_107,s1.750000000000000,s5.800000000000000,s180.000000000000000
109_108,s2.450000000000000,s5.800000000000000,s180.000000000000000
110_0,s0.236419854602139,s0.252421753522433,s8.863606247523377
110_1,s0.184879524569789,s-0.271677131064336,s1.841379178648824
110_2,s1.136780929212627,s-0.145635907969087,s20.017221988653883
110_3,s1.921877180358563,s0.485227144976245,s3.644574176920442
110_4,s2.938391484702954,s0.078586010524588,s14.168244312493377
110_5,s3.725178341048005,s-0.369284914383729,s3.599842166158247
110_6,s3.951020270180072,s-0.043547719964093,s-5.022988844199740
110_7,s5.226793469588755,s-0.136619692455248,s11.426091389752361
110_8,s5.766867320446454,s0.019720057239125,s-1.786696741765537
110_9,s5.722882991527340,s0.247601407754757,s5.208385489866556
110_10,s0.359934416745186,s0.976970152683378,s188.985134335367377
110_11,s1.277792222610914,s1.316430395106001,s190.929306638568534
110_12,s1.692795572706038,s1.328148003233443,s193.293777584242832
110_13,s2.178769031505180,s0.552409011771873,s170.562234996501388
110_14,s2.954454095467845,s1.154948994017244,s194.495313852970071
110_15,s4.018461229853655,s0.881499463380794,s191.672952621630458
110_16,s4.114506036917283,s0.459351227170724,s185.120818239191436
110_17,s5.023050525421691,s0.457247760268321,s180.355002265286487
110_18,s6.071640031298849,s0.912302453108717,s184.112248824243125
110_19,s0.454646729512175,s0.791696734453336,s12.119836347750690
110_20,s0.272876553477112,s0.956263031923586,s18.287565105017244
110_21,s1.273248345165333,s1.322177414788742,s-13.854222500127753
110_22,s1.819170331540612,s0.687443547764196,s9.153980993036786
110_23,s3.037646650052173,s1.062136488759694,s3.705282757775318
110_24,s3.591135663458017,s0.687474865715635,s-11.965573562348721
110_25,s4.402515328999714,s1.168654758129647,s2.674324433972835
110_26,s4.983192879317913,s0.771516574129730,s4.990731764767132
110_27,s5.375150506544107,s1.037555860967299,s-14.171503962118619
110_28,s6.115535432612264,s1.225017675332275,s16.284698068766165
110_29,s0.722385495416358,s1.749937066447743,s170.485776111139728
110_30,s1.548860101101980,s1.415634064605264,s179.236593333694032
110_31,s2.132980988331629,s1.538909526470631,s165.852399992613982
110_32,s2.323707317181781,s1.654352280060337,s168.332648043704012
110_33,s3.207689450200239,s1.427448763666061,s179.692574546149672
110_34,s4.044353511566462,s2.163653225483577,s168.535512517833467
110_35,s3.964124011587215,s1.491851254344054,s165.236361104172346
110_36,s5.523051509095361,s1.541964485417916,s181.984946596286392
110_37,s6.019161526951333,s1.826209227313706,s180.139654540280588
110_38,s0.373582860735598,s1.689499124279051,s19.986500993490822
110_39,s1.017987801014975,s1.951194933281337,s11.137643681574790
110_40,s1.646204063499248,s2.418645761977864,s8.038205256303874
110_41,s1.562959209378832,s2.360261895878229,s8.557962013150703
110_42,s2.397085999395630,s1.778917987824545,s0.696832118791199
110_43,s3.414215582611255,s1.952466861796737,s-5.010144903513355
110_44,s4.118285856287730,s2.176720907635820,s1.118940508934006
110_45,s4.720449148390950,s1.703234852549354,s-14.841609553307505
110_46,s5.579670818764121,s2.326113596299987,s16.633301348552202
110_47,s6.080462899375642,s1.949045255665440,s-15.347730882315744
110_48,s0.254482449738279,s2.925434225423913,s192.867380601427442
110_49,s1.100391985819944,s2.971678959244751,s173.890505106689204
110_50,s2.000329946736485,s2.462614293330542,s184.544254171426871
110_51,s2.736256549791354,s2.896177092768448,s187.029893398398315
110_52,s3.822012086081129,s2.519232474510352,s170.968853597114588
110_53,s3.323261329657248,s2.723608888777814,s185.440833501333429
110_54,s4.758550998646675,s2.667071374539832,s185.317470487013452
110_55,s5.682927517866323,s3.130478502723623,s165.279143490530998
110_56,s5.555903355126815,s3.017254123109445,s171.822162252959998
110_57,s0.198683271919579,s2.880901898844590,s-17.829564254657832
110_58,s0.596793954742320,s2.728948804820182,s-4.888024647480969
110_59,s1.501378572949492,s2.407521665369723,s6.064616092516617
110_60,s1.853078846623245,s3.184832601752654,s12.103076973714449
110_61,s2.366876603065048,s2.561787471192935,s-11.084519687793621
110_62,s3.637017665857008,s2.730658616160346,s-0.817550890347193
110_63,s4.268485560165481,s2.575903177070817,s4.032109132426358
110_64,s4.462995375002980,s2.735292060852751,s-14.574691537693438
110_65,s5.693175963185645,s3.201467729489379,s4.113097285915804
110_66,s6.134862792447151,s3.249174451963177,s-5.347009757662887
110_67,s0.121917424710295,s4.096389486538394,s190.513754977423673
110_68,s1.017530620933364,s3.440454221777610,s181.573288774829706
110_69,s1.655900140648572,s3.631480901417725,s164.804765343642117
110_70,s2.830938804227295,s3.437263051046115,s187.464187243739900
110_71,s3.392856791267234,s3.818386745014173,s183.599873754063026
110_72,s4.011590566143689,s4.028914502344548,s167.338587303861857
110_73,s4.837198325923345,s3.681836162935462,s172.789534691945022
110_74,s5.089011460235226,s3.780027826359220,s175.594046133526547
110_75,s6.135034915071534,s3.817628862761703,s198.148846109705261
110_76,s0.403397213094415,s3.384894433746111,s3.805098645788378
110_77,s1.024251073021066,s3.951013852818616,s-2.049412161934989
110_78,s0.900149451855864,s4.388910988691414,s-5.011716285233208
110_79,s1.914153359492363,s3.720870813523346,s-2.821002033700637
110_80,s3.176672757036528,s4.113346391771088,s1.747007870852459
110_81,s3.468730909392893,s3.869105814018771,s7.559884719654744
110_82,s4.487138129773244,s3.621969109409823,s13.473751515389049
110_83,s4.502873291842838,s4.439286047726336,s-9.034826368311942
110_84,s5.820113861125669,s3.740523426043525,s-2.544612727807735
110_85,s6.004094097674368,s4.306106640098067,s3.385878785941048
110_86,s0.847977432471371,s4.839022123661612,s196.909135468322546
110_87,s1.317017989217652,s4.557461991509966,s178.563482890440099
110_88,s1.173410106185825,s4.510645753143237,s189.914463469311414
110_89,s2.479408394973297,s4.556738104632203,s201.625901024267790
110_90,s3.273610284955669,s4.735388828674760,s171.391566032207038
110_91,s4.102659387300512,s4.390920313738698,s181.871216770593634
110_92,s4.695523552108176,s4.752454419443316,s166.059913318205616
110_93,s5.189550139254949,s4.458493629335145,s182.756544451211084
110_94,s5.591800050038704,s5.055921888427780,s191.515973430986691
110_95,s0.186860053894970,s4.843156568818000,s22.695908562587164
110_96,s0.494190137477873,s4.979764456855024,s-0.076089438062365
110_97,s1.297409080642428,s4.841983978736682,s-14.978210954823465
110_98,s1.858833891815330,s4.706169629119361,s-3.817418323156404
110_99,s2.785380020849666,s5.217538153298857,s-8.063887167117752
110_100,s3.690937833263273,s4.901851122095682,s-11.861423127831870
110_101,s4.340917793665670,s5.475443453134138,s-47.582656125450526
110_102,s5.190070105226408,s5.241063700491082,s1.114706039659012
110_103,s5.422215261748738,s5.013434635551604,s-1.294708717312986
110_104,s5.993869080101592,s4.854715776570356,s-1.433432898386821
110_105,s0.547455049302979,s5.358445104009508,s177.596240220647928
110_106,s0.834234909890374,s5.884827438452779,s190.029517347338981
110_107,s2.015093130528972,s5.853524542313159,s189.658206900791129
110_108,s2.750559049384724,s5.474245529512179,s189.746829525250234
110_109,s3.479772784830370,s5.428134446000636,s187.551549583384116
111_0,s0.364037511596409,s0.131095919582794,s-8.713157008668620
111_1,s0.390518826196326,s0.047964753838230,s4.503550671596736
111_2,s1.385158477649790,s-0.194627652603399,s10.301314282391179
111_3,s2.450523189216125,s0.214114172842163,s-4.824774777666052
111_4,s2.336058041074362,s-0.174342848372564,s-16.733210016215189
111_5,s3.396723493831236,s-0.094233205070500,s-12.305216340396234
111_6,s4.381687190464406,s-0.260081820834967,s30.851134001860864
111_7,s5.371938159005635,s-0.224582466018901,s2.534860877676519
111_8,s5.933545312938339,s0.210343546176073,s-4.025317434830993
111_9,s6.151546576982304,s0.261536127722611,s-10.687798127481900
111_10,s0.274440821975483,s0.623546307987777,s172.232134415846502
111_11,s1.259586187089794,s1.093448486622357,s165.103339610771826
111_12,s1.606735537954432,s0.511808440269861,s193.423448926303365
111_13,s2.777012777301335,s0.806807382005511,s179.362196579142761
111_14,s3.078402481177283,s0.566636873267167,s165.618414990314108
111_15,s3.845717592882451,s0.737443280386236,s165.429685556999772
111_16,s4.265554425916997,s0.887767757356122,s188.143460864120073
111_17,s5.896417806909303,s0.865847131192811,s192.472404554962424
111_18,s5.597797940842235,s0.765438583979373,s192.847714231152565
111_19,s0.125956091996577,s0.938895804438642,s-12.231117727942344
111_20,s1.138060794324111,s0.708555373065508,s9.895818644521087
111_21,s1.599357963531655,s0.901763647324501,s1.182591032624305
111_22,s2.499520804223807,s0.921453243386140,s-3.869582410724642
111_23,s2.362913422848036,s0.960174667237983,s-9.154718534445257
111_24,s3.515675014579078,s1.003117120211993,s4.618610784479150
111_25,s4.356685186903821,s0.835606596471646,s3.198907349708437
111_26,s4.741572817846938,s1.362930852594284,s9.641493435264064
111_27,s5.669418366768618,s0.933391807940117,s5.500817643344655
111_28,s5.883379781418395,s0.960132971800880,s3.698530327616366
111_29,s0.629160470406357,s1.863222297817038,s182.693553575070467
111_30,s0.736885045622851,s1.447535402672963,s187.519432279488399
111_31,s1.388503841708580,s1.948556708591856,s172.985456322245966
111_32,s2.604469658206467,s1.305180692697987,s168.250690972368517
111_33,s2.872361200667505,s1.517922005822941,s178.436877945742651
111_34,s3.774169660440726,s2.089156460177498,s174.019451850148585
111_35,s4.616533926248165,s1.685236470818884,s188.297133033149322
111_36,s5.270842893359531,s2.163721497514923,s193.817538654514124
111_37,s6.170384896662298,s1.396202258990272,s176.745356264814006
111_38,s0.270952356423290,s2.185260280643014,s-4.968500259057886
111_39,s0.669534763168258,s1.529315319817860,s9.470031454759717
111_40,s0.994569006791548,s2.318874080333329,s-1.417773676967663
111_41,s2.660405320137071,s2.182635673662826,s-3.449306666321788
111_42,s2.158505830169550,s2.296064839442712,s11.352502610589308
111_43,s3.374794671990550,s1.882354447262294,s1.231967728502214
111_44,s4.185178605509521,s2.111049974999719,s3.773101022262505
111_45,s4.694380332319642,s1.652395962044501,s4.358165203252003
111_46,s5.380861692181669,s1.742975403017782,s-6.695821077986956
111_47,s5.984057320702941,s1.854217077402682,s-36.143036925135291
111_48,s0.085057349327991,s2.428303267838771,s177.951564903663126
111_49,s1.307742131339101,s2.270848335800739,s180.437422603821688
111_50,s1.812891052581814,s3.083508373568827,s175.860431295571317
111_51,s2.123599400924787,s3.218002791777803,s188.036125055747561
111_52,s2.926620558529051,s2.835396155106688,s181.609209905890935
111_53,s3.773130674322145,s2.791012044486594,s187.761165882805130
111_54,s4.331152033162957,s3.027455325694878,s177.904983183881058
111_55,s5.274068834969517,s3.241587952272502,s170.641799690943230
111_56,s5.542289592938172,s2.412795776051074,s175.476565885440380
111_57,s0.117050208384822,s3.298826339856072,s-1.241674718321461
111_58,s0.884928485622864,s2.636725262630612,s4.861154309013064
111_59,s1.020916533975250,s3.109449759399314,s2.014623899675105
111_60,s2.439044592628188,s2.975719309647597,s8.828189839225809
111_61,s2.807611766647539,s3.449516970475571,s11.763537671784734
111_62,s3.782493550066132,s3.463460041910676,s4.142001619010275
111_63,s3.817722153405588,s2.587449275185092,s-8.837118192584489
111_64,s4.629382454871784,s2.838346412068832,s-6.842108794612528
111_65,s5.934723608931336,s3.081574033097473,s-0.873491760218677
111_66,s6.034583235929409,s3.159278283749633,s-0.103294825468364
111_67,s0.291659245891140,s4.105178454450408,s185.188308503785777
111_68,s0.779269990939535,s3.221540549158171,s178.040514856976188
111_69,s1.583242358666891,s3.713451507895627,s164.245885399729161
111_70,s3.042456136110776,s4.058870349626456,s187.162047224266161
111_71,s3.629985300930065,s3.618531878895411,s177.105289133621113
111_72,s3.708308483097998,s4.211965922120704,s189.943837239223484
111_73,s4.794121393323520,s3.903278013039577,s173.100543515890223
111_74,s5.607184964146344,s3.864685071255376,s190.191135081846710
111_75,s5.990321784474898,s3.888854533362143,s174.647639398148613
111_76,s0.458487541148651,s3.837462177664174,s-6.644610291844926
111_77,s0.560503656058447,s3.806462694560030,s-0.417868611379965
111_78,s1.651911267502432,s4.317884580727535,s6.216377097291220
111_79,s1.895501432665231,s3.998779032386630,s-0.487994133534456
111_80,s2.552895925779252,s4.091822313194056,s-5.219622304173741
111_81,s3.481154920439490,s4.222127108391382,s0.911063867035414
111_82,s4.385714734127442,s3.641946532957877,s-4.362705648762546
111_83,s4.378677375606350,s4.205649367459642,s-9.901503776567756
111_84,s5.034679202704798,s3.581684505225858,s-8.552833155957504
111_85,s6.185931904862936,s3.647262335942212,s-6.055511789961251
111_86,s0.627612649235412,s4.810774540194386,s179.981028711390792
111_87,s0.965870593197167,s4.529702633583531,s172.501719559708619
111_88,s1.842333746676279,s5.028456354098159,s186.636675895216911
111_89,s2.285033562132137,s5.239703337632489,s165.555818809368134
111_90,s3.083367809809517,s4.968293311013625,s165.049789178672313
111_91,s4.331134184802713,s4.830832528047373,s169.196442651400702
111_92,s4.431736689073025,s4.421599346366668,s181.557678261159793
111_93,s5.569748399991483,s4.657750736064288,s187.809589182874845
111_94,s5.793798677029702,s4.657764101084259,s185.221873106165276
111_95,s0.193001830964912,s4.782394270185847,s26.819183181023970
111_96,s0.708663699513244,s5.218066911690040,s0.942973841986060
111_97,s1.586685288233938,s4.952007046942573,s-10.731853285745350
111_98,s2.659345577653672,s5.148178844903130,s9.719199366045380
111_99,s2.767627636251015,s5.475048804670057,s2.077860109323817
111_100,s3.015734490825382,s5.298770104149889,s-5.362852684558151
111_101,s4.515207799548303,s5.272817431853671,s10.082415172639022
111_102,s5.068068067234863,s5.487754926420221,s-23.278392555159954
111_103,s5.386338178254496,s4.728048801829134,s12.615593166960025
111_104,s5.955015231963000,s5.627900148676700,s42.698094963495933
111_105,s0.766815493369014,s6.021776977850420,s186.483894124633110
111_106,s0.837027714521689,s6.106699587443627,s173.540559783446497
111_107,s1.768066980167408,s5.559644674763680,s172.198964219730840
111_108,s2.047769336562180,s5.749490480988381,s174.792147838110139
111_109,s2.810658223058216,s5.533768166763624,s187.365597603839518
111_110,s4.509289369145669,s6.023281131750586,s166.351788883634953
112_0,s0.431207684261750,s-0.094890141806593,s14.556387348083943
112_1,s0.652319553881321,s-0.109588749813809,s3.389837259846318
112_2,s1.295053662464755,s0.299956468958269,s4.298743573245665
112_3,s2.239108341413522,s0.288440025770088,s2.878475076049249
112_4,s2.820487790958571,s0.120967443354095,s-13.071739234814125
112_5,s3.505108929819277,s0.022078264879254,s-2.029726868606621
112_6,s4.430049048435730,s0.385677989733638,s12.937438754777716
112_7,s5.086579850215747,s0.206328016821258,s-4.983482114102274
112_8,s5.458024241889648,s0.617017871568262,s-5.715400119202909
112_9,s5.887482362074796,s-0.114305581411105,s-13.348886461743247
112_10,s0.467598918379050,s0.625360766402726,s165.048891678445784
112_11,s0.755132288905185,s0.833297529319181,s172.469153854452657
112_12,s1.948839699277278,s1.011813990472250,s170.994604596801338
112_13,s2.302874191890854,s0.972356557514206,s175.829602051550893
112_14,s2.931008911780169,s0.954142652061702,s168.802874815858502
112_15,s3.567161351923176,s0.446977392600012,s174.193602675212645
112_16,s4.416737249757377,s1.040139167879881,s190.753964260220442
112_17,s4.765046630221798,s0.401303132123038,s185.126512245332322
112_18,s5.528823418780959,s0.930671144473233,s175.631372100466280
112_19,s0.179103479296775,s0.980340632486869,s-17.849845872528885
112_20,s0.386618659719894,s1.172922543665872,s-2.247357354415637
112_21,s1.644604158965900,s0.824952479102353,s-0.304043112056255
112_22,s2.302456762611658,s0.902071305964111,s-4.471256134463911
112_23,s2.787436223929154,s1.126917125228187,s-11.326205992396579
112_24,s3.032295970548925,s0.698520792670029,s2.898714394153769
112_25,s3.802034145516135,s0.706308391940874,s-8.045538264574930
112_26,s4.713477705133550,s0.850064734109615,s-0.836491929823299
112_27,s5.672715499625386,s0.500568302753509,s-11.050378716428277
112_28,s6.188595594737480,s0.835051861450268,s-19.478398857297893
112_29,s0.459253856455234,s1.330138175069527,s176.316913910087720
112_30,s1.222754516559402,s1.895608347596437,s185.442843398600303
112_31,s1.631977054810959,s1.883980412074487,s189.756540277278049
112_32,s2.227527401251196,s1.861709381158664,s182.934983380936814
112_33,s3.025131790255144,s2.066767605941529,s169.266881582998082
112_34,s3.916471540860552,s1.876624665110521,s191.268041586035366
112_35,s4.417741869249731,s1.592326019346977,s180.288029264190783
112_36,s5.266142564129538,s1.841110925975449,s189.636655613743500
112_37,s5.738061962787398,s1.769018739318887,s189.807203181675106
112_38,s0.169198857983592,s2.305517447000204,s12.049137065413742
112_39,s0.788002306950490,s1.575326361529671,s-8.025226678424758
112_40,s1.181422908870950,s1.644484436593066,s-3.012689129481806
112_41,s1.879698511799811,s2.524004119442217,s-11.365246986688229
112_42,s2.813916823804688,s1.601883424465475,s0.141707018684716
112_43,s3.844518062388156,s2.044768522686506,s1.807586248357931
112_44,s4.234934335830483,s1.864910843128518,s-3.174360022369179
112_45,s4.800795114970603,s1.821988037784167,s3.092670129342725
112_46,s5.213842761878280,s2.370004041934810,s-4.212741255989204
112_47,s6.063881735532908,s1.894512955447355,s11.081021502997475
112_48,s0.249771757488258,s3.194761200988062,s193.172906335207898
112_49,s1.025664827680828,s2.864621496410232,s191.047460792583990
112_50,s1.755628800471712,s2.861673040605104,s186.957427647284590
112_51,s2.696138329901864,s2.952799898911350,s176.451744192141263
112_52,s3.069405239206475,s2.649217568479037,s182.134247189919989
112_53,s4.081108900633528,s2.761580804969154,s182.896404233627266
112_54,s4.831459028740656,s2.645207034960018,s191.218575912030502
112_55,s5.491517362241018,s3.111583877391887,s180.417134828064462
112_56,s5.923983934863316,s2.572914872518019,s181.866283854826293
112_57,s0.209400245592863,s3.098849731142192,s2.677272587667955
112_58,s0.606055769962476,s2.805226190272154,s10.618161435557882
112_59,s1.370291178308025,s3.331780519518254,s3.135796119744781
112_60,s2.075499391108472,s3.554993212719536,s-0.891516004851163
112_61,s2.591248772186266,s2.785161002138152,s7.293615041750970
112_62,s3.503564058741807,s2.880818234630953,s-1.858320197076459
112_63,s4.291854907154932,s2.676815498382915,s3.274210090608263
112_64,s4.722165765243675,s3.197967581957996,s-7.480895285774740
112_65,s5.322815425906775,s3.050926545431575,s0.092597462570320
112_66,s6.052357114049940,s2.801079669324236,s-29.199516299778288
112_67,s0.391115932116276,s3.751172338443260,s181.171104853982712
112_68,s0.979232307647443,s4.000059178798646,s179.720628520251097
112_69,s1.698166836358823,s4.055843013606084,s178.305151451666404
112_70,s2.404633405535008,s3.895420984223837,s180.555192580078256
112_71,s3.398818233363707,s4.037323532742870,s179.964880750613133
112_72,s3.950702363937265,s4.075370578435732,s188.810426586648333
112_73,s4.587024338325718,s4.072458692302578,s170.965237114432824
112_74,s4.945807929368643,s3.563532058569629,s188.488203834709822
112_75,s5.635738620275784,s3.620822173007724,s183.180527384627084
112_76,s0.369308162179342,s3.878533819208382,s3.281006571661527
112_77,s0.942059831927501,s3.806131325142245,s-2.917228880309366
112_78,s1.531936936192158,s3.974414357246260,s1.793188531388903
112_79,s1.899747171432400,s4.260387533851861,s10.522120916072760
112_80,s2.669378784434945,s3.708137789753392,s-3.536055980946668
112_81,s3.274672376112369,s3.889543221625575,s-3.789510149288693
112_82,s4.401387507920731,s4.295966285587770,s-0.629882509997372
112_83,s5.198984937242794,s4.094528585418854,s3.003084750660029
112_84,s5.525436851678069,s3.928967548769873,s-9.592083186291385
112_85,s6.154653036844339,s4.306793502438000,s2.741352383419818
112_86,s0.486322934781640,s4.557746964668815,s172.884640224432559
112_87,s1.465306714344515,s4.429939807908173,s192.514351114418901
112_88,s2.191777774193107,s4.894566412892840,s182.427694313675147
112_89,s2.281701897506425,s4.729497635949108,s179.810792742267836
112_90,s2.517123920518669,s4.911933340740351,s180.501075746707755
112_91,s3.905631814084772,s4.667384733811886,s183.949346797909072
112_92,s4.619059338794039,s4.931206885006759,s185.022424430523756
112_93,s4.991685922937978,s4.571806185267647,s178.935002203032980
112_94,s6.070802728609609,s4.944485228506683,s183.204974698445284
112_95,s0.164705103717543,s4.889502487939362,s20.717018550177265
112_96,s0.794069331586311,s4.967191632105704,s-0.154223919020885
112_97,s0.957667258697916,s5.198701452731481,s8.382993477418101
112_98,s2.150168278218771,s5.107203003831034,s-4.292450845279397
112_99,s3.027476622680068,s5.499492560967724,s7.596756875840915
112_100,s3.718617858675795,s4.934155380845612,s-1.500439043973052
112_101,s4.379985742740633,s4.698100121392976,s-1.856107130847636
112_102,s5.056598672988319,s4.904122054224252,s9.070585409130599
112_103,s5.845328240376958,s4.901308891711811,s18.351259215922475
112_104,s6.009112994710390,s5.511662435050166,s19.883653176960742
112_105,s0.318075255565417,s5.799911877009699,s185.020077961439711
112_106,s0.998415370121821,s5.794047851097342,s179.507486477291707
112_107,s1.642585925128809,s5.718232301920193,s186.317250305325416
112_108,s2.373773568305539,s5.436844216425934,s186.823177754607968
112_109,s3.125111133470823,s5.935219813344584,s177.714508014856818
112_110,s3.481278528406482,s6.041433453263784,s174.866530648740451
112_111,s4.333393472629797,s6.074401466796098,s208.241199724355880
113_0,s0.270732015856874,s-0.085460528398547,s21.567030409357244
113_1,s0.805864391209941,s-0.128027373833107,s11.533377895511503
113_2,s1.341857423423750,s0.162198214058349,s-7.459552142713035
113_3,s2.192730045726083,s0.164256273185321,s10.458082775045753
113_4,s3.122871453203250,s0.554210700968436,s2.230496446314734
113_5,s3.754992833989623,s0.352951337530806,s-0.920824786858364
113_6,s4.232294650349791,s-0.249083562325829,s-9.628782964866121
113_7,s5.108572392153745,s0.003224061185559,s4.994107613539091
113_8,s5.467957316747103,s0.363448064819387,s5.531706043131551
113_9,s6.157617583589727,s-0.047767940749761,s90.218269343121150
113_10,s0.177282993622687,s0.898320662113131,s185.939963357308841
113_11,s1.150112096248497,s0.839237674386587,s173.431697617507155
113_12,s1.800808255241628,s1.075447074099613,s182.457293133968335
113_13,s2.289580012111966,s0.820866948922406,s176.427323287681617
113_14,s3.599576563863472,s0.462634288434241,s184.082429518425471
113_15,s3.501199960978051,s1.003261563775348,s177.704381207792494
113_16,s4.927935729684243,s0.934395407003815,s190.408787896001513
113_17,s4.807605317857061,s1.132769424403394,s171.002871996675310
113_18,s5.840055243206290,s1.036387891430805,s173.167616925834068
113_19,s0.100869624918528,s1.060725402056992,s20.280857208308010
113_20,s0.789260934093326,s1.046593521604892,s-0.356165287819709
113_21,s1.276861698784709,s0.979069711727124,s4.693317491684305
113_22,s2.222994543771695,s0.936229872701913,s14.424018266186103
113_23,s2.941380808244878,s1.092623379878838,s-5.795787229946086
113_24,s3.521923301013473,s0.954977157593902,s-8.321572275285728
113_25,s4.355406333566716,s1.109192484735575,s-3.679606957769415
113_26,s4.578502731097487,s0.580157409883520,s-2.549542414170104
113_27,s5.852030835703079,s0.939098163150136,s-12.432532909888847
113_28,s6.103940562087987,s1.006795624619295,s10.725646394799995
113_29,s0.643399723364303,s1.881468254932389,s187.816275262281181
113_30,s1.329911986070321,s2.277314844238465,s189.481183137954616
113_31,s1.478485394364094,s1.776619327922914,s185.260195391988191
113_32,s2.520321365987497,s1.954592955674840,s179.685976314605995
113_33,s2.979308069354132,s1.364762220220973,s186.926865530754668
113_34,s3.477565072114398,s1.949663952622013,s178.792687200979003
113_35,s5.016498334436541,s2.111383429982792,s171.839167702069147
113_36,s5.133453945516001,s1.786111690647831,s175.584493349299294
113_37,s6.084397354109647,s1.796585219091079,s178.380115863720818
113_38,s0.189330794490299,s2.058125405221588,s-7.123923933970867
113_39,s0.428205343943521,s2.203696587321755,s-7.605222393172618
113_40,s1.678348893001875,s2.460086686173773,s5.354397229388071
113_41,s1.994516129873619,s2.292686661283218,s-2.094207468655181
113_42,s2.804486775596989,s1.943509187776691,s4.755183900204548
113_43,s3.793464428700456,s2.351226953912016,s10.175120391343464
113_44,s4.084387558296086,s1.780609047496537,s5.990163507752419
113_45,s4.906372070519935,s2.156845073252868,s-8.564691000141167
113_46,s5.377444560744893,s1.931229094350416,s1.439420773757098
113_47,s5.994693374927623,s2.079873815066167,s-26.641113192024342
113_48,s0.275052387049624,s2.817604283240488,s182.930092189201503
113_49,s1.188134073494673,s2.524563995035887,s190.265924842107097
113_50,s1.610897561911073,s2.782283737122377,s178.522195927255865
113_51,s2.846096582325605,s2.811104867884340,s185.592794049228416
113_52,s3.170040580868872,s3.257382926258701,s179.597435996460320
113_53,s3.857569012504380,s3.026599303578760,s180.393447183726806
113_54,s4.534743783200813,s2.928400190158349,s174.608111244943302
113_55,s5.291156752793909,s2.436272708004302,s176.578121433827505
113_56,s5.706384463709655,s3.197570106433297,s188.276477463454427
113_57,s0.169441851316326,s2.620064389161136,s10.275079168305982
113_58,s0.542839584944565,s3.049544084659808,s-11.983303122221784
113_59,s1.456932369054927,s2.740456820477459,s-5.997909311468503
113_60,s2.102846620607560,s3.054371330302716,s2.056348829222973
113_61,s2.465682750076283,s3.079617609373956,s-6.930415965487974
113_62,s3.592824456991324,s2.801820769681326,s3.059074477742101
113_63,s4.394115872345397,s3.111092231747138,s0.733868650073205
113_64,s4.507500722086204,s2.460972427338734,s3.317417898001181
113_65,s5.759315813331851,s2.799766565385626,s11.093360297359531
113_66,s6.040694820063979,s3.171050736988306,s-7.698930158745783
113_67,s0.365968403409151,s3.866520036804015,s180.111035692500764
113_68,s1.226064129187012,s3.804758763580269,s172.147340080932878
113_69,s1.900309782480583,s3.867426884034628,s181.984536802433496
113_70,s2.382183368027243,s3.339567859192381,s168.060477883990870
113_71,s3.343838985159720,s3.623154870469264,s175.978298300100278
113_72,s3.741445932917883,s3.834265095010243,s169.556705275780303
113_73,s4.535145973501194,s3.841824369049822,s192.465583193289007
113_74,s5.068927440055430,s3.891971684085361,s197.276626338586169
113_75,s6.007878615935747,s3.784744724124729,s179.068121074806839
113_76,s0.074932544204722,s3.693082939575303,s14.112415416656905
113_77,s1.051864825462210,s3.927562946841607,s-9.121194032162981
113_78,s1.719363052665974,s3.725363726346411,s3.792634078337840
113_79,s1.951382174956228,s4.105954443888043,s-5.500576191660479
113_80,s2.749275215725049,s4.395067554972156,s-3.441578947334822
113_81,s3.540868419912731,s3.802583504548440,s-1.360200186797404
113_82,s4.274698361627689,s3.843209348908671,s-5.737717153174404
113_83,s4.926512493687714,s3.924993486519944,s9.976063588646676
113_84,s5.823533261948288,s4.034872135149179,s-1.360415107118664
113_85,s6.187157338347578,s4.357061258723578,s-8.636382581813562
113_86,s0.775822087125093,s5.134582941660139,s187.011869627496907
113_87,s1.219439959129147,s4.600399171050108,s184.932765181939715
113_88,s2.071139484108869,s4.605382430926527,s176.670222073371860
113_89,s2.898888433776632,s5.072305505744641,s179.580076365669981
113_90,s3.016052445128450,s4.468010433679822,s171.720311830023945
113_91,s4.028972459516891,s4.822655370614688,s175.220348967197623
113_92,s4.999576391013290,s5.152125863995603,s170.970569658133002
113_93,s5.353277851082496,s4.654819366380516,s185.098052940998372
113_94,s5.750005722518364,s4.573783082369030,s186.492952232556291
113_95,s0.364824106772968,s5.339481561882730,s-7.112634072288023
113_96,s0.766291600613702,s4.992081528437217,s3.462117195016917
113_97,s1.106974353149552,s5.524466936271443,s0.091575781565462
113_98,s2.048710862905030,s4.647842996497209,s11.170135639770862
113_99,s2.912750562782490,s5.158147404637544,s7.028371939251647
113_100,s3.571491873235380,s5.149385767415452,s-4.475484209450550
113_101,s4.589246435385893,s5.003766855826583,s3.745031999830917
113_102,s4.767732852921730,s5.394096747486691,s-8.423640569289507
113_103,s5.708324497943821,s5.111040812845994,s-1.210640275007883
113_104,s6.194318501946087,s5.120349522543466,s13.251750457226182
113_105,s0.125357328567083,s5.858508322954393,s187.350328821600613
113_106,s0.829606361183007,s5.943017405870430,s181.980194916667017
113_107,s2.113430799044357,s6.077535042403012,s174.431199561617376
113_108,s2.314616282492290,s5.726608713414841,s168.575400308568049
113_109,s3.315602637765410,s5.857258363606362,s162.435071218586131
113_110,s4.429727116187840,s6.123872648140178,s169.497157260566752
113_111,s4.343336879033558,s5.877761529980229,s168.340205882199456
113_112,s5.278853865221731,s5.932130750791634,s186.419352344410044
114_0,s0.301378958582908,s-0.030444480953980,s-1.681890228603909
114_1,s0.459710766246459,s0.051648583275652,s6.129885248666848
114_2,s1.167007558437930,s0.041364576845472,s8.887561570147572
114_3,s1.649881779640678,s0.021946843403416,s-10.243016465466749
114_4,s2.847849178304396,s-0.033665586270320,s9.686769070683445
114_5,s3.553324195849915,s0.454398032782571,s7.748960738424413
114_6,s4.739531440958995,s0.022474594874509,s-15.083848050399428
114_7,s5.241869759657652,s-0.027575666587148,s6.677023045778858
114_8,s5.335355071528963,s0.127004660519661,s-7.657982238158326
114_9,s5.984610685114287,s-0.179853607752144,s-6.829335154518967
114_10,s0.409598589401076,s0.933633003629172,s177.815268683820193
114_11,s0.766116776111358,s0.693786124448999,s188.799082921432273
114_12,s1.396332367732620,s0.378378680976577,s185.144175114129837
114_13,s2.469194904010978,s0.964724653240760,s177.040081027974708
114_14,s2.933515429329878,s1.294722154897582,s179.271051363149468
114_15,s4.095031259411780,s0.808575749555928,s177.846799983905498
114_16,s4.707945594854864,s0.979658982362076,s172.879462899755737
114_17,s4.982863674383123,s1.057007205900174,s179.308089583182152
114_18,s5.772136173652919,s1.194556520868500,s178.407329493899482
114_19,s0.117090885584147,s0.654128854543943,s-10.792708875663992
114_20,s0.728905945006969,s0.704737904760127,s2.079889952556624
114_21,s1.588266359024457,s1.037097658168297,s-3.506698761701570
114_22,s1.612618021515018,s1.003860398042753,s-11.746853725817022
114_23,s3.039493561566866,s1.251639238121819,s11.856324532028887
114_24,s3.361705881728651,s1.022946945136248,s16.801952502266730
114_25,s4.219715243970285,s0.911211433330981,s6.267775444383690
114_26,s5.070468032629591,s0.896176965828270,s-1.456671798988295
114_27,s5.199032259316461,s1.167537522420501,s5.123316072197578
114_28,s6.100893793385765,s0.770521430785232,s-19.680170782755098
114_29,s0.401074536626237,s1.571703994710658,s170.767264737255118
114_30,s1.430385606616099,s1.643388436423892,s174.235368214436846
114_31,s1.696683077083920,s2.228068342012513,s174.545670189871515
114_32,s2.308063470741301,s1.597080021442226,s183.576872633925689
114_33,s3.113378874149602,s1.483916380731475,s192.697732397757619
114_34,s3.741578690012572,s2.039730940620482,s174.603041677209234
114_35,s4.693137979399531,s1.801097900836361,s187.964716325490116
114_36,s5.412164976661525,s1.610217660288316,s178.504027036479755
114_37,s5.645785727875081,s1.645538229516211,s179.550562964604808
114_38,s0.032540244923260,s1.818423797991964,s23.154507173512069
114_39,s0.806433909575694,s1.736230988160135,s1.986026457032585
114_40,s1.590548059267056,s1.923921551105905,s-7.048667658044697
114_41,s2.080966410352579,s2.244160602095567,s-0.466077462017430
114_42,s3.297506206056621,s1.807954960472463,s-5.517437657624119
114_43,s3.644169954784982,s2.207319848762729,s19.142113372309968
114_44,s4.068102860714270,s1.875748385383841,s-7.032108241393454
114_45,s5.006170192750202,s1.786853143732791,s14.050581092528455
114_46,s5.665104386903559,s2.434305496795277,s5.907754159345269
114_47,s5.999051167308680,s2.131514127726303,s5.597667424449079
114_48,s0.203002738536948,s2.862543715218878,s174.940210010111514
114_49,s1.391642047601576,s2.673465195336087,s170.186391667180231
114_50,s1.807208691158468,s2.778673234871203,s171.482271460486487
114_51,s2.352889675318411,s2.552814407225597,s173.122415619803292
114_52,s3.268627843121410,s2.934985575865037,s173.716374260207260
114_53,s3.718403516409875,s2.536013394731393,s184.974702253572389
114_54,s4.312404106927660,s3.054400669676671,s184.123191776807204
114_55,s5.439699532840550,s2.292146977142909,s179.472577875980051
114_56,s5.929069391829596,s2.637467484535933,s187.458940950997004
114_57,s0.137882584261998,s3.067996837683189,s-0.595058412817274
114_58,s0.902971762814786,s2.997817627630758,s7.171731319638981
114_59,s0.984114946185381,s3.185522067748108,s-4.124650935226011
114_60,s1.689869888154454,s2.798765126395489,s-8.342119934470958
114_61,s2.510850749402442,s3.489867828035073,s-3.336134056269565
114_62,s3.316309727342682,s3.309222936354045,s-9.058235348716639
114_63,s4.015220359346823,s3.238366927520389,s-1.540862260821548
114_64,s4.953615110834439,s2.898625430838354,s-0.907486531358858
114_65,s5.672989067449925,s2.682852144319111,s-2.375424377039998
114_66,s6.153019118851716,s2.919826486314189,s-22.311888278082357
114_67,s0.546936473794077,s3.834793796766055,s173.084094617828868
114_68,s0.976865090364830,s3.972952279359444,s170.574451052933739
114_69,s1.727777172600210,s4.300324108950322,s175.203632460560186
114_70,s2.493930255649312,s4.182293610457714,s191.039620129087695
114_71,s3.374873824241728,s3.796145205422065,s182.005271015726152
114_72,s4.171152190790962,s3.577487157655222,s185.990248804352461
114_73,s4.446576694039020,s4.324642558938125,s171.359102979314230
114_74,s5.188382070322242,s4.117108894121112,s187.504100446012131
114_75,s5.691365778228465,s3.923603292031339,s171.180141009893930
114_76,s0.315117640911369,s3.673841141976748,s0.747006423393214
114_77,s0.605553566687884,s4.149317714940161,s6.327371194036242
114_78,s1.303967189288798,s4.209403668349292,s-4.269810263191337
114_79,s1.856563927046755,s4.154094671486058,s7.643636647813378
114_80,s2.552484181544837,s4.327883448805015,s1.432997006489268
114_81,s3.151562781490303,s4.008841575829440,s2.337459631011659
114_82,s4.361278410785123,s4.104702125002495,s11.122235313856260
114_83,s4.947469910104357,s4.051365650625318,s-9.175119536689710
114_84,s5.352309249153881,s4.044019258852996,s1.304245184308376
114_85,s6.160460368265849,s3.661749178996494,s-5.244312638940651
114_86,s0.550693160387909,s4.811667873277574,s180.636927122338847
114_87,s1.087076475286506,s4.511008291241366,s184.553205588702525
114_88,s1.843764765797869,s5.145951430048259,s177.452207940385733
114_89,s2.756589841992743,s5.250248752475123,s179.164715695915362
114_90,s2.837208304823978,s4.699300030508688,s186.983603881392895
114_91,s3.869859282739029,s4.838097493484979,s187.694215585868903
114_92,s4.620668551863434,s4.884778818219225,s184.178069057782693
114_93,s5.343042840746036,s4.787115022828019,s191.279954706066491
114_94,s6.123244594073816,s5.307177325752900,s175.997173734278419
114_95,s0.104125236245652,s4.809737256194917,s12.234908340578706
114_96,s0.850806443306892,s4.879353349224472,s-8.555572884496264
114_97,s1.110253343279073,s4.946738678464039,s8.130797122097956
114_98,s2.018856548116250,s5.409994690722423,s-3.737415774047332
114_99,s2.982550534400753,s4.888758706529146,s-1.483121112464383
114_100,s3.670999903212505,s5.252562854821543,s-5.033624075761263
114_101,s3.942349973715003,s5.068425949640865,s-10.401423616345667
114_102,s4.905242743764052,s5.059096600585573,s-12.244383835717850
114_103,s5.712152406390033,s5.065689190654527,s-4.350676554331128
114_104,s6.155807112960028,s5.218102719704643,s-3.256792399289413
114_105,s0.299875653507040,s5.868331255704314,s188.729558645178400
114_106,s0.765639740711355,s6.043654107098678,s179.224166628341777
114_107,s1.492181048802774,s5.813383085202764,s183.458506504231934
114_108,s2.846039313612279,s5.740090395076356,s190.314856664389822
114_109,s3.527167774176576,s5.461980788626966,s175.907660687024418
114_110,s3.888309934878270,s5.407910209186333,s167.684023927478933
114_111,s4.895168673257162,s5.481469851208309,s180.355095455005369
114_112,s5.460641012456709,s5.711433357932197,s187.819910830437976
114_113,s6.043841617068824,s5.703292405454662,s176.847280252298361
115_0,s0.000000000000000,s0.000000000000000,s0.000000000000000
115_1,s0.700000000000000,s0.000000000000000,s0.000000000000000
115_2,s1.400000000000000,s0.000000000000000,s0.000000000000000
115_3,s2.100000000000000,s0.000000000000000,s0.000000000000000
115_4,s2.800000000000000,s0.000000000000000,s0.000000000000000
115_5,s3.500000000000000,s0.000000000000000,s0.000000000000000
115_6,s4.200000000000000,s0.000000000000000,s0.000000000000000
115_7,s4.900000000000000,s0.000000000000000,s0.000000000000000
115_8,s5.600000000000000,s0.000000000000000,s0.000000000000000
115_9,s0.350000000000000,s0.800000000000000,s180.000000000000000
115_10,s1.050000000000000,s0.800000000000000,s180.000000000000000
115_11,s1.750000000000000,s0.800000000000000,s180.000000000000000
115_12,s2.450000000000000,s0.800000000000000,s180.000000000000000
115_13,s3.150000000000000,s0.800000000000000,s180.000000000000000
115_14,s3.850000000000000,s0.800000000000000,s180.000000000000000
115_15,s4.550000000000000,s0.800000000000000,s180.000000000000000
115_16,s5.250000000000000,s0.800000000000000,s180.000000000000000
115_17,s5.950000000000000,s0.800000000000000,s180.000000000000000
115_18,s0.000000000000000,s1.000000000000000,s0.000000000000000
115_19,s0.700000000000000,s1.000000000000000,s0.000000000000000
115_20,s1.400000000000000,s1.000000000000000,s0.000000000000000
115_21,s2.100000000000000,s1.000000000000000,s0.000000000000000
115_22,s2.800000000000000,s1.000000000000000,s0.000000000000000
115_23,s3.500000000000000,s1.000000000000000,s0.000000000000000
115_24,s4.200000000000000,s1.000000000000000,s0.000000000000000
115_25,s4.900000000000000,s1.000000000000000,s0.000000000000000
115_26,s5.600000000000000,s1.000000000000000,s0.000000000000000
115_27,s0.350000000000000,s1.800000000000000,s180.000000000000000
115_28,s1.050000000000000,s1.800000000000000,s180.000000000000000
115_29,s1.750000000000000,s1.800000000000000,s180.000000000000000
115_30,s2.450000000000000,s1.800000000000000,s180.000000000000000
115_31,s3.150000000000000,s1.800000000000000,s180.000000000000000
115_32,s3.850000000000000,s1.800000000000000,s180.000000000000000
115_33,s4.550000000000000,s1.800000000000000,s180.000000000000000
115_34,s5.250000000000000,s1.800000000000000,s180.000000000000000
115_35,s5.950000000000000,s1.800000000000000,s180.000000000000000
115_36,s0.000000000000000,s2.000000000000000,s0.000000000000000
115_37,s0.700000000000000,s2.000000000000000,s0.000000000000000
115_38,s1.400000000000000,s2.000000000000000,s0.000000000000000
115_39,s2.100000000000000,s2.000000000000000,s0.000000000000000
115_40,s2.800000000000000,s2.000000000000000,s0.000000000000000
115_41,s3.500000000000000,s2.000000000000000,s0.000000000000000
115_42,s4.200000000000000,s2.000000000000000,s0.000000000000000
115_43,s4.900000000000000,s2.000000000000000,s0.000000000000000
115_44,s5.600000000000000,s2.000000000000000,s0.000000000000000
115_45,s0.350000000000000,s2.800000000000000,s180.000000000000000
115_46,s1.050000000000000,s2.800000000000000,s180.000000000000000
115_47,s1.750000000000000,s2.800000000000000,s180.000000000000000
115_48,s2.450000000000000,s2.800000000000000,s180.000000000000000
115_49,s3.150000000000000,s2.800000000000000,s180.000000000000000
115_50,s3.850000000000000,s2.800000000000000,s180.000000000000000
115_51,s4.550000000000000,s2.800000000000000,s180.000000000000000
115_52,s5.250000000000000,s2.800000000000000,s180.000000000000000
115_53,s5.950000000000000,s2.800000000000000,s180.000000000000000
115_54,s0.000000000000000,s3.000000000000000,s0.000000000000000
115_55,s0.700000000000000,s3.000000000000000,s0.000000000000000
115_56,s1.400000000000000,s3.000000000000000,s0.000000000000000
115_57,s2.100000000000000,s3.000000000000000,s0.000000000000000
115_58,s2.800000000000000,s3.000000000000000,s0.000000000000000
115_59,s3.500000000000000,s3.000000000000000,s0.000000000000000
115_60,s4.200000000000000,s3.000000000000000,s0.000000000000000
115_61,s4.900000000000000,s3.000000000000000,s0.000000000000000
115_62,s5.600000000000000,s3.000000000000000,s0.000000000000000
115_63,s0.350000000000000,s3.800000000000000,s180.000000000000000
115_64,s1.050000000000000,s3.800000000000000,s180.000000000000000
115_65,s1.750000000000000,s3.800000000000000,s180.000000000000000
115_66,s2.450000000000000,s3.800000000000000,s180.000000000000000
115_67,s3.150000000000000,s3.800000000000000,s180.000000000000000
115_68,s3.850000000000000,s3.800000000000000,s180.000000000000000
115_69,s4.550000000000000,s3.800000000000000,s180.000000000000000
115_70,s5.250000000000000,s3.800000000000000,s180.000000000000000
115_71,s5.950000000000000,s3.800000000000000,s180.000000000000000
115_72,s0.000000000000000,s4.000000000000000,s0.000000000000000
115_73,s0.700000000000000,s4.000000000000000,s0.000000000000000
115_74,s1.400000000000000,s4.000000000000000,s0.000000000000000
115_75,s2.100000000000000,s4.000000000000000,s0.000000000000000
115_76,s2.800000000000000,s4.000000000000000,s0.000000000000000
115_77,s3.500000000000000,s4.000000000000000,s0.000000000000000
115_78,s4.200000000000000,s4.000000000000000,s0.000000000000000
115_79,s4.900000000000000,s4.000000000000000,s0.000000000000000
115_80,s5.600000000000000,s4.000000000000000,s0.000000000000000
115_81,s0.350000000000000,s4.800000000000000,s180.000000000000000
115_82,s1.050000000000000,s4.800000000000000,s180.000000000000000
115_83,s1.750000000000000,s4.800000000000000,s180.000000000000000
115_84,s2.450000000000000,s4.800000000000000,s180.000000000000000
115_85,s3.150000000000000,s4.800000000000000,s180.000000000000000
115_86,s3.850000000000000,s4.800000000000000,s180.000000000000000
115_87,s4.550000000000000,s4.800000000000000,s180.000000000000000
115_88,s5.250000000000000,s4.800000000000000,s180.000000000000000
115_89,s5.950000000000000,s4.800000000000000,s180.000000000000000
115_90,s0.000000000000000,s5.000000000000000,s0.000000000000000
115_91,s0.700000000000000,s5.000000000000000,s0.000000000000000
115_92,s1.400000000000000,s5.000000000000000,s0.000000000000000
115_93,s2.100000000000000,s5.000000000000000,s0.000000000000000
115_94,s2.800000000000000,s5.000000000000000,s0.000000000000000
115_95,s3.500000000000000,s5.000000000000000,s0.000000000000000
115_96,s4.200000000000000,s5.000000000000000,s0.000000000000000
115_97,s4.900000000000000,s5.000000000000000,s0.000000000000000
115_98,s5.600000000000000,s5.000000000000000,s0.000000000000000
115_99,s0.350000000000000,s5.800000000000000,s180.000000000000000
115_100,s1.050000000000000,s5.800000000000000,s180.000000000000000
115_101,s1.750000000000000,s5.800000000000000,s180.000000000000000
115_102,s2.450000000000000,s5.800000000000000,s180.000000000000000
115_103,s3.150000000000000,s5.800000000000000,s180.000000000000000
115_104,s3.850000000000000,s5.800000000000000,s180.000000000000000
115_105,s4.550000000000000,s5.800000000000000,s180.000000000000000
115_106,s5.250000000000000,s5.800000000000000,s180.000000000000000
115_107,s5.950000000000000,s5.800000000000000,s180.000000000000000
115_108,s0.000000000000000,s6.000000000000000,s0.000000000000000
115_109,s0.700000000000000,s6.000000000000000,s0.000000000000000
115_110,s1.400000000000000,s6.000000000000000,s0.000000000000000
115_111,s2.100000000000000,s6.000000000000000,s0.000000000000000
115_112,s2.800000000000000,s6.000000000000000,s0.000000000000000
115_113,s3.500000000000000,s6.000000000000000,s0.000000000000000
115_114,s4.200000000000000,s6.000000000000000,s0.000000000000000
116_0,s0.000000000000000,s0.000000000000000,s0.000000000000000
116_1,s0.700000000000000,s0.000000000000000,s0.000000000000000
116_2,s1.400000000000000,s0.000000000000000,s0.000000000000000
116_3,s2.100000000000000,s0.000000000000000,s0.000000000000000
116_4,s2.800000000000000,s0.000000000000000,s0.000000000000000
116_5,s3.500000000000000,s0.000000000000000,s0.000000000000000
116_6,s4.200000000000000,s0.000000000000000,s0.000000000000000
116_7,s4.900000000000000,s0.000000000000000,s0.000000000000000
116_8,s5.600000000000000,s0.000000000000000,s0.000000000000000
116_9,s0.350000000000000,s0.800000000000000,s180.000000000000000
116_10,s1.050000000000000,s0.800000000000000,s180.000000000000000
116_11,s1.750000000000000,s0.800000000000000,s180.000000000000000
116_12,s2.450000000000000,s0.800000000000000,s180.000000000000000
116_13,s3.150000000000000,s0.800000000000000,s180.000000000000000
116_14,s3.850000000000000,s0.800000000000000,s180.000000000000000
116_15,s4.550000000000000,s0.800000000000000,s180.000000000000000
116_16,s5.250000000000000,s0.800000000000000,s180.000000000000000
116_17,s5.950000000000000,s0.800000000000000,s180.000000000000000
116_18,s0.000000000000000,s1.000000000000000,s0.000000000000000
116_19,s0.700000000000000,s1.000000000000000,s0.000000000000000
116_20,s1.400000000000000,s1.000000000000000,s0.000000000000000
116_21,s2.100000000000000,s1.000000000000000,s0.000000000000000
116_22,s2.800000000000000,s1.000000000000000,s0.000000000000000
116_23,s3.500000000000000,s1.000000000000000,s0.000000000000000
116_24,s4.200000000000000,s1.000000000000000,s0.000000000000000
116_25,s4.900000000000000,s1.000000000000000,s0.000000000000000
116_26,s5.600000000000000,s1.000000000000000,s0.000000000000000
116_27,s0.350000000000000,s1.800000000000000,s180.000000000000000
116_28,s1.050000000000000,s1.800000000000000,s180.000000000000000
116_29,s1.750000000000000,s1.800000000000000,s180.000000000000000
116_30,s2.450000000000000,s1.800000000000000,s180.000000000000000
116_31,s3.150000000000000,s1.800000000000000,s180.000000000000000
116_32,s3.850000000000000,s1.800000000000000,s180.000000000000000
116_33,s4.550000000000000,s1.800000000000000,s180.000000000000000
116_34,s5.250000000000000,s1.800000000000000,s180.000000000000000
116_35,s5.950000000000000,s1.800000000000000,s180.000000000000000
116_36,s0.000000000000000,s2.000000000000000,s0.000000000000000
116_37,s0.700000000000000,s2.000000000000000,s0.000000000000000
116_38,s1.400000000000000,s2.000000000000000,s0.000000000000000
116_39,s2.100000000000000,s2.000000000000000,s0.000000000000000
116_40,s2.800000000000000,s2.000000000000000,s0.000000000000000
116_41,s3.500000000000000,s2.000000000000000,s0.000000000000000
116_42,s4.200000000000000,s2.000000000000000,s0.000000000000000
116_43,s4.900000000000000,s2.000000000000000,s0.000000000000000
116_44,s5.600000000000000,s2.000000000000000,s0.000000000000000
116_45,s0.350000000000000,s2.800000000000000,s180.000000000000000
116_46,s1.050000000000000,s2.800000000000000,s180.000000000000000
116_47,s1.750000000000000,s2.800000000000000,s180.000000000000000
116_48,s2.450000000000000,s2.800000000000000,s180.000000000000000
116_49,s3.150000000000000,s2.800000000000000,s180.000000000000000
116_50,s3.850000000000000,s2.800000000000000,s180.000000000000000
116_51,s4.550000000000000,s2.800000000000000,s180.000000000000000
116_52,s5.250000000000000,s2.800000000000000,s180.000000000000000
116_53,s5.950000000000000,s2.800000000000000,s180.000000000000000
116_54,s0.000000000000000,s3.000000000000000,s0.000000000000000
116_55,s0.700000000000000,s3.000000000000000,s0.000000000000000
116_56,s1.400000000000000,s3.000000000000000,s0.000000000000000
116_57,s2.100000000000000,s3.000000000000000,s0.000000000000000
116_58,s2.800000000000000,s3.000000000000000,s0.000000000000000
116_59,s3.500000000000000,s3.000000000000000,s0.000000000000000
116_60,s4.200000000000000,s3.000000000000000,s0.000000000000000
116_61,s4.900000000000000,s3.000000000000000,s0.000000000000000
116_62,s5.600000000000000,s3.000000000000000,s0.000000000000000
116_63,s0.350000000000000,s3.800000000000000,s180.000000000000000
116_64,s1.050000000000000,s3.800000000000000,s180.000000000000000
116_65,s1.750000000000000,s3.800000000000000,s180.000000000000000
116_66,s2.450000000000000,s3.800000000000000,s180.000000000000000
116_67,s3.150000000000000,s3.800000000000000,s180.000000000000000
116_68,s3.850000000000000,s3.800000000000000,s180.000000000000000
116_69,s4.550000000000000,s3.800000000000000,s180.000000000000000
116_70,s5.250000000000000,s3.800000000000000,s180.000000000000000
116_71,s5.950000000000000,s3.800000000000000,s180.000000000000000
116_72,s0.000000000000000,s4.000000000000000,s0.000000000000000
116_73,s0.700000000000000,s4.000000000000000,s0.000000000000000
116_74,s1.400000000000000,s4.000000000000000,s0.000000000000000
116_75,s2.100000000000000,s4.000000000000000,s0.000000000000000
116_76,s2.800000000000000,s4.000000000000000,s0.000000000000000
116_77,s3.500000000000000,s4.000000000000000,s0.000000000000000
116_78,s4.200000000000000,s4.000000000000000,s0.000000000000000
116_79,s4.900000000000000,s4.000000000000000,s0.000000000000000
116_80,s5.600000000000000,s4.000000000000000,s0.000000000000000
116_81,s0.350000000000000,s4.800000000000000,s180.000000000000000
116_82,s1.050000000000000,s4.800000000000000,s180.000000000000000
116_83,s1.750000000000000,s4.800000000000000,s180.000000000000000
116_84,s2.450000000000000,s4.800000000000000,s180.000000000000000
116_85,s3.150000000000000,s4.800000000000000,s180.000000000000000
116_86,s3.850000000000000,s4.800000000000000,s180.000000000000000
116_87,s4.550000000000000,s4.800000000000000,s180.000000000000000
116_88,s5.250000000000000,s4.800000000000000,s180.000000000000000
116_89,s5.950000000000000,s4.800000000000000,s180.000000000000000
116_90,s0.000000000000000,s5.000000000000000,s0.000000000000000
116_91,s0.700000000000000,s5.000000000000000,s0.000000000000000
116_92,s1.400000000000000,s5.000000000000000,s0.000000000000000
116_93,s2.100000000000000,s5.000000000000000,s0.000000000000000
116_94,s2.800000000000000,s5.000000000000000,s0.000000000000000
116_95,s3.500000000000000,s5.000000000000000,s0.000000000000000
116_96,s4.200000000000000,s5.000000000000000,s0.000000000000000
116_97,s4.900000000000000,s5.000000000000000,s0.000000000000000
116_98,s5.600000000000000,s5.000000000000000,s0.000000000000000
116_99,s0.350000000000000,s5.800000000000000,s180.000000000000000
116_100,s1.050000000000000,s5.800000000000000,s180.000000000000000
116_101,s1.750000000000000,s5.800000000000000,s180.000000000000000
116_102,s2.450000000000000,s5.800000000000000,s180.000000000000000
116_103,s3.150000000000000,s5.800000000000000,s180.000000000000000
116_104,s3.850000000000000,s5.800000000000000,s180.000000000000000
116_105,s4.550000000000000,s5.800000000000000,s180.000000000000000
116_106,s5.250000000000000,s5.800000000000000,s180.000000000000000
116_107,s5.950000000000000,s5.800000000000000,s180.000000000000000
116_108,s0.000000000000000,s6.000000000000000,s0.000000000000000
116_109,s0.700000000000000,s6.000000000000000,s0.000000000000000
116_110,s1.400000000000000,s6.000000000000000,s0.000000000000000
116_111,s2.100000000000000,s6.000000000000000,s0.000000000000000
116_112,s2.800000000000000,s6.000000000000000,s0.000000000000000
116_113,s3.500000000000000,s6.000000000000000,s0.000000000000000
116_114,s4.200000000000000,s6.000000000000000,s0.000000000000000
116_115,s4.900000000000000,s6.000000000000000,s0.000000000000000
117_0,s0.000000000000000,s0.000000000000000,s0.000000000000000
117_1,s0.700000000000000,s0.000000000000000,s0.000000000000000
117_2,s1.400000000000000,s0.000000000000000,s0.000000000000000
117_3,s2.100000000000000,s0.000000000000000,s0.000000000000000
117_4,s2.800000000000000,s0.000000000000000,s0.000000000000000
117_5,s3.500000000000000,s0.000000000000000,s0.000000000000000
117_6,s4.200000000000000,s0.000000000000000,s0.000000000000000
117_7,s4.900000000000000,s0.000000000000000,s0.000000000000000
117_8,s5.600000000000000,s0.000000000000000,s0.000000000000000
117_9,s0.350000000000000,s0.800000000000000,s180.000000000000000
117_10,s1.050000000000000,s0.800000000000000,s180.000000000000000
117_11,s1.750000000000000,s0.800000000000000,s180.000000000000000
117_12,s2.450000000000000,s0.800000000000000,s180.000000000000000
117_13,s3.150000000000000,s0.800000000000000,s180.000000000000000
117_14,s3.850000000000000,s0.800000000000000,s180.000000000000000
117_15,s4.550000000000000,s0.800000000000000,s180.000000000000000
117_16,s5.250000000000000,s0.800000000000000,s180.000000000000000
117_17,s5.950000000000000,s0.800000000000000,s180.000000000000000
117_18,s0.000000000000000,s1.000000000000000,s0.000000000000000
117_19,s0.700000000000000,s1.000000000000000,s0.000000000000000
117_20,s1.400000000000000,s1.000000000000000,s0.000000000000000
117_21,s2.100000000000000,s1.000000000000000,s0.000000000000000
117_22,s2.800000000000000,s1.000000000000000,s0.000000000000000
117_23,s3.500000000000000,s1.000000000000000,s0.000000000000000
117_24,s4.200000000000000,s1.000000000000000,s0.000000000000000
117_25,s4.900000000000000,s1.000000000000000,s0.000000000000000
117_26,s5.600000000000000,s1.000000000000000,s0.000000000000000
117_27,s0.350000000000000,s1.800000000000000,s180.000000000000000
117_28,s1.050000000000000,s1.800000000000000,s180.000000000000000
117_29,s1.750000000000000,s1.800000000000000,s180.000000000000000
117_30,s2.450000000000000,s1.800000000000000,s180.000000000000000
117_31,s3.150000000000000,s1.800000000000000,s180.000000000000000
117_32,s3.850000000000000,s1.800000000000000,s180.000000000000000
117_33,s4.550000000000000,s1.800000000000000,s180.000000000000000
117_34,s5.250000000000000,s1.800000000000000,s180.000000000000000
117_35,s5.950000000000000,s1.800000000000000,s180.000000000000000
117_36,s0.000000000000000,s2.000000000000000,s0.000000000000000
117_37,s0.700000000000000,s2.000000000000000,s0.000000000000000
117_38,s1.400000000000000,s2.000000000000000,s0.000000000000000
117_39,s2.100000000000000,s2.000000000000000,s0.000000000000000
117_40,s2.800000000000000,s2.000000000000000,s0.000000000000000
117_41,s3.500000000000000,s2.000000000000000,s0.000000000000000
117_42,s4.200000000000000,s2.000000000000000,s0.000000000000000
117_43,s4.900000000000000,s2.000000000000000,s0.000000000000000
117_44,s5.600000000000000,s2.000000000000000,s0.000000000000000
117_45,s0.350000000000000,s2.800000000000000,s180.000000000000000
117_46,s1.050000000000000,s2.800000000000000,s180.000000000000000
117_47,s1.750000000000000,s2.800000000000000,s180.000000000000000
117_48,s2.450000000000000,s2.800000000000000,s180.000000000000000
117_49,s3.150000000000000,s2.800000000000000,s180.000000000000000
117_50,s3.850000000000000,s2.800000000000000,s180.000000000000000
117_51,s4.550000000000000,s2.800000000000000,s180.000000000000000
117_52,s5.250000000000000,s2.800000000000000,s180.000000000000000
117_53,s5.950000000000000,s2.800000000000000,s180.000000000000000
117_54,s0.000000000000000,s3.000000000000000,s0.000000000000000
117_55,s0.700000000000000,s3.000000000000000,s0.000000000000000
117_56,s1.400000000000000,s3.000000000000000,s0.000000000000000
117_57,s2.100000000000000,s3.000000000000000,s0.000000000000000
117_58,s2.800000000000000,s3.000000000000000,s0.000000000000000
117_59,s3.500000000000000,s3.000000000000000,s0.000000000000000
117_60,s4.200000000000000,s3.000000000000000,s0.000000000000000
117_61,s4.900000000000000,s3.000000000000000,s0.000000000000000
117_62,s5.600000000000000,s3.000000000000000,s0.000000000000000
117_63,s0.350000000000000,s3.800000000000000,s180.000000000000000
117_64,s1.050000000000000,s3.800000000000000,s180.000000000000000
117_65,s1.750000000000000,s3.800000000000000,s180.000000000000000
117_66,s2.450000000000000,s3.800000000000000,s180.000000000000000
117_67,s3.150000000000000,s3.800000000000000,s180.000000000000000
117_68,s3.850000000000000,s3.800000000000000,s180.000000000000000
117_69,s4.550000000000000,s3.800000000000000,s180.000000000000000
117_70,s5.250000000000000,s3.800000000000000,s180.000000000000000
117_71,s5.950000000000000,s3.800000000000000,s180.000000000000000
117_72,s0.000000000000000,s4.000000000000000,s0.000000000000000
117_73,s0.700000000000000,s4.000000000000000,s0.000000000000000
117_74,s1.400000000000000,s4.000000000000000,s0.000000000000000
117_75,s2.100000000000000,s4.000000000000000,s0.000000000000000
117_76,s2.800000000000000,s4.000000000000000,s0.000000000000000
117_77,s3.500000000000000,s4.000000000000000,s0.000000000000000
117_78,s4.200000000000000,s4.000000000000000,s0.000000000000000
117_79,s4.900000000000000,s4.000000000000000,s0.000000000000000
117_80,s5.600000000000000,s4.000000000000000,s0.000000000000000
117_81,s0.350000000000000,s4.800000000000000,s180.000000000000000
117_82,s1.050000000000000,s4.800000000000000,s180.000000000000000
117_83,s1.750000000000000,s4.800000000000000,s180.000000000000000
117_84,s2.450000000000000,s4.800000000000000,s180.000000000000000
117_85,s3.150000000000000,s4.800000000000000,s180.000000000000000
117_86,s3.850000000000000,s4.800000000000000,s180.000000000000000
117_87,s4.550000000000000,s4.800000000000000,s180.000000000000000
117_88,s5.250000000000000,s4.800000000000000,s180.000000000000000
117_89,s5.950000000000000,s4.800000000000000,s180.000000000000000
117_90,s0.000000000000000,s5.000000000000000,s0.000000000000000
117_91,s0.700000000000000,s5.000000000000000,s0.000000000000000
117_92,s1.400000000000000,s5.000000000000000,s0.000000000000000
117_93,s2.100000000000000,s5.000000000000000,s0.000000000000000
117_94,s2.800000000000000,s5.000000000000000,s0.000000000000000
117_95,s3.500000000000000,s5.000000000000000,s0.000000000000000
117_96,s4.200000000000000,s5.000000000000000,s0.000000000000000
117_97,s4.900000000000000,s5.000000000000000,s0.000000000000000
117_98,s5.600000000000000,s5.000000000000000,s0.000000000000000
117_99,s0.350000000000000,s5.800000000000000,s180.000000000000000
117_100,s1.050000000000000,s5.800000000000000,s180.000000000000000
117_101,s1.750000000000000,s5.800000000000000,s180.000000000000000
117_102,s2.450000000000000,s5.800000000000000,s180.000000000000000
117_103,s3.150000000000000,s5.800000000000000,s180.000000000000000
117_104,s3.850000000000000,s5.800000000000000,s180.000000000000000
117_105,s4.550000000000000,s5.800000000000000,s180.000000000000000
117_106,s5.250000000000000,s5.800000000000000,s180.000000000000000
117_107,s5.950000000000000,s5.800000000000000,s180.000000000000000
117_108,s0.000000000000000,s6.000000000000000,s0.000000000000000
117_109,s0.700000000000000,s6.000000000000000,s0.000000000000000
117_110,s1.400000000000000,s6.000000000000000,s0.000000000000000
117_111,s2.100000000000000,s6.000000000000000,s0.000000000000000
117_112,s2.800000000000000,s6.000000000000000,s0.000000000000000
117_113,s3.500000000000000,s6.000000000000000,s0.000000000000000
117_114,s4.200000000000000,s6.000000000000000,s0.000000000000000
117_115,s4.900000000000000,s6.000000000000000,s0.000000000000000
117_116,s5.600000000000000,s6.000000000000000,s0.000000000000000
118_0,s0.000000000000000,s0.000000000000000,s0.000000000000000
118_1,s0.700000000000000,s0.000000000000000,s0.000000000000000
118_2,s1.400000000000000,s0.000000000000000,s0.000000000000000
118_3,s2.100000000000000,s0.000000000000000,s0.000000000000000
118_4,s2.800000000000000,s0.000000000000000,s0.000000000000000
118_5,s3.500000000000000,s0.000000000000000,s0.000000000000000
118_6,s4.200000000000000,s0.000000000000000,s0.000000000000000
118_7,s4.900000000000000,s0.000000000000000,s0.000000000000000
118_8,s5.600000000000000,s0.000000000000000,s0.000000000000000
118_9,s6.300000000000000,s0.000000000000000,s0.000000000000000
118_10,s0.350000000000000,s0.800000000000000,s180.000000000000000
118_11,s1.050000000000000,s0.800000000000000,s180.000000000000000
118_12,s1.750000000000000,s0.800000000000000,s180.000000000000000
118_13,s2.450000000000000,s0.800000000000000,s180.000000000000000
118_14,s3.150000000000000,s0.800000000000000,s180.000000000000000
118_15,s3.850000000000000,s0.800000000000000,s180.000000000000000
118_16,s4.550000000000000,s0.800000000000000,s180.000000000000000
118_17,s5.250000000000000,s0.800000000000000,s180.000000000000000
118_18,s5.950000000000000,s0.800000000000000,s180.000000000000000
118_19,s0.000000000000000,s1.000000000000000,s0.000000000000000
118_20,s0.700000000000000,s1.000000000000000,s0.000000000000000
118_21,s1.400000000000000,s1.000000000000000,s0.000000000000000
118_22,s2.100000000000000,s1.000000000000000,s0.000000000000000
118_23,s2.800000000000000,s1.000000000000000,s0.000000000000000
118_24,s3.500000000000000,s1.000000000000000,s0.000000000000000
118_25,s4.200000000000000,s1.000000000000000,s0.000000000000000
118_26,s4.900000000000000,s1.000000000000000,s0.000000000000000
118_27,s5.600000000000000,s1.000000000000000,s0.000000000000000
118_28,s6.300000000000000,s1.000000000000000,s0.000000000000000
118_29,s0.350000000000000,s1.800000000000000,s180.000000000000000
118_30,s1.050000000000000,s1.800000000000000,s180.000000000000000
118_31,s1.750000000000000,s1.800000000000000,s180.000000000000000
118_32,s2.450000000000000,s1.800000000000000,s180.000000000000000
118_33,s3.150000000000000,s1.800000000000000,s180.000000000000000
118_34,s3.850000000000000,s1.800000000000000,s180.000000000000000
118_35,s4.550000000000000,s1.800000000000000,s180.000000000000000
118_36,s5.250000000000000,s1.800000000000000,s180.000000000000000
118_37,s5.950000000000000,s1.800000000000000,s180.000000000000000
118_38,s0.000000000000000,s2.000000000000000,s0.000000000000000
118_39,s0.700000000000000,s2.000000000000000,s0.000000000000000
118_40,s1.400000000000000,s2.000000000000000,s0.000000000000000
118_41,s2.100000000000000,s2.000000000000000,s0.000000000000000
118_42,s2.800000000000000,s2.000000000000000,s0.000000000000000
118_43,s3.500000000000000,s2.000000000000000,s0.000000000000000
118_44,s4.200000000000000,s2.000000000000000,s0.000000000000000
118_45,s4.900000000000000,s2.000000000000000,s0.000000000000000
118_46,s5.600000000000000,s2.000000000000000,s0.000000000000000
118_47,s6.300000000000000,s2.000000000000000,s0.000000000000000
118_48,s0.350000000000000,s2.800000000000000,s180.000000000000000
118_49,s1.050000000000000,s2.800000000000000,s180.000000000000000
118_50,s1.750000000000000,s2.800000000000000,s180.000000000000000
118_51,s2.450000000000000,s2.800000000000000,s180.000000000000000
118_52,s3.150000000000000,s2.800000000000000,s180.000000000000000
118_53,s3.850000000000000,s2.800000000000000,s180.000000000000000
118_54,s4.550000000000000,s2.800000000000000,s180.000000000000000
118_55,s5.250000000000000,s2.800000000000000,s180.000000000000000
118_56,s5.950000000000000,s2.800000000000000,s180.000000000000000
118_57,s0.000000000000000,s3.000000000000000,s0.000000000000000
118_58,s0.700000000000000,s3.000000000000000,s0.000000000000000
118_59,s1.400000000000000,s3.000000000000000,s0.000000000000000
118_60,s2.100000000000000,s3.000000000000000,s0.000000000000000
118_61,s2.800000000000000,s3.000000000000000,s0.000000000000000
118_62,s3.500000000000000,s3.000000000000000,s0.000000000000000
118_63,s4.200000000000000,s3.000000000000000,s0.000000000000000
118_64,s4.900000000000000,s3.000000000000000,s0.000000000000000
118_65,s5.600000000000000,s3.000000000000000,s0.000000000000000
118_66,s6.300000000000000,s3.000000000000000,s0.000000000000000
118_67,s0.350000000000000,s3.800000000000000,s180.000000000000000
118_68,s1.050000000000000,s3.800000000000000,s180.000000000000000
118_69,s1.750000000000000,s3.800000000000000,s180.000000000000000
118_70,s2.450000000000000,s3.800000000000000,s180.000000000000000
118_71,s3.150000000000000,s3.800000000000000,s180.000000000000000
118_72,s3.850000000000000,s3.800000000000000,s180.000000000000000
118_73,s4.550000000000000,s3.800000000000000,s180.000000000000000
118_74,s5.250000000000000,s3.800000000000000,s180.000000000000000
118_75,s5.950000000000000,s3.800000000000000,s180.000000000000000
118_76,s0.000000000000000,s4.000000000000000,s0.000000000000000
118_77,s0.700000000000000,s4.000000000000000,s0.000000000000000
118_78,s1.400000000000000,s4.000000000000000,s0.000000000000000
118_79,s2.100000000000000,s4.000000000000000,s0.000000000000000
118_80,s2.800000000000000,s4.000000000000000,s0.000000000000000
118_81,s3.500000000000000,s4.000000000000000,s0.000000000000000
118_82,s4.200000000000000,s4.000000000000000,s0.000000000000000
118_83,s4.900000000000000,s4.000000000000000,s0.000000000000000
118_84,s5.600000000000000,s4.000000000000000,s0.000000000000000
118_85,s6.300000000000000,s4.000000000000000,s0.000000000000000
118_86,s0.350000000000000,s4.800000000000000,s180.000000000000000
118_87,s1.050000000000000,s4.800000000000000,s180.000000000000000
118_88,s1.750000000000000,s4.800000000000000,s180.000000000000000
118_89,s2.450000000000000,s4.800000000000000,s180.000000000000000
118_90,s3.150000000000000,s4.800000000000000,s180.000000000000000
118_91,s3.850000000000000,s4.800000000000000,s180.000000000000000
118_92,s4.550000000000000,s4.800000000000000,s180.000000000000000
118_93,s5.250000000000000,s4.800000000000000,s180.000000000000000
118_94,s5.950000000000000,s4.800000000000000,s180.000000000000000
118_95,s0.000000000000000,s5.000000000000000,s0.000000000000000
118_96,s0.700000000000000,s5.000000000000000,s0.000000000000000
118_97,s1.400000000000000,s5.000000000000000,s0.000000000000000
118_98,s2.100000000000000,s5.000000000000000,s0.000000000000000
118_99,s2.800000000000000,s5.000000000000000,s0.000000000000000
118_100,s3.500000000000000,s5.000000000000000,s0.000000000000000
118_101,s4.200000000000000,s5.000000000000000,s0.000000000000000
118_102,s4.900000000000000,s5.000000000000000,s0.000000000000000
118_103,s5.600000000000000,s5.000000000000000,s0.000000000000000
118_104,s6.300000000000000,s5.000000000000000,s0.000000000000000
118_105,s0.350000000000000,s5.800000000000000,s180.000000000000000
118_106,s1.050000000000000,s5.800000000000000,s180.000000000000000
118_107,s1.750000000000000,s5.800000000000000,s180.000000000000000
118_108,s2.450000000000000,s5.800000000000000,s180.000000000000000
118_109,s3.150000000000000,s5.800000000000000,s180.000000000000000
118_110,s3.850000000000000,s5.800000000000000,s180.000000000000000
118_111,s4.550000000000000,s5.800000000000000,s180.000000000000000
118_112,s5.250000000000000,s5.800000000000000,s180.000000000000000
118_113,s5.950000000000000,s5.800000000000000,s180.000000000000000
118_114,s0.000000000000000,s6.000000000000000,s0.000000000000000
118_115,s0.700000000000000,s6.000000000000000,s0.000000000000000
118_116,s1.400000000000000,s6.000000000000000,s0.000000000000000
118_117,s2.100000000000000,s6.000000000000000,s0.000000000000000
119_0,s0.000000000000000,s0.000000000000000,s0.000000000000000
119_1,s0.700000000000000,s0.000000000000000,s0.000000000000000
119_2,s1.400000000000000,s0.000000000000000,s0.000000000000000
119_3,s2.100000000000000,s0.000000000000000,s0.000000000000000
119_4,s2.800000000000000,s0.000000000000000,s0.000000000000000
119_5,s3.500000000000000,s0.000000000000000,s0.000000000000000
119_6,s4.200000000000000,s0.000000000000000,s0.000000000000000
119_7,s4.900000000000000,s0.000000000000000,s0.000000000000000
119_8,s5.600000000000000,s0.000000000000000,s0.000000000000000
119_9,s6.300000000000000,s0.000000000000000,s0.000000000000000
119_10,s0.350000000000000,s0.800000000000000,s180.000000000000000
119_11,s1.050000000000000,s0.800000000000000,s180.000000000000000
119_12,s1.750000000000000,s0.800000000000000,s180.000000000000000
119_13,s2.450000000000000,s0.800000000000000,s180.000000000000000
119_14,s3.150000000000000,s0.800000000000000,s180.000000000000000
119_15,s3.850000000000000,s0.800000000000000,s180.000000000000000
119_16,s4.550000000000000,s0.800000000000000,s180.000000000000000
119_17,s5.250000000000000,s0.800000000000000,s180.000000000000000
119_18,s5.950000000000000,s0.800000000000000,s180.000000000000000
119_19,s0.000000000000000,s1.000000000000000,s0.000000000000000
119_20,s0.700000000000000,s1.000000000000000,s0.000000000000000
119_21,s1.400000000000000,s1.000000000000000,s0.000000000000000
119_22,s2.100000000000000,s1.000000000000000,s0.000000000000000
119_23,s2.800000000000000,s1.000000000000000,s0.000000000000000
119_24,s3.500000000000000,s1.000000000000000,s0.000000000000000
119_25,s4.200000000000000,s1.000000000000000,s0.000000000000000
119_26,s4.900000000000000,s1.000000000000000,s0.000000000000000
119_27,s5.600000000000000,s1.000000000000000,s0.000000000000000
119_28,s6.300000000000000,s1.000000000000000,s0.000000000000000
119_29,s0.350000000000000,s1.800000000000000,s180.000000000000000
119_30,s1.050000000000000,s1.800000000000000,s180.000000000000000
119_31,s1.750000000000000,s1.800000000000000,s180.000000000000000
119_32,s2.450000000000000,s1.800000000000000,s180.000000000000000
119_33,s3.150000000000000,s1.800000000000000,s180.000000000000000
119_34,s3.850000000000000,s1.800000000000000,s180.000000000000000
119_35,s4.550000000000000,s1.800000000000000,s180.000000000000000
119_36,s5.250000000000000,s1.800000000000000,s180.000000000000000
119_37,s5.950000000000000,s1.800000000000000,s180.000000000000000
119_38,s0.000000000000000,s2.000000000000000,s0.000000000000000
119_39,s0.700000000000000,s2.000000000000000,s0.000000000000000
119_40,s1.400000000000000,s2.000000000000000,s0.000000000000000
119_41,s2.100000000000000,s2.000000000000000,s0.000000000000000
119_42,s2.800000000000000,s2.000000000000000,s0.000000000000000
119_43,s3.500000000000000,s2.000000000000000,s0.000000000000000
119_44,s4.200000000000000,s2.000000000000000,s0.000000000000000
119_45,s4.900000000000000,s2.000000000000000,s0.000000000000000
119_46,s5.600000000000000,s2.000000000000000,s0.000000000000000
119_47,s6.300000000000000,s2.000000000000000,s0.000000000000000
119_48,s0.350000000000000,s2.800000000000000,s180.000000000000000
119_49,s1.050000000000000,s2.800000000000000,s180.000000000000000
119_50,s1.750000000000000,s2.800000000000000,s180.000000000000000
119_51,s2.450000000000000,s2.800000000000000,s180.000000000000000
119_52,s3.150000000000000,s2.800000000000000,s180.000000000000000
119_53,s3.850000000000000,s2.800000000000000,s180.000000000000000
119_54,s4.550000000000000,s2.800000000000000,s180.000000000000000
119_55,s5.250000000000000,s2.800000000000000,s180.000000000000000
119_56,s5.950000000000000,s2.800000000000000,s180.000000000000000
119_57,s0.000000000000000,s3.000000000000000,s0.000000000000000
119_58,s0.700000000000000,s3.000000000000000,s0.000000000000000
119_59,s1.400000000000000,s3.000000000000000,s0.000000000000000
119_60,s2.100000000000000,s3.000000000000000,s0.000000000000000
119_61,s2.800000000000000,s3.000000000000000,s0.000000000000000
119_62,s3.500000000000000,s3.000000000000000,s0.000000000000000
119_63,s4.200000000000000,s3.000000000000000,s0.000000000000000
119_64,s4.900000000000000,s3.000000000000000,s0.000000000000000
119_65,s5.600000000000000,s3.000000000000000,s0.000000000000000
119_66,s6.300000000000000,s3.000000000000000,s0.000000000000000
119_67,s0.350000000000000,s3.800000000000000,s180.000000000000000
119_68,s1.050000000000000,s3.800000000000000,s180.000000000000000
119_69,s1.750000000000000,s3.800000000000000,s180.000000000000000
119_70,s2.450000000000000,s3.800000000000000,s180.000000000000000
119_71,s3.150000000000000,s3.800000000000000,s180.000000000000000
119_72,s3.850000000000000,s3.800000000000000,s180.000000000000000
119_73,s4.550000000000000,s3.800000000000000,s180.000000000000000
119_74,s5.250000000000000,s3.800000000000000,s180.000000000000000
119_75,s5.950000000000000,s3.800000000000000,s180.000000000000000
119_76,s0.000000000000000,s4.000000000000000,s0.000000000000000
119_77,s0.700000000000000,s4.000000000000000,s0.000000000000000
119_78,s1.400000000000000,s4.000000000000000,s0.000000000000000
119_79,s2.100000000000000,s4.000000000000000,s0.000000000000000
119_80,s2.800000000000000,s4.000000000000000,s0.000000000000000
119_81,s3.500000000000000,s4.000000000000000,s0.000000000000000
119_82,s4.200000000000000,s4.000000000000000,s0.000000000000000
119_83,s4.900000000000000,s4.000000000000000,s0.000000000000000
119_84,s5.600000000000000,s4.000000000000000,s0.000000000000000
119_85,s6.300000000000000,s4.000000000000000,s0.000000000000000
119_86,s0.350000000000000,s4.800000000000000,s180.000000000000000
119_87,s1.050000000000000,s4.800000000000000,s180.000000000000000
119_88,s1.750000000000000,s4.800000000000000,s180.000000000000000
119_89,s2.450000000000000,s4.800000000000000,s180.000000000000000
119_90,s3.150000000000000,s4.800000000000000,s180.000000000000000
119_91,s3.850000000000000,s4.800000000000000,s180.000000000000000
119_92,s4.550000000000000,s4.800000000000000,s180.000000000000000
119_93,s5.250000000000000,s4.800000000000000,s180.000000000000000
119_94,s5.950000000000000,s4.800000000000000,s180.000000000000000
119_95,s0.000000000000000,s5.000000000000000,s0.000000000000000
119_96,s0.700000000000000,s5.000000000000000,s0.000000000000000
119_97,s1.400000000000000,s5.000000000000000,s0.000000000000000
119_98,s2.100000000000000,s5.000000000000000,s0.000000000000000
119_99,s2.800000000000000,s5.000000000000000,s0.000000000000000
119_100,s3.500000000000000,s5.000000000000000,s0.000000000000000
119_101,s4.200000000000000,s5.000000000000000,s0.000000000000000
119_102,s4.900000000000000,s5.000000000000000,s0.000000000000000
119_103,s5.600000000000000,s5.000000000000000,s0.000000000000000
119_104,s6.300000000000000,s5.000000000000000,s0.000000000000000
119_105,s0.350000000000000,s5.800000000000000,s180.000000000000000
119_106,s1.050000000000000,s5.800000000000000,s180.000000000000000
119_107,s1.750000000000000,s5.800000000000000,s180.000000000000000
119_108,s2.450000000000000,s5.800000000000000,s180.000000000000000
119_109,s3.150000000000000,s5.800000000000000,s180.000000000000000
119_110,s3.850000000000000,s5.800000000000000,s180.000000000000000
119_111,s4.550000000000000,s5.800000000000000,s180.000000000000000
119_112,s5.250000000000000,s5.800000000000000,s180.000000000000000
119_113,s5.950000000000000,s5.800000000000000,s180.000000000000000
119_114,s0.000000000000000,s6.000000000000000,s0.000000000000000
119_115,s0.700000000000000,s6.000000000000000,s0.000000000000000
119_116,s1.400000000000000,s6.000000000000000,s0.000000000000000
119_117,s2.100000000000000,s6.000000000000000,s0.000000000000000
119_118,s2.800000000000000,s6.000000000000000,s0.000000000000000
120_0,s0.000000000000000,s0.000000000000000,s0.000000000000000
120_1,s0.700000000000000,s0.000000000000000,s0.000000000000000
120_2,s1.400000000000000,s0.000000000000000,s0.000000000000000
120_3,s2.100000000000000,s0.000000000000000,s0.000000000000000
120_4,s2.800000000000000,s0.000000000000000,s0.000000000000000
120_5,s3.500000000000000,s0.000000000000000,s0.000000000000000
120_6,s4.200000000000000,s0.000000000000000,s0.000000000000000
120_7,s4.900000000000000,s0.000000000000000,s0.000000000000000
120_8,s5.600000000000000,s0.000000000000000,s0.000000000000000
120_9,s6.300000000000000,s0.000000000000000,s0.000000000000000
120_10,s0.350000000000000,s0.800000000000000,s180.000000000000000
120_11,s1.050000000000000,s0.800000000000000,s180.000000000000000
120_12,s1.750000000000000,s0.800000000000000,s180.000000000000000
120_13,s2.450000000000000,s0.800000000000000,s180.000000000000000
120_14,s3.150000000000000,s0.800000000000000,s180.000000000000000
120_15,s3.850000000000000,s0.800000000000000,s180.000000000000000
120_16,s4.550000000000000,s0.800000000000000,s180.000000000000000
120_17,s5.250000000000000,s0.800000000000000,s180.000000000000000
120_18,s5.950000000000000,s0.800000000000000,s180.000000000000000
120_19,s0.000000000000000,s1.000000000000000,s0.000000000000000
120_20,s0.700000000000000,s1.000000000000000,s0.000000000000000
120_21,s1.400000000000000,s1.000000000000000,s0.000000000000000
120_22,s2.100000000000000,s1.000000000000000,s0.000000000000000
120_23,s2.800000000000000,s1.000000000000000,s0.000000000000000
120_24,s3.500000000000000,s1.000000000000000,s0.000000000000000
120_25,s4.200000000000000,s1.000000000000000,s0.000000000000000
120_26,s4.900000000000000,s1.000000000000000,s0.000000000000000
120_27,s5.600000000000000,s1.000000000000000,s0.000000000000000
120_28,s6.300000000000000,s1.000000000000000,s0.000000000000000
120_29,s0.350000000000000,s1.800000000000000,s180.000000000000000
120_30,s1.050000000000000,s1.800000000000000,s180.000000000000000
120_31,s1.750000000000000,s1.800000000000000,s180.000000000000000
120_32,s2.450000000000000,s1.800000000000000,s180.000000000000000
120_33,s3.150000000000000,s1.800000000000000,s180.000000000000000
120_34,s3.850000000000000,s1.800000000000000,s180.000000000000000
120_35,s4.550000000000000,s1.800000000000000,s180.000000000000000
120_36,s5.250000000000000,s1.800000000000000,s180.000000000000000
120_37,s5.950000000000000,s1.800000000000000,s180.000000000000000
120_38,s0.000000000000000,s2.000000000000000,s0.000000000000000
120_39,s0.700000000000000,s2.000000000000000,s0.000000000000000
120_40,s1.400000000000000,s2.000000000000000,s0.000000000000000
120_41,s2.100000000000000,s2.000000000000000,s0.000000000000000
120_42,s2.800000000000000,s2.000000000000000,s0.000000000000000
120_43,s3.500000000000000,s2.000000000000000,s0.000000000000000
120_44,s4.200000000000000,s2.000000000000000,s0.000000000000000
120_45,s4.900000000000000,s2.000000000000000,s0.000000000000000
120_46,s5.600000000000000,s2.000000000000000,s0.000000000000000
120_47,s6.300000000000000,s2.000000000000000,s0.000000000000000
120_48,s0.350000000000000,s2.800000000000000,s180.000000000000000
120_49,s1.050000000000000,s2.800000000000000,s180.000000000000000
120_50,s1.750000000000000,s2.800000000000000,s180.000000000000000
120_51,s2.450000000000000,s2.800000000000000,s180.000000000000000
120_52,s3.150000000000000,s2.800000000000000,s180.000000000000000
120_53,s3.850000000000000,s2.800000000000000,s180.000000000000000
120_54,s4.550000000000000,s2.800000000000000,s180.000000000000000
120_55,s5.250000000000000,s2.800000000000000,s180.000000000000000
120_56,s5.950000000000000,s2.800000000000000,s180.000000000000000
120_57,s0.000000000000000,s3.000000000000000,s0.000000000000000
120_58,s0.700000000000000,s3.000000000000000,s0.000000000000000
120_59,s1.400000000000000,s3.000000000000000,s0.000000000000000
120_60,s2.100000000000000,s3.000000000000000,s0.000000000000000
120_61,s2.800000000000000,s3.000000000000000,s0.000000000000000
120_62,s3.500000000000000,s3.000000000000000,s0.000000000000000
120_63,s4.200000000000000,s3.000000000000000,s0.000000000000000
120_64,s4.900000000000000,s3.000000000000000,s0.000000000000000
120_65,s5.600000000000000,s3.000000000000000,s0.000000000000000
120_66,s6.300000000000000,s3.000000000000000,s0.000000000000000
120_67,s0.350000000000000,s3.800000000000000,s180.000000000000000
120_68,s1.050000000000000,s3.800000000000000,s180.000000000000000
120_69,s1.750000000000000,s3.800000000000000,s180.000000000000000
120_70,s2.450000000000000,s3.800000000000000,s180.000000000000000
120_71,s3.150000000000000,s3.800000000000000,s180.000000000000000
120_72,s3.850000000000000,s3.800000000000000,s180.000000000000000
120_73,s4.550000000000000,s3.800000000000000,s180.000000000000000
120_74,s5.250000000000000,s3.800000000000000,s180.000000000000000
120_75,s5.950000000000000,s3.800000000000000,s180.000000000000000
120_76,s0.000000000000000,s4.000000000000000,s0.000000000000000
120_77,s0.700000000000000,s4.000000000000000,s0.000000000000000
120_78,s1.400000000000000,s4.000000000000000,s0.000000000000000
120_79,s2.100000000000000,s4.000000000000000,s0.000000000000000
120_80,s2.800000000000000,s4.000000000000000,s0.000000000000000
120_81,s3.500000000000000,s4.000000000000000,s0.000000000000000
120_82,s4.200000000000000,s4.000000000000000,s0.000000000000000
120_83,s4.900000000000000,s4.000000000000000,s0.000000000000000
120_84,s5.600000000000000,s4.000000000000000,s0.000000000000000
120_85,s6.300000000000000,s4.000000000000000,s0.000000000000000
120_86,s0.350000000000000,s4.800000000000000,s180.000000000000000
120_87,s1.050000000000000,s4.800000000000000,s180.000000000000000
120_88,s1.750000000000000,s4.800000000000000,s180.000000000000000
120_89,s2.450000000000000,s4.800000000000000,s180.000000000000000
120_90,s3.150000000000000,s4.800000000000000,s180.000000000000000
120_91,s3.850000000000000,s4.800000000000000,s180.000000000000000
120_92,s4.550000000000000,s4.800000000000000,s180.000000000000000
120_93,s5.250000000000000,s4.800000000000000,s180.000000000000000
120_94,s5.950000000000000,s4.800000000000000,s180.000000000000000
120_95,s0.000000000000000,s5.000000000000000,s0.000000000000000
120_96,s0.700000000000000,s5.000000000000000,s0.000000000000000
120_97,s1.400000000000000,s5.000000000000000,s0.000000000000000
120_98,s2.100000000000000,s5.000000000000000,s0.000000000000000
120_99,s2.800000000000000,s5.000000000000000,s0.000000000000000
120_100,s3.500000000000000,s5.000000000000000,s0.000000000000000
120_101,s4.200000000000000,s5.000000000000000,s0.000000000000000
120_102,s4.900000000000000,s5.000000000000000,s0.000000000000000
120_103,s5.600000000000000,s5.000000000000000,s0.000000000000000
120_104,s6.300000000000000,s5.000000000000000,s0.000000000000000
120_105,s0.350000000000000,s5.800000000000000,s180.000000000000000
120_106,s1.050000000000000,s5.800000000000000,s180.000000000000000
120_107,s1.750000000000000,s5.800000000000000,s180.000000000000000
120_108,s2.450000000000000,s5.800000000000000,s180.000000000000000
120_109,s3.150000000000000,s5.800000000000000,s180.000000000000000
120_110,s3.850000000000000,s5.800000000000000,s180.000000000000000
120_111,s4.550000000000000,s5.800000000000000,s180.000000000000000
120_112,s5.250000000000000,s5.800000000000000,s180.000000000000000
120_113,s5.950000000000000,s5.800000000000000,s180.000000000000000
120_114,s0.000000000000000,s6.000000000000000,s0.000000000000000
120_115,s0.700000000000000,s6.000000000000000,s0.000000000000000
120_116,s1.400000000000000,s6.000000000000000,s0.000000000000000
120_117,s2.100000000000000,s6.000000000000000,s0.000000000000000
120_118,s2.800000000000000,s6.000000000000000,s0.000000000000000
120_119,s3.500000000000000,s6.000000000000000,s0.000000000000000
121_0,s0.000000000000000,s0.000000000000000,s0.000000000000000
121_1,s0.700000000000000,s0.000000000000000,s0.000000000000000
121_2,s1.400000000000000,s0.000000000000000,s0.000000000000000
121_3,s2.100000000000000,s0.000000000000000,s0.000000000000000
121_4,s2.800000000000000,s0.000000000000000,s0.000000000000000
121_5,s3.500000000000000,s0.000000000000000,s0.000000000000000
121_6,s4.200000000000000,s0.000000000000000,s0.000000000000000
121_7,s4.900000000000000,s0.000000000000000,s0.000000000000000
121_8,s5.600000000000000,s0.000000000000000,s0.000000000000000
121_9,s6.300000000000000,s0.000000000000000,s0.000000000000000
121_10,s0.350000000000000,s0.800000000000000,s180.000000000000000
121_11,s1.050000000000000,s0.800000000000000,s180.000000000000000
121_12,s1.750000000000000,s0.800000000000000,s180.000000000000000
121_13,s2.450000000000000,s0.800000000000000,s180.000000000000000
121_14,s3.150000000000000,s0.800000000000000,s180.000000000000000
121_15,s3.850000000000000,s0.800000000000000,s180.000000000000000
121_16,s4.550000000000000,s0.800000000000000,s180.000000000000000
121_17,s5.250000000000000,s0.800000000000000,s180.000000000000000
121_18,s5.950000000000000,s0.800000000000000,s180.000000000000000
121_19,s0.000000000000000,s1.000000000000000,s0.000000000000000
121_20,s0.700000000000000,s1.000000000000000,s0.000000000000000
121_21,s1.400000000000000,s1.000000000000000,s0.000000000000000
121_22,s2.100000000000000,s1.000000000000000,s0.000000000000000
121_23,s2.800000000000000,s1.000000000000000,s0.000000000000000
121_24,s3.500000000000000,s1.000000000000000,s0.000000000000000
121_25,s4.200000000000000,s1.000000000000000,s0.000000000000000
121_26,s4.900000000000000,s1.000000000000000,s0.000000000000000
121_27,s5.600000000000000,s1.000000000000000,s0.000000000000000
121_28,s6.300000000000000,s1.000000000000000,s0.000000000000000
121_29,s0.350000000000000,s1.800000000000000,s180.000000000000000
121_30,s1.050000000000000,s1.800000000000000,s180.000000000000000
121_31,s1.750000000000000,s1.800000000000000,s180.000000000000000
121_32,s2.450000000000000,s1.800000000000000,s180.000000000000000
121_33,s3.150000000000000,s1.800000000000000,s180.000000000000000
121_34,s3.850000000000000,s1.800000000000000,s180.000000000000000
121_35,s4.550000000000000,s1.800000000000000,s180.000000000000000
121_36,s5.250000000000000,s1.800000000000000,s180.000000000000000
121_37,s5.950000000000000,s1.800000000000000,s180.000000000000000
121_38,s0.000000000000000,s2.000000000000000,s0.000000000000000
121_39,s0.700000000000000,s2.000000000000000,s0.000000000000000
121_40,s1.400000000000000,s2.000000000000000,s0.000000000000000
121_41,s2.100000000000000,s2.000000000000000,s0.000000000000000
121_42,s2.800000000000000,s2.000000000000000,s0.000000000000000
121_43,s3.500000000000000,s2.000000000000000,s0.000000000000000
121_44,s4.200000000000000,s2.000000000000000,s0.000000000000000
121_45,s4.900000000000000,s2.000000000000000,s0.000000000000000
121_46,s5.600000000000000,s2.000000000000000,s0.000000000000000
121_47,s6.300000000000000,s2.000000000000000,s0.000000000000000
121_48,s0.350000000000000,s2.800000000000000,s180.000000000000000
121_49,s1.050000000000000,s2.800000000000000,s180.000000000000000
121_50,s1.750000000000000,s2.800000000000000,s180.000000000000000
121_51,s2.450000000000000,s2.800000000000000,s180.000000000000000
121_52,s3.150000000000000,s2.800000000000000,s180.000000000000000
121_53,s3.850000000000000,s2.800000000000000,s180.000000000000000
121_54,s4.550000000000000,s2.800000000000000,s180.000000000000000
121_55,s5.250000000000000,s2.800000000000000,s180.000000000000000
121_56,s5.950000000000000,s2.800000000000000,s180.000000000000000
121_57,s0.000000000000000,s3.000000000000000,s0.000000000000000
121_58,s0.700000000000000,s3.000000000000000,s0.000000000000000
121_59,s1.400000000000000,s3.000000000000000,s0.000000000000000
121_60,s2.100000000000000,s3.000000000000000,s0.000000000000000
121_61,s2.800000000000000,s3.000000000000000,s0.000000000000000
121_62,s3.500000000000000,s3.000000000000000,s0.000000000000000
121_63,s4.200000000000000,s3.000000000000000,s0.000000000000000
121_64,s4.900000000000000,s3.000000000000000,s0.000000000000000
121_65,s5.600000000000000,s3.000000000000000,s0.000000000000000
121_66,s6.300000000000000,s3.000000000000000,s0.000000000000000
121_67,s0.350000000000000,s3.800000000000000,s180.000000000000000
121_68,s1.050000000000000,s3.800000000000000,s180.000000000000000
121_69,s1.750000000000000,s3.800000000000000,s180.000000000000000
121_70,s2.450000000000000,s3.800000000000000,s180.000000000000000
121_71,s3.150000000000000,s3.800000000000000,s180.000000000000000
121_72,s3.850000000000000,s3.800000000000000,s180.000000000000000
121_73,s4.550000000000000,s3.800000000000000,s180.000000000000000
121_74,s5.250000000000000,s3.800000000000000,s180.000000000000000
121_75,s5.950000000000000,s3.800000000000000,s180.000000000000000
121_76,s0.000000000000000,s4.000000000000000,s0.000000000000000
121_77,s0.700000000000000,s4.000000000000000,s0.000000000000000
121_78,s1.400000000000000,s4.000000000000000,s0.000000000000000
121_79,s2.100000000000000,s4.000000000000000,s0.000000000000000
121_80,s2.800000000000000,s4.000000000000000,s0.000000000000000
121_81,s3.500000000000000,s4.000000000000000,s0.000000000000000
121_82,s4.200000000000000,s4.000000000000000,s0.000000000000000
121_83,s4.900000000000000,s4.000000000000000,s0.000000000000000
121_84,s5.600000000000000,s4.000000000000000,s0.000000000000000
121_85,s6.300000000000000,s4.000000000000000,s0.000000000000000
121_86,s0.350000000000000,s4.800000000000000,s180.000000000000000
121_87,s1.050000000000000,s4.800000000000000,s180.000000000000000
121_88,s1.750000000000000,s4.800000000000000,s180.000000000000000
121_89,s2.450000000000000,s4.800000000000000,s180.000000000000000
121_90,s3.150000000000000,s4.800000000000000,s180.000000000000000
121_91,s3.850000000000000,s4.800000000000000,s180.000000000000000
121_92,s4.550000000000000,s4.800000000000000,s180.000000000000000
121_93,s5.250000000000000,s4.800000000000000,s180.000000000000000
121_94,s5.950000000000000,s4.800000000000000,s180.000000000000000
121_95,s0.000000000000000,s5.000000000000000,s0.000000000000000
121_96,s0.700000000000000,s5.000000000000000,s0.000000000000000
121_97,s1.400000000000000,s5.000000000000000,s0.000000000000000
121_98,s2.100000000000000,s5.000000000000000,s0.000000000000000
121_99,s2.800000000000000,s5.000000000000000,s0.000000000000000
121_100,s3.500000000000000,s5.000000000000000,s0.000000000000000
121_101,s4.200000000000000,s5.000000000000000,s0.000000000000000
121_102,s4.900000000000000,s5.000000000000000,s0.000000000000000
121_103,s5.600000000000000,s5.000000000000000,s0.000000000000000
121_104,s6.300000000000000,s5.000000000000000,s0.000000000000000
121_105,s0.350000000000000,s5.800000000000000,s180.000000000000000
121_106,s1.050000000000000,s5.800000000000000,s180.000000000000000
121_107,s1.750000000000000,s5.800000000000000,s180.000000000000000
121_108,s2.450000000000000,s5.800000000000000,s180.000000000000000
121_109,s3.150000000000000,s5.800000000000000,s180.000000000000000
121_110,s3.850000000000000,s5.800000000000000,s180.000000000000000
121_111,s4.550000000000000,s5.800000000000000,s180.000000000000000
121_112,s5.250000000000000,s5.800000000000000,s180.000000000000000
121_113,s5.950000000000000,s5.800000000000000,s180.000000000000000
121_114,s0.000000000000000,s6.000000000000000,s0.000000000000000
121_115,s0.700000000000000,s6.000000000000000,s0.000000000000000
121_116,s1.400000000000000,s6.000000000000000,s0.000000000000000
121_117,s2.100000000000000,s6.000000000000000,s0.000000000000000
121_118,s2.800000000000000,s6.000000000000000,s0.000000000000000
121_119,s3.500000000000000,s6.000000000000000,s0.000000000000000
121_120,s4.200000000000000,s6.000000000000000,s0.000000000000000
122_0,s0.000000000000000,s0.000000000000000,s0.000000000000000
122_1,s0.700000000000000,s0.000000000000000,s0.000000000000000
122_2,s1.400000000000000,s0.000000000000000,s0.000000000000000
122_3,s2.100000000000000,s0.000000000000000,s0.000000000000000
122_4,s2.800000000000000,s0.000000000000000,s0.000000000000000
122_5,s3.500000000000000,s0.000000000000000,s0.000000000000000
122_6,s4.200000000000000,s0.000000000000000,s0.000000000000000
122_7,s4.900000000000000,s0.000000000000000,s0.000000000000000
122_8,s5.600000000000000,s0.000000000000000,s0.000000000000000
122_9,s6.300000000000000,s0.000000000000000,s0.000000000000000
122_10,s0.350000000000000,s0.800000000000000,s180.000000000000000
122_11,s1.050000000000000,s0.800000000000000,s180.000000000000000
122_12,s1.750000000000000,s0.800000000000000,s180.000000000000000
122_13,s2.450000000000000,s0.800000000000000,s180.000000000000000
122_14,s3.150000000000000,s0.800000000000000,s180.000000000000000
122_15,s3.850000000000000,s0.800000000000000,s180.000000000000000
122_16,s4.550000000000000,s0.800000000000000,s180.000000000000000
122_17,s5.250000000000000,s0.800000000000000,s180.000000000000000
122_18,s5.950000000000000,s0.800000000000000,s180.000000000000000
122_19,s0.000000000000000,s1.000000000000000,s0.000000000000000
122_20,s0.700000000000000,s1.000000000000000,s0.000000000000000
122_21,s1.400000000000000,s1.000000000000000,s0.000000000000000
122_22,s2.100000000000000,s1.000000000000000,s0.000000000000000
122_23,s2.800000000000000,s1.000000000000000,s0.000000000000000
122_24,s3.500000000000000,s1.000000000000000,s0.000000000000000
122_25,s4.200000000000000,s1.000000000000000,s0.000000000000000
122_26,s4.900000000000000,s1.000000000000000,s0.000000000000000
122_27,s5.600000000000000,s1.000000000000000,s0.000000000000000
122_28,s6.300000000000000,s1.000000000000000,s0.000000000000000
122_29,s0.350000000000000,s1.800000000000000,s180.000000000000000
122_30,s1.050000000000000,s1.800000000000000,s180.000000000000000
122_31,s1.750000000000000,s1.800000000000000,s180.000000000000000
122_32,s2.450000000000000,s1.800000000000000,s180.000000000000000
122_33,s3.150000000000000,s1.800000000000000,s180.000000000000000
122_34,s3.850000000000000,s1.800000000000000,s180.000000000000000
122_35,s4.550000000000000,s1.800000000000000,s180.000000000000000
122_36,s5.250000000000000,s1.800000000000000,s180.000000000000000
122_37,s5.950000000000000,s1.800000000000000,s180.000000000000000
122_38,s0.000000000000000,s2.000000000000000,s0.000000000000000
122_39,s0.700000000000000,s2.000000000000000,s0.000000000000000
122_40,s1.400000000000000,s2.000000000000000,s0.000000000000000
122_41,s2.100000000000000,s2.000000000000000,s0.000000000000000
122_42,s2.800000000000000,s2.000000000000000,s0.000000000000000
122_43,s3.500000000000000,s2.000000000000000,s0.000000000000000
122_44,s4.200000000000000,s2.000000000000000,s0.000000000000000
122_45,s4.900000000000000,s2.000000000000000,s0.000000000000000
122_46,s5.600000000000000,s2.000000000000000,s0.000000000000000
122_47,s6.300000000000000,s2.000000000000000,s0.000000000000000
122_48,s0.350000000000000,s2.800000000000000,s180.000000000000000
122_49,s1.050000000000000,s2.800000000000000,s180.000000000000000
122_50,s1.750000000000000,s2.800000000000000,s180.000000000000000
122_51,s2.450000000000000,s2.800000000000000,s180.000000000000000
122_52,s3.150000000000000,s2.800000000000000,s180.000000000000000
122_53,s3.850000000000000,s2.800000000000000,s180.000000000000000
122_54,s4.550000000000000,s2.800000000000000,s180.000000000000000
122_55,s5.250000000000000,s2.800000000000000,s180.000000000000000
122_56,s5.950000000000000,s2.800000000000000,s180.000000000000000
122_57,s0.000000000000000,s3.000000000000000,s0.000000000000000
122_58,s0.700000000000000,s3.000000000000000,s0.000000000000000
122_59,s1.400000000000000,s3.000000000000000,s0.000000000000000
122_60,s2.100000000000000,s3.000000000000000,s0.000000000000000
122_61,s2.800000000000000,s3.000000000000000,s0.000000000000000
122_62,s3.500000000000000,s3.000000000000000,s0.000000000000000
122_63,s4.200000000000000,s3.000000000000000,s0.000000000000000
122_64,s4.900000000000000,s3.000000000000000,s0.000000000000000
122_65,s5.600000000000000,s3.000000000000000,s0.000000000000000
122_66,s6.300000000000000,s3.000000000000000,s0.000000000000000
122_67,s0.350000000000000,s3.800000000000000,s180.000000000000000
122_68,s1.050000000000000,s3.800000000000000,s180.000000000000000
122_69,s1.750000000000000,s3.800000000000000,s180.000000000000000
122_70,s2.450000000000000,s3.800000000000000,s180.000000000000000
122_71,s3.150000000000000,s3.800000000000000,s180.000000000000000
122_72,s3.850000000000000,s3.800000000000000,s180.000000000000000
122_73,s4.550000000000000,s3.800000000000000,s180.000000000000000
122_74,s5.250000000000000,s3.800000000000000,s180.000000000000000
122_75,s5.950000000000000,s3.800000000000000,s180.000000000000000
122_76,s0.000000000000000,s4.000000000000000,s0.000000000000000
122_77,s0.700000000000000,s4.000000000000000,s0.000000000000000
122_78,s1.400000000000000,s4.000000000000000,s0.000000000000000
122_79,s2.100000000000000,s4.000000000000000,s0.000000000000000
122_80,s2.800000000000000,s4.000000000000000,s0.000000000000000
122_81,s3.500000000000000,s4.000000000000000,s0.000000000000000
122_82,s4.200000000000000,s4.000000000000000,s0.000000000000000
122_83,s4.900000000000000,s4.000000000000000,s0.000000000000000
122_84,s5.600000000000000,s4.000000000000000,s0.000000000000000
122_85,s6.300000000000000,s4.000000000000000,s0.000000000000000
122_86,s0.350000000000000,s4.800000000000000,s180.000000000000000
122_87,s1.050000000000000,s4.800000000000000,s180.000000000000000
122_88,s1.750000000000000,s4.800000000000000,s180.000000000000000
122_89,s2.450000000000000,s4.800000000000000,s180.000000000000000
122_90,s3.150000000000000,s4.800000000000000,s180.000000000000000
122_91,s3.850000000000000,s4.800000000000000,s180.000000000000000
122_92,s4.550000000000000,s4.800000000000000,s180.000000000000000
122_93,s5.250000000000000,s4.800000000000000,s180.000000000000000
122_94,s5.950000000000000,s4.800000000000000,s180.000000000000000
122_95,s0.000000000000000,s5.000000000000000,s0.000000000000000
122_96,s0.700000000000000,s5.000000000000000,s0.000000000000000
122_97,s1.400000000000000,s5.000000000000000,s0.000000000000000
122_98,s2.100000000000000,s5.000000000000000,s0.000000000000000
122_99,s2.800000000000000,s5.000000000000000,s0.000000000000000
122_100,s3.500000000000000,s5.000000000000000,s0.000000000000000
122_101,s4.200000000000000,s5.000000000000000,s0.000000000000000
122_102,s4.900000000000000,s5.000000000000000,s0.000000000000000
122_103,s5.600000000000000,s5.000000000000000,s0.000000000000000
122_104,s6.300000000000000,s5.000000000000000,s0.000000000000000
122_105,s0.350000000000000,s5.800000000000000,s180.000000000000000
122_106,s1.050000000000000,s5.800000000000000,s180.000000000000000
122_107,s1.750000000000000,s5.800000000000000,s180.000000000000000
122_108,s2.450000000000000,s5.800000000000000,s180.000000000000000
122_109,s3.150000000000000,s5.800000000000000,s180.000000000000000
122_110,s3.850000000000000,s5.800000000000000,s180.000000000000000
122_111,s4.550000000000000,s5.800000000000000,s180.000000000000000
122_112,s5.250000000000000,s5.800000000000000,s180.000000000000000
122_113,s5.950000000000000,s5.800000000000000,s180.000000000000000
122_114,s0.000000000000000,s6.000000000000000,s0.000000000000000
122_115,s0.700000000000000,s6.000000000000000,s0.000000000000000
122_116,s1.400000000000000,s6.000000000000000,s0.000000000000000
122_117,s2.100000000000000,s6.000000000000000,s0.000000000000000
122_118,s2.800000000000000,s6.000000000000000,s0.000000000000000
122_119,s3.500000000000000,s6.000000000000000,s0.000000000000000
122_120,s4.200000000000000,s6.000000000000000,s0.000000000000000
122_121,s4.900000000000000,s6.000000000000000,s0.000000000000000
123_0,s0.000000000000000,s0.000000000000000,s0.000000000000000
123_1,s0.700000000000000,s0.000000000000000,s0.000000000000000
123_2,s1.400000000000000,s0.000000000000000,s0.000000000000000
123_3,s2.100000000000000,s0.000000000000000,s0.000000000000000
123_4,s2.800000000000000,s0.000000000000000,s0.000000000000000
123_5,s3.500000000000000,s0.000000000000000,s0.000000000000000
123_6,s4.200000000000000,s0.000000000000000,s0.000000000000000
123_7,s4.900000000000000,s0.000000000000000,s0.000000000000000
123_8,s5.600000000000000,s0.000000000000000,s0.000000000000000
123_9,s6.300000000000000,s0.000000000000000,s0.000000000000000
123_10,s0.350000000000000,s0.800000000000000,s180.000000000000000
123_11,s1.050000000000000,s0.800000000000000,s180.000000000000000
123_12,s1.750000000000000,s0.800000000000000,s180.000000000000000
123_13,s2.450000000000000,s0.800000000000000,s180.000000000000000
123_14,s3.150000000000000,s0.800000000000000,s180.000000000000000
123_15,s3.850000000000000,s0.800000000000000,s180.000000000000000
123_16,s4.550000000000000,s0.800000000000000,s180.000000000000000
123_17,s5.250000000000000,s0.800000000000000,s180.000000000000000
123_18,s5.950000000000000,s0.800000000000000,s180.000000000000000
123_19,s0.000000000000000,s1.000000000000000,s0.000000000000000
123_20,s0.700000000000000,s1.000000000000000,s0.000000000000000
123_21,s1.400000000000000,s1.000000000000000,s0.000000000000000
123_22,s2.100000000000000,s1.000000000000000,s0.000000000000000
123_23,s2.800000000000000,s1.000000000000000,s0.000000000000000
123_24,s3.500000000000000,s1.000000000000000,s0.000000000000000
123_25,s4.200000000000000,s1.000000000000000,s0.000000000000000
123_26,s4.900000000000000,s1.000000000000000,s0.000000000000000
123_27,s5.600000000000000,s1.000000000000000,s0.000000000000000
123_28,s6.300000000000000,s1.000000000000000,s0.000000000000000
123_29,s0.350000000000000,s1.800000000000000,s180.000000000000000
123_30,s1.050000000000000,s1.800000000000000,s180.000000000000000
123_31,s1.750000000000000,s1.800000000000000,s180.000000000000000
123_32,s2.450000000000000,s1.800000000000000,s180.000000000000000
123_33,s3.150000000000000,s1.800000000000000,s180.000000000000000
123_34,s3.850000000000000,s1.800000000000000,s180.000000000000000
123_35,s4.550000000000000,s1.800000000000000,s180.000000000000000
123_36,s5.250000000000000,s1.800000000000000,s180.000000000000000
123_37,s5.950000000000000,s1.800000000000000,s180.000000000000000
123_38,s0.000000000000000,s2.000000000000000,s0.000000000000000
123_39,s0.700000000000000,s2.000000000000000,s0.000000000000000
123_40,s1.400000000000000,s2.000000000000000,s0.000000000000000
123_41,s2.100000000000000,s2.000000000000000,s0.000000000000000
123_42,s2.800000000000000,s2.000000000000000,s0.000000000000000
123_43,s3.500000000000000,s2.000000000000000,s0.000000000000000
123_44,s4.200000000000000,s2.000000000000000,s0.000000000000000
123_45,s4.900000000000000,s2.000000000000000,s0.000000000000000
123_46,s5.600000000000000,s2.000000000000000,s0.000000000000000
123_47,s6.300000000000000,s2.000000000000000,s0.000000000000000
123_48,s0.350000000000000,s2.800000000000000,s180.000000000000000
123_49,s1.050000000000000,s2.800000000000000,s180.000000000000000
123_50,s1.750000000000000,s2.800000000000000,s180.000000000000000
123_51,s2.450000000000000,s2.800000000000000,s180.000000000000000
123_52,s3.150000000000000,s2.800000000000000,s180.000000000000000
123_53,s3.850000000000000,s2.800000000000000,s180.000000000000000
123_54,s4.550000000000000,s2.800000000000000,s180.000000000000000
123_55,s5.250000000000000,s2.800000000000000,s180.000000000000000
123_56,s5.950000000000000,s2.800000000000000,s180.000000000000000
123_57,s0.000000000000000,s3.000000000000000,s0.000000000000000
123_58,s0.700000000000000,s3.000000000000000,s0.000000000000000
123_59,s1.400000000000000,s3.000000000000000,s0.000000000000000
123_60,s2.100000000000000,s3.000000000000000,s0.000000000000000
123_61,s2.800000000000000,s3.000000000000000,s0.000000000000000
123_62,s3.500000000000000,s3.000000000000000,s0.000000000000000
123_63,s4.200000000000000,s3.000000000000000,s0.000000000000000
123_64,s4.900000000000000,s3.000000000000000,s0.000000000000000
123_65,s5.600000000000000,s3.000000000000000,s0.000000000000000
123_66,s6.300000000000000,s3.000000000000000,s0.000000000000000
123_67,s0.350000000000000,s3.800000000000000,s180.000000000000000
123_68,s1.050000000000000,s3.800000000000000,s180.000000000000000
123_69,s1.750000000000000,s3.800000000000000,s180.000000000000000
123_70,s2.450000000000000,s3.800000000000000,s180.000000000000000
123_71,s3.150000000000000,s3.800000000000000,s180.000000000000000
123_72,s3.850000000000000,s3.800000000000000,s180.000000000000000
123_73,s4.550000000000000,s3.800000000000000,s180.000000000000000
123_74,s5.250000000000000,s3.800000000000000,s180.000000000000000
123_75,s5.950000000000000,s3.800000000000000,s180.000000000000000
123_76,s0.000000000000000,s4.000000000000000,s0.000000000000000
123_77,s0.700000000000000,s4.000000000000000,s0.000000000000000
123_78,s1.400000000000000,s4.000000000000000,s0.000000000000000
123_79,s2.100000000000000,s4.000000000000000,s0.000000000000000
123_80,s2.800000000000000,s4.000000000000000,s0.000000000000000
123_81,s3.500000000000000,s4.000000000000000,s0.000000000000000
123_82,s4.200000000000000,s4.000000000000000,s0.000000000000000
123_83,s4.900000000000000,s4.000000000000000,s0.000000000000000
123_84,s5.600000000000000,s4.000000000000000,s0.000000000000000
123_85,s6.300000000000000,s4.000000000000000,s0.000000000000000
123_86,s0.350000000000000,s4.800000000000000,s180.000000000000000
123_87,s1.050000000000000,s4.800000000000000,s180.000000000000000
123_88,s1.750000000000000,s4.800000000000000,s180.000000000000000
123_89,s2.450000000000000,s4.800000000000000,s180.000000000000000
123_90,s3.150000000000000,s4.800000000000000,s180.000000000000000
123_91,s3.850000000000000,s4.800000000000000,s180.000000000000000
123_92,s4.550000000000000,s4.800000000000000,s180.000000000000000
123_93,s5.250000000000000,s4.800000000000000,s180.000000000000000
123_94,s5.950000000000000,s4.800000000000000,s180.000000000000000
123_95,s0.000000000000000,s5.000000000000000,s0.000000000000000
123_96,s0.700000000000000,s5.000000000000000,s0.000000000000000
123_97,s1.400000000000000,s5.000000000000000,s0.000000000000000
123_98,s2.100000000000000,s5.000000000000000,s0.000000000000000
123_99,s2.800000000000000,s5.000000000000000,s0.000000000000000
123_100,s3.500000000000000,s5.000000000000000,s0.000000000000000
123_101,s4.200000000000000,s5.000000000000000,s0.000000000000000
123_102,s4.900000000000000,s5.000000000000000,s0.000000000000000
123_103,s5.600000000000000,s5.000000000000000,s0.000000000000000
123_104,s6.300000000000000,s5.000000000000000,s0.000000000000000
123_105,s0.350000000000000,s5.800000000000000,s180.000000000000000
123_106,s1.050000000000000,s5.800000000000000,s180.000000000000000
123_107,s1.750000000000000,s5.800000000000000,s180.000000000000000
123_108,s2.450000000000000,s5.800000000000000,s180.000000000000000
123_109,s3.150000000000000,s5.800000000000000,s180.000000000000000
123_110,s3.850000000000000,s5.800000000000000,s180.000000000000000
123_111,s4.550000000000000,s5.800000000000000,s180.000000000000000
123_112,s5.250000000000000,s5.800000000000000,s180.000000000000000
123_113,s5.950000000000000,s5.800000000000000,s180.000000000000000
123_114,s0.000000000000000,s6.000000000000000,s0.000000000000000
123_115,s0.700000000000000,s6.000000000000000,s0.000000000000000
123_116,s1.400000000000000,s6.000000000000000,s0.000000000000000
123_117,s2.100000000000000,s6.000000000000000,s0.000000000000000
123_118,s2.800000000000000,s6.000000000000000,s0.000000000000000
123_119,s3.500000000000000,s6.000000000000000,s0.000000000000000
123_120,s4.200000000000000,s6.000000000000000,s0.000000000000000
123_121,s4.900000000000000,s6.000000000000000,s0.000000000000000
123_122,s5.600000000000000,s6.000000000000000,s0.000000000000000
124_0,s0.000000000000000,s0.000000000000000,s0.000000000000000
124_1,s0.700000000000000,s0.000000000000000,s0.000000000000000
124_2,s1.400000000000000,s0.000000000000000,s0.000000000000000
124_3,s2.100000000000000,s0.000000000000000,s0.000000000000000
124_4,s2.800000000000000,s0.000000000000000,s0.000000000000000
124_5,s3.500000000000000,s0.000000000000000,s0.000000000000000
124_6,s4.200000000000000,s0.000000000000000,s0.000000000000000
124_7,s4.900000000000000,s0.000000000000000,s0.000000000000000
124_8,s5.600000000000000,s0.000000000000000,s0.000000000000000
124_9,s6.300000000000000,s0.000000000000000,s0.000000000000000
124_10,s0.350000000000000,s0.800000000000000,s180.000000000000000
124_11,s1.050000000000000,s0.800000000000000,s180.000000000000000
124_12,s1.750000000000000,s0.800000000000000,s180.000000000000000
124_13,s2.450000000000000,s0.800000000000000,s180.000000000000000
124_14,s3.150000000000000,s0.800000000000000,s180.000000000000000
124_15,s3.850000000000000,s0.800000000000000,s180.000000000000000
124_16,s4.550000000000000,s0.800000000000000,s180.000000000000000
124_17,s5.250000000000000,s0.800000000000000,s180.000000000000000
124_18,s5.950000000000000,s0.800000000000000,s180.000000000000000
124_19,s0.000000000000000,s1.000000000000000,s0.000000000000000
124_20,s0.700000000000000,s1.000000000000000,s0.000000000000000
124_21,s1.400000000000000,s1.000000000000000,s0.000000000000000
124_22,s2.100000000000000,s1.000000000000000,s0.000000000000000
124_23,s2.800000000000000,s1.000000000000000,s0.000000000000000
124_24,s3.500000000000000,s1.000000000000000,s0.000000000000000
124_25,s4.200000000000000,s1.000000000000000,s0.000000000000000
124_26,s4.900000000000000,s1.000000000000000,s0.000000000000000
124_27,s5.600000000000000,s1.000000000000000,s0.000000000000000
124_28,s6.300000000000000,s1.000000000000000,s0.000000000000000
124_29,s0.350000000000000,s1.800000000000000,s180.000000000000000
124_30,s1.050000000000000,s1.800000000000000,s180.000000000000000
124_31,s1.750000000000000,s1.800000000000000,s180.000000000000000
124_32,s2.450000000000000,s1.800000000000000,s180.000000000000000
124_33,s3.150000000000000,s1.800000000000000,s180.000000000000000
124_34,s3.850000000000000,s1.800000000000000,s180.000000000000000
124_35,s4.550000000000000,s1.800000000000000,s180.000000000000000
124_36,s5.250000000000000,s1.800000000000000,s180.000000000000000
124_37,s5.950000000000000,s1.800000000000000,s180.000000000000000
124_38,s0.000000000000000,s2.000000000000000,s0.000000000000000
124_39,s0.700000000000000,s2.000000000000000,s0.000000000000000
124_40,s1.400000000000000,s2.000000000000000,s0.000000000000000
124_41,s2.100000000000000,s2.000000000000000,s0.000000000000000
124_42,s2.800000000000000,s2.000000000000000,s0.000000000000000
124_43,s3.500000000000000,s2.000000000000000,s0.000000000000000
124_44,s4.200000000000000,s2.000000000000000,s0.000000000000000
124_45,s4.900000000000000,s2.000000000000000,s0.000000000000000
124_46,s5.600000000000000,s2.000000000000000,s0.000000000000000
124_47,s6.300000000000000,s2.000000000000000,s0.000000000000000
124_48,s0.350000000000000,s2.800000000000000,s180.000000000000000
124_49,s1.050000000000000,s2.800000000000000,s180.000000000000000
124_50,s1.750000000000000,s2.800000000000000,s180.000000000000000
124_51,s2.450000000000000,s2.800000000000000,s180.000000000000000
124_52,s3.150000000000000,s2.800000000000000,s180.000000000000000
124_53,s3.850000000000000,s2.800000000000000,s180.000000000000000
124_54,s4.550000000000000,s2.800000000000000,s180.000000000000000
124_55,s5.250000000000000,s2.800000000000000,s180.000000000000000
124_56,s5.950000000000000,s2.800000000000000,s180.000000000000000
124_57,s0.000000000000000,s3.000000000000000,s0.000000000000000
124_58,s0.700000000000000,s3.000000000000000,s0.000000000000000
124_59,s1.400000000000000,s3.000000000000000,s0.000000000000000
124_60,s2.100000000000000,s3.000000000000000,s0.000000000000000
124_61,s2.800000000000000,s3.000000000000000,s0.000000000000000
124_62,s3.500000000000000,s3.000000000000000,s0.000000000000000
124_63,s4.200000000000000,s3.000000000000000,s0.000000000000000
124_64,s4.900000000000000,s3.000000000000000,s0.000000000000000
124_65,s5.600000000000000,s3.000000000000000,s0.000000000000000
124_66,s6.300000000000000,s3.000000000000000,s0.000000000000000
124_67,s0.350000000000000,s3.800000000000000,s180.000000000000000
124_68,s1.050000000000000,s3.800000000000000,s180.000000000000000
124_69,s1.750000000000000,s3.800000000000000,s180.000000000000000
124_70,s2.450000000000000,s3.800000000000000,s180.000000000000000
124_71,s3.150000000000000,s3.800000000000000,s180.000000000000000
124_72,s3.850000000000000,s3.800000000000000,s180.000000000000000
124_73,s4.550000000000000,s3.800000000000000,s180.000000000000000
124_74,s5.250000000000000,s3.800000000000000,s180.000000000000000
124_75,s5.950000000000000,s3.800000000000000,s180.000000000000000
124_76,s0.000000000000000,s4.000000000000000,s0.000000000000000
124_77,s0.700000000000000,s4.000000000000000,s0.000000000000000
124_78,s1.400000000000000,s4.000000000000000,s0.000000000000000
124_79,s2.100000000000000,s4.000000000000000,s0.000000000000000
124_80,s2.800000000000000,s4.000000000000000,s0.000000000000000
124_81,s3.500000000000000,s4.000000000000000,s0.000000000000000
124_82,s4.200000000000000,s4.000000000000000,s0.000000000000000
124_83,s4.900000000000000,s4.000000000000000,s0.000000000000000
124_84,s5.600000000000000,s4.000000000000000,s0.000000000000000
124_85,s6.300000000000000,s4.000000000000000,s0.000000000000000
124_86,s0.350000000000000,s4.800000000000000,s180.000000000000000
124_87,s1.050000000000000,s4.800000000000000,s180.000000000000000
124_88,s1.750000000000000,s4.800000000000000,s180.000000000000000
124_89,s2.450000000000000,s4.800000000000000,s180.000000000000000
124_90,s3.150000000000000,s4.800000000000000,s180.000000000000000
124_91,s3.850000000000000,s4.800000000000000,s180.000000000000000
124_92,s4.550000000000000,s4.800000000000000,s180.000000000000000
124_93,s5.250000000000000,s4.800000000000000,s180.000000000000000
124_94,s5.950000000000000,s4.800000000000000,s180.000000000000000
124_95,s0.000000000000000,s5.000000000000000,s0.000000000000000
124_96,s0.700000000000000,s5.000000000000000,s0.000000000000000
124_97,s1.400000000000000,s5.000000000000000,s0.000000000000000
124_98,s2.100000000000000,s5.000000000000000,s0.000000000000000
124_99,s2.800000000000000,s5.000000000000000,s0.000000000000000
124_100,s3.500000000000000,s5.000000000000000,s0.000000000000000
124_101,s4.200000000000000,s5.000000000000000,s0.000000000000000
124_102,s4.900000000000000,s5.000000000000000,s0.000000000000000
124_103,s5.600000000000000,s5.000000000000000,s0.000000000000000
124_104,s6.300000000000000,s5.000000000000000,s0.000000000000000
124_105,s0.350000000000000,s5.800000000000000,s180.000000000000000
124_106,s1.050000000000000,s5.800000000000000,s180.000000000000000
124_107,s1.750000000000000,s5.800000000000000,s180.000000000000000
124_108,s2.450000000000000,s5.800000000000000,s180.000000000000000
124_109,s3.150000000000000,s5.800000000000000,s180.000000000000000
124_110,s3.850000000000000,s5.800000000000000,s180.000000000000000
124_111,s4.550000000000000,s5.800000000000000,s180.000000000000000
124_112,s5.250000000000000,s5.800000000000000,s180.000000000000000
124_113,s5.950000000000000,s5.800000000000000,s180.000000000000000
124_114,s0.000000000000000,s6.000000000000000,s0.000000000000000
124_115,s0.700000000000000,s6.000000000000000,s0.000000000000000
124_116,s1.400000000000000,s6.000000000000000,s0.000000000000000
124_117,s2.100000000000000,s6.000000000000000,s0.000000000000000
124_118,s2.800000000000000,s6.000000000000000,s0.000000000000000
124_119,s3.500000000000000,s6.000000000000000,s0.000000000000000
124_120,s4.200000000000000,s6.000000000000000,s0.000000000000000
124_121,s4.900000000000000,s6.000000000000000,s0.000000000000000
124_122,s5.600000000000000,s6.000000000000000,s0.000000000000000
124_123,s6.300000000000000,s6.000000000000000,s0.000000000000000
125_0,s0.000000000000000,s0.000000000000000,s0.000000000000000
125_1,s0.700000000000000,s0.000000000000000,s0.000000000000000
125_2,s1.400000000000000,s0.000000000000000,s0.000000000000000
125_3,s2.100000000000000,s0.000000000000000,s0.000000000000000
125_4,s2.800000000000000,s0.000000000000000,s0.000000000000000
125_5,s3.500000000000000,s0.000000000000000,s0.000000000000000
125_6,s4.200000000000000,s0.000000000000000,s0.000000000000000
125_7,s4.900000000000000,s0.000000000000000,s0.000000000000000
125_8,s5.600000000000000,s0.000000000000000,s0.000000000000000
125_9,s0.350000000000000,s0.800000000000000,s180.000000000000000
125_10,s1.050000000000000,s0.800000000000000,s180.000000000000000
125_11,s1.750000000000000,s0.800000000000000,s180.000000000000000
125_12,s2.450000000000000,s0.800000000000000,s180.000000000000000
125_13,s3.150000000000000,s0.800000000000000,s180.000000000000000
125_14,s3.850000000000000,s0.800000000000000,s180.000000000000000
125_15,s4.550000000000000,s0.800000000000000,s180.000000000000000
125_16,s5.250000000000000,s0.800000000000000,s180.000000000000000
125_17,s5.950000000000000,s0.800000000000000,s180.000000000000000
125_18,s0.000000000000000,s1.000000000000000,s0.000000000000000
125_19,s0.700000000000000,s1.000000000000000,s0.000000000000000
125_20,s1.400000000000000,s1.000000000000000,s0.000000000000000
125_21,s2.100000000000000,s1.000000000000000,s0.000000000000000
125_22,s2.800000000000000,s1.000000000000000,s0.000000000000000
125_23,s3.500000000000000,s1.000000000000000,s0.000000000000000
125_24,s4.200000000000000,s1.000000000000000,s0.000000000000000
125_25,s4.900000000000000,s1.000000000000000,s0.000000000000000
125_26,s5.600000000000000,s1.000000000000000,s0.000000000000000
125_27,s0.350000000000000,s1.800000000000000,s180.000000000000000
125_28,s1.050000000000000,s1.800000000000000,s180.000000000000000
125_29,s1.750000000000000,s1.800000000000000,s180.000000000000000
125_30,s2.450000000000000,s1.800000000000000,s180.000000000000000
125_31,s3.150000000000000,s1.800000000000000,s180.000000000000000
125_32,s3.850000000000000,s1.800000000000000,s180.000000000000000
125_33,s4.550000000000000,s1.800000000000000,s180.000000000000000
125_34,s5.250000000000000,s1.800000000000000,s180.000000000000000
125_35,s5.950000000000000,s1.800000000000000,s180.000000000000000
125_36,s0.000000000000000,s2.000000000000000,s0.000000000000000
125_37,s0.700000000000000,s2.000000000000000,s0.000000000000000
125_38,s1.400000000000000,s2.000000000000000,s0.000000000000000
125_39,s2.100000000000000,s2.000000000000000,s0.000000000000000
125_40,s2.800000000000000,s2.000000000000000,s0.000000000000000
125_41,s3.500000000000000,s2.000000000000000,s0.000000000000000
125_42,s4.200000000000000,s2.000000000000000,s0.000000000000000
125_43,s4.900000000000000,s2.000000000000000,s0.000000000000000
125_44,s5.600000000000000,s2.000000000000000,s0.000000000000000
125_45,s0.350000000000000,s2.800000000000000,s180.000000000000000
125_46,s1.050000000000000,s2.800000000000000,s180.000000000000000
125_47,s1.750000000000000,s2.800000000000000,s180.000000000000000
125_48,s2.450000000000000,s2.800000000000000,s180.000000000000000
125_49,s3.150000000000000,s2.800000000000000,s180.000000000000000
125_50,s3.850000000000000,s2.800000000000000,s180.000000000000000
125_51,s4.550000000000000,s2.800000000000000,s180.000000000000000
125_52,s5.250000000000000,s2.800000000000000,s180.000000000000000
125_53,s5.950000000000000,s2.800000000000000,s180.000000000000000
125_54,s0.000000000000000,s3.000000000000000,s0.000000000000000
125_55,s0.700000000000000,s3.000000000000000,s0.000000000000000
125_56,s1.400000000000000,s3.000000000000000,s0.000000000000000
125_57,s2.100000000000000,s3.000000000000000,s0.000000000000000
125_58,s2.800000000000000,s3.000000000000000,s0.000000000000000
125_59,s3.500000000000000,s3.000000000000000,s0.000000000000000
125_60,s4.200000000000000,s3.000000000000000,s0.000000000000000
125_61,s4.900000000000000,s3.000000000000000,s0.000000000000000
125_62,s5.600000000000000,s3.000000000000000,s0.000000000000000
125_63,s0.350000000000000,s3.800000000000000,s180.000000000000000
125_64,s1.050000000000000,s3.800000000000000,s180.000000000000000
125_65,s1.750000000000000,s3.800000000000000,s180.000000000000000
125_66,s2.450000000000000,s3.800000000000000,s180.000000000000000
125_67,s3.150000000000000,s3.800000000000000,s180.000000000000000
125_68,s3.850000000000000,s3.800000000000000,s180.000000000000000
125_69,s4.550000000000000,s3.800000000000000,s180.000000000000000
125_70,s5.250000000000000,s3.800000000000000,s180.000000000000000
125_71,s5.950000000000000,s3.800000000000000,s180.000000000000000
125_72,s0.000000000000000,s4.000000000000000,s0.000000000000000
125_73,s0.700000000000000,s4.000000000000000,s0.000000000000000
125_74,s1.400000000000000,s4.000000000000000,s0.000000000000000
125_75,s2.100000000000000,s4.000000000000000,s0.000000000000000
125_76,s2.800000000000000,s4.000000000000000,s0.000000000000000
125_77,s3.500000000000000,s4.000000000000000,s0.000000000000000
125_78,s4.200000000000000,s4.000000000000000,s0.000000000000000
125_79,s4.900000000000000,s4.000000000000000,s0.000000000000000
125_80,s5.600000000000000,s4.000000000000000,s0.000000000000000
125_81,s0.350000000000000,s4.800000000000000,s180.000000000000000
125_82,s1.050000000000000,s4.800000000000000,s180.000000000000000
125_83,s1.750000000000000,s4.800000000000000,s180.000000000000000
125_84,s2.450000000000000,s4.800000000000000,s180.000000000000000
125_85,s3.150000000000000,s4.800000000000000,s180.000000000000000
125_86,s3.850000000000000,s4.800000000000000,s180.000000000000000
125_87,s4.550000000000000,s4.800000000000000,s180.000000000000000
125_88,s5.250000000000000,s4.800000000000000,s180.000000000000000
125_89,s5.950000000000000,s4.800000000000000,s180.000000000000000
125_90,s0.000000000000000,s5.000000000000000,s0.000000000000000
125_91,s0.700000000000000,s5.000000000000000,s0.000000000000000
125_92,s1.400000000000000,s5.000000000000000,s0.000000000000000
125_93,s2.100000000000000,s5.000000000000000,s0.000000000000000
125_94,s2.800000000000000,s5.000000000000000,s0.000000000000000
125_95,s3.500000000000000,s5.000000000000000,s0.000000000000000
125_96,s4.200000000000000,s5.000000000000000,s0.000000000000000
125_97,s4.900000000000000,s5.000000000000000,s0.000000000000000
125_98,s5.600000000000000,s5.000000000000000,s0.000000000000000
125_99,s0.350000000000000,s5.800000000000000,s180.000000000000000
125_100,s1.050000000000000,s5.800000000000000,s180.000000000000000
125_101,s1.750000000000000,s5.800000000000000,s180.000000000000000
125_102,s2.450000000000000,s5.800000000000000,s180.000000000000000
125_103,s3.150000000000000,s5.800000000000000,s180.000000000000000
125_104,s3.850000000000000,s5.800000000000000,s180.000000000000000
125_105,s4.550000000000000,s5.800000000000000,s180.000000000000000
125_106,s5.250000000000000,s5.800000000000000,s180.000000000000000
125_107,s5.950000000000000,s5.800000000000000,s180.000000000000000
125_108,s0.000000000000000,s6.000000000000000,s0.000000000000000
125_109,s0.700000000000000,s6.000000000000000,s0.000000000000000
125_110,s1.400000000000000,s6.000000000000000,s0.000000000000000
125_111,s2.100000000000000,s6.000000000000000,s0.000000000000000
125_112,s2.800000000000000,s6.000000000000000,s0.000000000000000
125_113,s3.500000000000000,s6.000000000000000,s0.000000000000000
125_114,s4.200000000000000,s6.000000000000000,s0.000000000000000
125_115,s4.900000000000000,s6.000000000000000,s0.000000000000000
125_116,s5.600000000000000,s6.000000000000000,s0.000000000000000
125_117,s0.350000000000000,s6.800000000000000,s180.000000000000000
125_118,s1.050000000000000,s6.800000000000000,s180.000000000000000
125_119,s1.750000000000000,s6.800000000000000,s180.000000000000000
125_120,s2.450000000000000,s6.800000000000000,s180.000000000000000
125_121,s3.150000000000000,s6.800000000000000,s180.000000000000000
125_122,s3.850000000000000,s6.800000000000000,s180.000000000000000
125_123,s4.550000000000000,s6.800000000000000,s180.000000000000000
125_124,s5.250000000000000,s6.800000000000000,s180.000000000000000
126_0,s0.000000000000000,s0.000000000000000,s0.000000000000000
126_1,s0.700000000000000,s0.000000000000000,s0.000000000000000
126_2,s1.400000000000000,s0.000000000000000,s0.000000000000000
126_3,s2.100000000000000,s0.000000000000000,s0.000000000000000
126_4,s2.800000000000000,s0.000000000000000,s0.000000000000000
126_5,s3.500000000000000,s0.000000000000000,s0.000000000000000
126_6,s4.200000000000000,s0.000000000000000,s0.000000000000000
126_7,s4.900000000000000,s0.000000000000000,s0.000000000000000
126_8,s5.600000000000000,s0.000000000000000,s0.000000000000000
126_9,s0.350000000000000,s0.800000000000000,s180.000000000000000
126_10,s1.050000000000000,s0.800000000000000,s180.000000000000000
126_11,s1.750000000000000,s0.800000000000000,s180.000000000000000
126_12,s2.450000000000000,s0.800000000000000,s180.000000000000000
126_13,s3.150000000000000,s0.800000000000000,s180.000000000000000
126_14,s3.850000000000000,s0.800000000000000,s180.000000000000000
126_15,s4.550000000000000,s0.800000000000000,s180.000000000000000
126_16,s5.250000000000000,s0.800000000000000,s180.000000000000000
126_17,s5.950000000000000,s0.800000000000000,s180.000000000000000
126_18,s0.000000000000000,s1.000000000000000,s0.000000000000000
126_19,s0.700000000000000,s1.000000000000000,s0.000000000000000
126_20,s1.400000000000000,s1.000000000000000,s0.000000000000000
126_21,s2.100000000000000,s1.000000000000000,s0.000000000000000
126_22,s2.800000000000000,s1.000000000000000,s0.000000000000000
126_23,s3.500000000000000,s1.000000000000000,s0.000000000000000
126_24,s4.200000000000000,s1.000000000000000,s0.000000000000000
126_25,s4.900000000000000,s1.000000000000000,s0.000000000000000
126_26,s5.600000000000000,s1.000000000000000,s0.000000000000000
126_27,s0.350000000000000,s1.800000000000000,s180.000000000000000
126_28,s1.050000000000000,s1.800000000000000,s180.000000000000000
126_29,s1.750000000000000,s1.800000000000000,s180.000000000000000
126_30,s2.450000000000000,s1.800000000000000,s180.000000000000000
126_31,s3.150000000000000,s1.800000000000000,s180.000000000000000
126_32,s3.850000000000000,s1.800000000000000,s180.000000000000000
126_33,s4.550000000000000,s1.800000000000000,s180.000000000000000
126_34,s5.250000000000000,s1.800000000000000,s180.000000000000000
126_35,s5.950000000000000,s1.800000000000000,s180.000000000000000
126_36,s0.000000000000000,s2.000000000000000,s0.000000000000000
126_37,s0.700000000000000,s2.000000000000000,s0.000000000000000
126_38,s1.400000000000000,s2.000000000000000,s0.000000000000000
126_39,s2.100000000000000,s2.000000000000000,s0.000000000000000
126_40,s2.800000000000000,s2.000000000000000,s0.000000000000000
126_41,s3.500000000000000,s2.000000000000000,s0.000000000000000
126_42,s4.200000000000000,s2.000000000000000,s0.000000000000000
126_43,s4.900000000000000,s2.000000000000000,s0.000000000000000
126_44,s5.600000000000000,s2.000000000000000,s0.000000000000000
126_45,s0.350000000000000,s2.800000000000000,s180.000000000000000
126_46,s1.050000000000000,s2.800000000000000,s180.000000000000000
126_47,s1.750000000000000,s2.800000000000000,s180.000000000000000
126_48,s2.450000000000000,s2.800000000000000,s180.000000000000000
126_49,s3.150000000000000,s2.800000000000000,s180.000000000000000
126_50,s3.850000000000000,s2.800000000000000,s180.000000000000000
126_51,s4.550000000000000,s2.800000000000000,s180.000000000000000
126_52,s5.250000000000000,s2.800000000000000,s180.000000000000000
126_53,s5.950000000000000,s2.800000000000000,s180.000000000000000
126_54,s0.000000000000000,s3.000000000000000,s0.000000000000000
126_55,s0.700000000000000,s3.000000000000000,s0.000000000000000
126_56,s1.400000000000000,s3.000000000000000,s0.000000000000000
126_57,s2.100000000000000,s3.000000000000000,s0.000000000000000
126_58,s2.800000000000000,s3.000000000000000,s0.000000000000000
126_59,s3.500000000000000,s3.000000000000000,s0.000000000000000
126_60,s4.200000000000000,s3.000000000000000,s0.000000000000000
126_61,s4.900000000000000,s3.000000000000000,s0.000000000000000
126_62,s5.600000000000000,s3.000000000000000,s0.000000000000000
126_63,s0.350000000000000,s3.800000000000000,s180.000000000000000
126_64,s1.050000000000000,s3.800000000000000,s180.000000000000000
126_65,s1.750000000000000,s3.800000000000000,s180.000000000000000
126_66,s2.450000000000000,s3.800000000000000,s180.000000000000000
126_67,s3.150000000000000,s3.800000000000000,s180.000000000000000
126_68,s3.850000000000000,s3.800000000000000,s180.000000000000000
126_69,s4.550000000000000,s3.800000000000000,s180.000000000000000
126_70,s5.250000000000000,s3.800000000000000,s180.000000000000000
126_71,s5.950000000000000,s3.800000000000000,s180.000000000000000
126_72,s0.000000000000000,s4.000000000000000,s0.000000000000000
126_73,s0.700000000000000,s4.000000000000000,s0.000000000000000
126_74,s1.400000000000000,s4.000000000000000,s0.000000000000000
126_75,s2.100000000000000,s4.000000000000000,s0.000000000000000
126_76,s2.800000000000000,s4.000000000000000,s0.000000000000000
126_77,s3.500000000000000,s4.000000000000000,s0.000000000000000
126_78,s4.200000000000000,s4.000000000000000,s0.000000000000000
126_79,s4.900000000000000,s4.000000000000000,s0.000000000000000
126_80,s5.600000000000000,s4.000000000000000,s0.000000000000000
126_81,s0.350000000000000,s4.800000000000000,s180.000000000000000
126_82,s1.050000000000000,s4.800000000000000,s180.000000000000000
126_83,s1.750000000000000,s4.800000000000000,s180.000000000000000
126_84,s2.450000000000000,s4.800000000000000,s180.000000000000000
126_85,s3.150000000000000,s4.800000000000000,s180.000000000000000
126_86,s3.850000000000000,s4.800000000000000,s180.000000000000000
126_87,s4.550000000000000,s4.800000000000000,s180.000000000000000
126_88,s5.250000000000000,s4.800000000000000,s180.000000000000000
126_89,s5.950000000000000,s4.800000000000000,s180.000000000000000
126_90,s0.000000000000000,s5.000000000000000,s0.000000000000000
126_91,s0.700000000000000,s5.000000000000000,s0.000000000000000
126_92,s1.400000000000000,s5.000000000000000,s0.000000000000000
126_93,s2.100000000000000,s5.000000000000000,s0.000000000000000
126_94,s2.800000000000000,s5.000000000000000,s0.000000000000000
126_95,s3.500000000000000,s5.000000000000000,s0.000000000000000
126_96,s4.200000000000000,s5.000000000000000,s0.000000000000000
126_97,s4.900000000000000,s5.000000000000000,s0.000000000000000
126_98,s5.600000000000000,s5.000000000000000,s0.000000000000000
126_99,s0.350000000000000,s5.800000000000000,s180.000000000000000
126_100,s1.050000000000000,s5.800000000000000,s180.000000000000000
126_101,s1.750000000000000,s5.800000000000000,s180.000000000000000
126_102,s2.450000000000000,s5.800000000000000,s180.000000000000000
126_103,s3.150000000000000,s5.800000000000000,s180.000000000000000
126_104,s3.850000000000000,s5.800000000000000,s180.000000000000000
126_105,s4.550000000000000,s5.800000000000000,s180.000000000000000
126_106,s5.250000000000000,s5.800000000000000,s180.000000000000000
126_107,s5.950000000000000,s5.800000000000000,s180.000000000000000
126_108,s0.000000000000000,s6.000000000000000,s0.000000000000000
126_109,s0.700000000000000,s6.000000000000000,s0.000000000000000
126_110,s1.400000000000000,s6.000000000000000,s0.000000000000000
126_111,s2.100000000000000,s6.000000000000000,s0.000000000000000
126_112,s2.800000000000000,s6.000000000000000,s0.000000000000000
126_113,s3.500000000000000,s6.000000000000000,s0.000000000000000
126_114,s4.200000000000000,s6.000000000000000,s0.000000000000000
126_115,s4.900000000000000,s6.000000000000000,s0.000000000000000
126_116,s5.600000000000000,s6.000000000000000,s0.000000000000000
126_117,s0.350000000000000,s6.800000000000000,s180.000000000000000
126_118,s1.050000000000000,s6.800000000000000,s180.000000000000000
126_119,s1.750000000000000,s6.800000000000000,s180.000000000000000
126_120,s2.450000000000000,s6.800000000000000,s180.000000000000000
126_121,s3.150000000000000,s6.800000000000000,s180.000000000000000
126_122,s3.850000000000000,s6.800000000000000,s180.000000000000000
126_123,s4.550000000000000,s6.800000000000000,s180.000000000000000
126_124,s5.250000000000000,s6.800000000000000,s180.000000000000000
126_125,s5.950000000000000,s6.800000000000000,s180.000000000000000
127_0,s0.000000000000000,s0.000000000000000,s0.000000000000000
127_1,s0.700000000000000,s0.000000000000000,s0.000000000000000
127_2,s1.400000000000000,s0.000000000000000,s0.000000000000000
127_3,s2.100000000000000,s0.000000000000000,s0.000000000000000
127_4,s2.800000000000000,s0.000000000000000,s0.000000000000000
127_5,s3.500000000000000,s0.000000000000000,s0.000000000000000
127_6,s4.200000000000000,s0.000000000000000,s0.000000000000000
127_7,s4.900000000000000,s0.000000000000000,s0.000000000000000
127_8,s5.600000000000000,s0.000000000000000,s0.000000000000000
127_9,s6.300000000000000,s0.000000000000000,s0.000000000000000
127_10,s0.350000000000000,s0.800000000000000,s180.000000000000000
127_11,s1.050000000000000,s0.800000000000000,s180.000000000000000
127_12,s1.750000000000000,s0.800000000000000,s180.000000000000000
127_13,s2.450000000000000,s0.800000000000000,s180.000000000000000
127_14,s3.150000000000000,s0.800000000000000,s180.000000000000000
127_15,s3.850000000000000,s0.800000000000000,s180.000000000000000
127_16,s4.550000000000000,s0.800000000000000,s180.000000000000000
127_17,s5.250000000000000,s0.800000000000000,s180.000000000000000
127_18,s5.950000000000000,s0.800000000000000,s180.000000000000000
127_19,s0.000000000000000,s1.000000000000000,s0.000000000000000
127_20,s0.700000000000000,s1.000000000000000,s0.000000000000000
127_21,s1.400000000000000,s1.000000000000000,s0.000000000000000
127_22,s2.100000000000000,s1.000000000000000,s0.000000000000000
127_23,s2.800000000000000,s1.000000000000000,s0.000000000000000
127_24,s3.500000000000000,s1.000000000000000,s0.000000000000000
127_25,s4.200000000000000,s1.000000000000000,s0.000000000000000
127_26,s4.900000000000000,s1.000000000000000,s0.000000000000000
127_27,s5.600000000000000,s1.000000000000000,s0.000000000000000
127_28,s6.300000000000000,s1.000000000000000,s0.000000000000000
127_29,s0.350000000000000,s1.800000000000000,s180.000000000000000
127_30,s1.050000000000000,s1.800000000000000,s180.000000000000000
127_31,s1.750000000000000,s1.800000000000000,s180.000000000000000
127_32,s2.450000000000000,s1.800000000000000,s180.000000000000000
127_33,s3.150000000000000,s1.800000000000000,s180.000000000000000
127_34,s3.850000000000000,s1.800000000000000,s180.000000000000000
127_35,s4.550000000000000,s1.800000000000000,s180.000000000000000
127_36,s5.250000000000000,s1.800000000000000,s180.000000000000000
127_37,s5.950000000000000,s1.800000000000000,s180.000000000000000
127_38,s0.000000000000000,s2.000000000000000,s0.000000000000000
127_39,s0.700000000000000,s2.000000000000000,s0.000000000000000
127_40,s1.400000000000000,s2.000000000000000,s0.000000000000000
127_41,s2.100000000000000,s2.000000000000000,s0.000000000000000
127_42,s2.800000000000000,s2.000000000000000,s0.000000000000000
127_43,s3.500000000000000,s2.000000000000000,s0.000000000000000
127_44,s4.200000000000000,s2.000000000000000,s0.000000000000000
127_45,s4.900000000000000,s2.000000000000000,s0.000000000000000
127_46,s5.600000000000000,s2.000000000000000,s0.000000000000000
127_47,s6.300000000000000,s2.000000000000000,s0.000000000000000
127_48,s0.350000000000000,s2.800000000000000,s180.000000000000000
127_49,s1.050000000000000,s2.800000000000000,s180.000000000000000
127_50,s1.750000000000000,s2.800000000000000,s180.000000000000000
127_51,s2.450000000000000,s2.800000000000000,s180.000000000000000
127_52,s3.150000000000000,s2.800000000000000,s180.000000000000000
127_53,s3.850000000000000,s2.800000000000000,s180.000000000000000
127_54,s4.550000000000000,s2.800000000000000,s180.000000000000000
127_55,s5.250000000000000,s2.800000000000000,s180.000000000000000
127_56,s5.950000000000000,s2.800000000000000,s180.000000000000000
127_57,s0.000000000000000,s3.000000000000000,s0.000000000000000
127_58,s0.700000000000000,s3.000000000000000,s0.000000000000000
127_59,s1.400000000000000,s3.000000000000000,s0.000000000000000
127_60,s2.100000000000000,s3.000000000000000,s0.000000000000000
127_61,s2.800000000000000,s3.000000000000000,s0.000000000000000
127_62,s3.500000000000000,s3.000000000000000,s0.000000000000000
127_63,s4.200000000000000,s3.000000000000000,s0.000000000000000
127_64,s4.900000000000000,s3.000000000000000,s0.000000000000000
127_65,s5.600000000000000,s3.000000000000000,s0.000000000000000
127_66,s6.300000000000000,s3.000000000000000,s0.000000000000000
127_67,s0.350000000000000,s3.800000000000000,s180.000000000000000
127_68,s1.050000000000000,s3.800000000000000,s180.000000000000000
127_69,s1.750000000000000,s3.800000000000000,s180.000000000000000
127_70,s2.450000000000000,s3.800000000000000,s180.000000000000000
127_71,s3.150000000000000,s3.800000000000000,s180.000000000000000
127_72,s3.850000000000000,s3.800000000000000,s180.000000000000000
127_73,s4.550000000000000,s3.800000000000000,s180.000000000000000
127_74,s5.250000000000000,s3.800000000000000,s180.000000000000000
127_75,s5.950000000000000,s3.800000000000000,s180.000000000000000
127_76,s0.000000000000000,s4.000000000000000,s0.000000000000000
127_77,s0.700000000000000,s4.000000000000000,s0.000000000000000
127_78,s1.400000000000000,s4.000000000000000,s0.000000000000000
127_79,s2.100000000000000,s4.000000000000000,s0.000000000000000
127_80,s2.800000000000000,s4.000000000000000,s0.000000000000000
127_81,s3.500000000000000,s4.000000000000000,s0.000000000000000
127_82,s4.200000000000000,s4.000000000000000,s0.000000000000000
127_83,s4.900000000000000,s4.000000000000000,s0.000000000000000
127_84,s5.600000000000000,s4.000000000000000,s0.000000000000000
127_85,s6.300000000000000,s4.000000000000000,s0.000000000000000
127_86,s0.350000000000000,s4.800000000000000,s180.000000000000000
127_87,s1.050000000000000,s4.800000000000000,s180.000000000000000
127_88,s1.750000000000000,s4.800000000000000,s180.000000000000000
127_89,s2.450000000000000,s4.800000000000000,s180.000000000000000
127_90,s3.150000000000000,s4.800000000000000,s180.000000000000000
127_91,s3.850000000000000,s4.800000000000000,s180.000000000000000
127_92,s4.550000000000000,s4.800000000000000,s180.000000000000000
127_93,s5.250000000000000,s4.800000000000000,s180.000000000000000
127_94,s5.950000000000000,s4.800000000000000,s180.000000000000000
127_95,s0.000000000000000,s5.000000000000000,s0.000000000000000
127_96,s0.700000000000000,s5.000000000000000,s0.000000000000000
127_97,s1.400000000000000,s5.000000000000000,s0.000000000000000
127_98,s2.100000000000000,s5.000000000000000,s0.000000000000000
127_99,s2.800000000000000,s5.000000000000000,s0.000000000000000
127_100,s3.500000000000000,s5.000000000000000,s0.000000000000000
127_101,s4.200000000000000,s5.000000000000000,s0.000000000000000
127_102,s4.900000000000000,s5.000000000000000,s0.000000000000000
127_103,s5.600000000000000,s5.000000000000000,s0.000000000000000
127_104,s6.300000000000000,s5.000000000000000,s0.000000000000000
127_105,s0.350000000000000,s5.800000000000000,s180.000000000000000
127_106,s1.050000000000000,s5.800000000000000,s180.000000000000000
127_107,s1.750000000000000,s5.800000000000000,s180.000000000000000
127_108,s2.450000000000000,s5.800000000000000,s180.000000000000000
127_109,s3.150000000000000,s5.800000000000000,s180.000000000000000
127_110,s3.850000000000000,s5.800000000000000,s180.000000000000000
127_111,s4.550000000000000,s5.800000000000000,s180.000000000000000
127_112,s5.250000000000000,s5.800000000000000,s180.000000000000000
127_113,s5.950000000000000,s5.800000000000000,s180.000000000000000
127_114,s0.000000000000000,s6.000000000000000,s0.000000000000000
127_115,s0.700000000000000,s6.000000000000000,s0.000000000000000
127_116,s1.400000000000000,s6.000000000000000,s0.000000000000000
127_117,s2.100000000000000,s6.000000000000000,s0.000000000000000
127_118,s2.800000000000000,s6.000000000000000,s0.000000000000000
127_119,s3.500000000000000,s6.000000000000000,s0.000000000000000
127_120,s4.200000000000000,s6.000000000000000,s0.000000000000000
127_121,s4.900000000000000,s6.000000000000000,s0.000000000000000
127_122,s5.600000000000000,s6.000000000000000,s0.000000000000000
127_123,s6.300000000000000,s6.000000000000000,s0.000000000000000
127_124,s0.350000000000000,s6.800000000000000,s180.000000000000000
127_125,s1.050000000000000,s6.800000000000000,s180.000000000000000
127_126,s1.750000000000000,s6.800000000000000,s180.000000000000000
128_0,s0.000000000000000,s0.000000000000000,s0.000000000000000
128_1,s0.700000000000000,s0.000000000000000,s0.000000000000000
128_2,s1.400000000000000,s0.000000000000000,s0.000000000000000
128_3,s2.100000000000000,s0.000000000000000,s0.000000000000000
128_4,s2.800000000000000,s0.000000000000000,s0.000000000000000
128_5,s3.500000000000000,s0.000000000000000,s0.000000000000000
128_6,s4.200000000000000,s0.000000000000000,s0.000000000000000
128_7,s4.900000000000000,s0.000000000000000,s0.000000000000000
128_8,s5.600000000000000,s0.000000000000000,s0.000000000000000
128_9,s6.300000000000000,s0.000000000000000,s0.000000000000000
128_10,s0.350000000000000,s0.800000000000000,s180.000000000000000
128_11,s1.050000000000000,s0.800000000000000,s180.000000000000000
128_12,s1.750000000000000,s0.800000000000000,s180.000000000000000
128_13,s2.450000000000000,s0.800000000000000,s180.000000000000000
128_14,s3.150000000000000,s0.800000000000000,s180.000000000000000
128_15,s3.850000000000000,s0.800000000000000,s180.000000000000000
128_16,s4.550000000000000,s0.800000000000000,s180.000000000000000
128_17,s5.250000000000000,s0.800000000000000,s180.000000000000000
128_18,s5.950000000000000,s0.800000000000000,s180.000000000000000
128_19,s0.000000000000000,s1.000000000000000,s0.000000000000000
128_20,s0.700000000000000,s1.000000000000000,s0.000000000000000
128_21,s1.400000000000000,s1.000000000000000,s0.000000000000000
128_22,s2.100000000000000,s1.000000000000000,s0.000000000000000
128_23,s2.800000000000000,s1.000000000000000,s0.000000000000000
128_24,s3.500000000000000,s1.000000000000000,s0.000000000000000
128_25,s4.200000000000000,s1.000000000000000,s0.000000000000000
128_26,s4.900000000000000,s1.000000000000000,s0.000000000000000
128_27,s5.600000000000000,s1.000000000000000,s0.000000000000000
128_28,s6.300000000000000,s1.000000000000000,s0.000000000000000
128_29,s0.350000000000000,s1.800000000000000,s180.000000000000000
128_30,s1.050000000000000,s1.800000000000000,s180.000000000000000
128_31,s1.750000000000000,s1.800000000000000,s180.000000000000000
128_32,s2.450000000000000,s1.800000000000000,s180.000000000000000
128_33,s3.150000000000000,s1.800000000000000,s180.000000000000000
128_34,s3.850000000000000,s1.800000000000000,s180.000000000000000
128_35,s4.550000000000000,s1.800000000000000,s180.000000000000000
128_36,s5.250000000000000,s1.800000000000000,s180.000000000000000
128_37,s5.950000000000000,s1.800000000000000,s180.000000000000000
128_38,s0.000000000000000,s2.000000000000000,s0.000000000000000
128_39,s0.700000000000000,s2.000000000000000,s0.000000000000000
128_40,s1.400000000000000,s2.000000000000000,s0.000000000000000
128_41,s2.100000000000000,s2.000000000000000,s0.000000000000000
128_42,s2.800000000000000,s2.000000000000000,s0.000000000000000
128_43,s3.500000000000000,s2.000000000000000,s0.000000000000000
128_44,s4.200000000000000,s2.000000000000000,s0.000000000000000
128_45,s4.900000000000000,s2.000000000000000,s0.000000000000000
128_46,s5.600000000000000,s2.000000000000000,s0.000000000000000
128_47,s6.300000000000000,s2.000000000000000,s0.000000000000000
128_48,s0.350000000000000,s2.800000000000000,s180.000000000000000
128_49,s1.050000000000000,s2.800000000000000,s180.000000000000000
128_50,s1.750000000000000,s2.800000000000000,s180.000000000000000
128_51,s2.450000000000000,s2.800000000000000,s180.000000000000000
128_52,s3.150000000000000,s2.800000000000000,s180.000000000000000
128_53,s3.850000000000000,s2.800000000000000,s180.000000000000000
128_54,s4.550000000000000,s2.800000000000000,s180.000000000000000
128_55,s5.250000000000000,s2.800000000000000,s180.000000000000000
128_56,s5.950000000000000,s2.800000000000000,s180.000000000000000
128_57,s0.000000000000000,s3.000000000000000,s0.000000000000000
128_58,s0.700000000000000,s3.000000000000000,s0.000000000000000
128_59,s1.400000000000000,s3.000000000000000,s0.000000000000000
128_60,s2.100000000000000,s3.000000000000000,s0.000000000000000
128_61,s2.800000000000000,s3.000000000000000,s0.000000000000000
128_62,s3.500000000000000,s3.000000000000000,s0.000000000000000
128_63,s4.200000000000000,s3.000000000000000,s0.000000000000000
128_64,s4.900000000000000,s3.000000000000000,s0.000000000000000
128_65,s5.600000000000000,s3.000000000000000,s0.000000000000000
128_66,s6.300000000000000,s3.000000000000000,s0.000000000000000
128_67,s0.350000000000000,s3.800000000000000,s180.000000000000000
128_68,s1.050000000000000,s3.800000000000000,s180.000000000000000
128_69,s1.750000000000000,s3.800000000000000,s180.000000000000000
128_70,s2.450000000000000,s3.800000000000000,s180.000000000000000
128_71,s3.150000000000000,s3.800000000000000,s180.000000000000000
128_72,s3.850000000000000,s3.800000000000000,s180.000000000000000
128_73,s4.550000000000000,s3.800000000000000,s180.000000000000000
128_74,s5.250000000000000,s3.800000000000000,s180.000000000000000
128_75,s5.950000000000000,s3.800000000000000,s180.000000000000000
128_76,s0.000000000000000,s4.000000000000000,s0.000000000000000
128_77,s0.700000000000000,s4.000000000000000,s0.000000000000000
128_78,s1.400000000000000,s4.000000000000000,s0.000000000000000
128_79,s2.100000000000000,s4.000000000000000,s0.000000000000000
128_80,s2.800000000000000,s4.000000000000000,s0.000000000000000
128_81,s3.500000000000000,s4.000000000000000,s0.000000000000000
128_82,s4.200000000000000,s4.000000000000000,s0.000000000000000
128_83,s4.900000000000000,s4.000000000000000,s0.000000000000000
128_84,s5.600000000000000,s4.000000000000000,s0.000000000000000
128_85,s6.300000000000000,s4.000000000000000,s0.000000000000000
128_86,s0.350000000000000,s4.800000000000000,s180.000000000000000
128_87,s1.050000000000000,s4.800000000000000,s180.000000000000000
128_88,s1.750000000000000,s4.800000000000000,s180.000000000000000
128_89,s2.450000000000000,s4.800000000000000,s180.000000000000000
128_90,s3.150000000000000,s4.800000000000000,s180.000000000000000
128_91,s3.850000000000000,s4.800000000000000,s180.000000000000000
128_92,s4.550000000000000,s4.800000000000000,s180.000000000000000
128_93,s5.250000000000000,s4.800000000000000,s180.000000000000000
128_94,s5.950000000000000,s4.800000000000000,s180.000000000000000
128_95,s0.000000000000000,s5.000000000000000,s0.000000000000000
128_96,s0.700000000000000,s5.000000000000000,s0.000000000000000
128_97,s1.400000000000000,s5.000000000000000,s0.000000000000000
128_98,s2.100000000000000,s5.000000000000000,s0.000000000000000
128_99,s2.800000000000000,s5.000000000000000,s0.000000000000000
128_100,s3.500000000000000,s5.000000000000000,s0.000000000000000
128_101,s4.200000000000000,s5.000000000000000,s0.000000000000000
128_102,s4.900000000000000,s5.000000000000000,s0.000000000000000
128_103,s5.600000000000000,s5.000000000000000,s0.000000000000000
128_104,s6.300000000000000,s5.000000000000000,s0.000000000000000
128_105,s0.350000000000000,s5.800000000000000,s180.000000000000000
128_106,s1.050000000000000,s5.800000000000000,s180.000000000000000
128_107,s1.750000000000000,s5.800000000000000,s180.000000000000000
128_108,s2.450000000000000,s5.800000000000000,s180.000000000000000
128_109,s3.150000000000000,s5.800000000000000,s180.000000000000000
128_110,s3.850000000000000,s5.800000000000000,s180.000000000000000
128_111,s4.550000000000000,s5.800000000000000,s180.000000000000000
128_112,s5.250000000000000,s5.800000000000000,s180.000000000000000
128_113,s5.950000000000000,s5.800000000000000,s180.000000000000000
128_114,s0.000000000000000,s6.000000000000000,s0.000000000000000
128_115,s0.700000000000000,s6.000000000000000,s0.000000000000000
128_116,s1.400000000000000,s6.000000000000000,s0.000000000000000
128_117,s2.100000000000000,s6.000000000000000,s0.000000000000000
128_118,s2.800000000000000,s6.000000000000000,s0.000000000000000
128_119,s3.500000000000000,s6.000000000000000,s0.000000000000000
128_120,s4.200000000000000,s6.000000000000000,s0.000000000000000
128_121,s4.900000000000000,s6.000000000000000,s0.000000000000000
128_122,s5.600000000000000,s6.000000000000000,s0.000000000000000
128_123,s6.300000000000000,s6.000000000000000,s0.000000000000000
128_124,s0.350000000000000,s6.800000000000000,s180.000000000000000
128_125,s1.050000000000000,s6.800000000000000,s180.000000000000000
128_126,s1.750000000000000,s6.800000000000000,s180.000000000000000
128_127,s2.450000000000000,s6.800000000000000,s180.000000000000000
129_0,s0.000000000000000,s0.000000000000000,s0.000000000000000
129_1,s0.700000000000000,s0.000000000000000,s0.000000000000000
129_2,s1.400000000000000,s0.000000000000000,s0.000000000000000
129_3,s2.100000000000000,s0.000000000000000,s0.000000000000000
129_4,s2.800000000000000,s0.000000000000000,s0.000000000000000
129_5,s3.500000000000000,s0.000000000000000,s0.000000000000000
129_6,s4.200000000000000,s0.000000000000000,s0.000000000000000
129_7,s4.900000000000000,s0.000000000000000,s0.000000000000000
129_8,s5.600000000000000,s0.000000000000000,s0.000000000000000
129_9,s6.300000000000000,s0.000000000000000,s0.000000000000000
129_10,s0.350000000000000,s0.800000000000000,s180.000000000000000
129_11,s1.050000000000000,s0.800000000000000,s180.000000000000000
129_12,s1.750000000000000,s0.800000000000000,s180.000000000000000
129_13,s2.450000000000000,s0.800000000000000,s180.000000000000000
129_14,s3.150000000000000,s0.800000000000000,s180.000000000000000
129_15,s3.850000000000000,s0.800000000000000,s180.000000000000000
129_16,s4.550000000000000,s0.800000000000000,s180.000000000000000
129_17,s5.250000000000000,s0.800000000000000,s180.000000000000000
129_18,s5.950000000000000,s0.800000000000000,s180.000000000000000
129_19,s0.000000000000000,s1.000000000000000,s0.000000000000000
129_20,s0.700000000000000,s1.000000000000000,s0.000000000000000
129_21,s1.400000000000000,s1.000000000000000,s0.000000000000000
129_22,s2.100000000000000,s1.000000000000000,s0.000000000000000
129_23,s2.800000000000000,s1.000000000000000,s0.000000000000000
129_24,s3.500000000000000,s1.000000000000000,s0.000000000000000
129_25,s4.200000000000000,s1.000000000000000,s0.000000000000000
129_26,s4.900000000000000,s1.000000000000000,s0.000000000000000
129_27,s5.600000000000000,s1.000000000000000,s0.000000000000000
129_28,s6.300000000000000,s1.000000000000000,s0.000000000000000
129_29,s0.350000000000000,s1.800000000000000,s180.000000000000000
129_30,s1.050000000000000,s1.800000000000000,s180.000000000000000
129_31,s1.750000000000000,s1.800000000000000,s180.000000000000000
129_32,s2.450000000000000,s1.800000000000000,s180.000000000000000
129_33,s3.150000000000000,s1.800000000000000,s180.000000000000000
129_34,s3.850000000000000,s1.800000000000000,s180.000000000000000
129_35,s4.550000000000000,s1.800000000000000,s180.000000000000000
129_36,s5.250000000000000,s1.800000000000000,s180.000000000000000
129_37,s5.950000000000000,s1.800000000000000,s180.000000000000000
129_38,s0.000000000000000,s2.000000000000000,s0.000000000000000
129_39,s0.700000000000000,s2.000000000000000,s0.000000000000000
129_40,s1.400000000000000,s2.000000000000000,s0.000000000000000
129_41,s2.100000000000000,s2.000000000000000,s0.000000000000000
129_42,s2.800000000000000,s2.000000000000000,s0.000000000000000
129_43,s3.500000000000000,s2.000000000000000,s0.000000000000000
129_44,s4.200000000000000,s2.000000000000000,s0.000000000000000
129_45,s4.900000000000000,s2.000000000000000,s0.000000000000000
129_46,s5.600000000000000,s2.000000000000000,s0.000000000000000
129_47,s6.300000000000000,s2.000000000000000,s0.000000000000000
129_48,s0.350000000000000,s2.800000000000000,s180.000000000000000
129_49,s1.050000000000000,s2.800000000000000,s180.000000000000000
129_50,s1.750000000000000,s2.800000000000000,s180.000000000000000
129_51,s2.450000000000000,s2.800000000000000,s180.000000000000000
129_52,s3.150000000000000,s2.800000000000000,s180.000000000000000
129_53,s3.850000000000000,s2.800000000000000,s180.000000000000000
129_54,s4.550000000000000,s2.800000000000000,s180.000000000000000
129_55,s5.250000000000000,s2.800000000000000,s180.000000000000000
129_56,s5.950000000000000,s2.800000000000000,s180.000000000000000
129_57,s0.000000000000000,s3.000000000000000,s0.000000000000000
129_58,s0.700000000000000,s3.000000000000000,s0.000000000000000
129_59,s1.400000000000000,s3.000000000000000,s0.000000000000000
129_60,s2.100000000000000,s3.000000000000000,s0.000000000000000
129_61,s2.800000000000000,s3.000000000000000,s0.000000000000000
129_62,s3.500000000000000,s3.000000000000000,s0.000000000000000
129_63,s4.200000000000000,s3.000000000000000,s0.000000000000000
129_64,s4.900000000000000,s3.000000000000000,s0.000000000000000
129_65,s5.600000000000000,s3.000000000000000,s0.000000000000000
129_66,s6.300000000000000,s3.000000000000000,s0.000000000000000
129_67,s0.350000000000000,s3.800000000000000,s180.000000000000000
129_68,s1.050000000000000,s3.800000000000000,s180.000000000000000
129_69,s1.750000000000000,s3.800000000000000,s180.000000000000000
129_70,s2.450000000000000,s3.800000000000000,s180.000000000000000
129_71,s3.150000000000000,s3.800000000000000,s180.000000000000000
129_72,s3.850000000000000,s3.800000000000000,s180.000000000000000
129_73,s4.550000000000000,s3.800000000000000,s180.000000000000000
129_74,s5.250000000000000,s3.800000000000000,s180.000000000000000
129_75,s5.950000000000000,s3.800000000000000,s180.000000000000000
129_76,s0.000000000000000,s4.000000000000000,s0.000000000000000
129_77,s0.700000000000000,s4.000000000000000,s0.000000000000000
129_78,s1.400000000000000,s4.000000000000000,s0.000000000000000
129_79,s2.100000000000000,s4.000000000000000,s0.000000000000000
129_80,s2.800000000000000,s4.000000000000000,s0.000000000000000
129_81,s3.500000000000000,s4.000000000000000,s0.000000000000000
129_82,s4.200000000000000,s4.000000000000000,s0.000000000000000
129_83,s4.900000000000000,s4.000000000000000,s0.000000000000000
129_84,s5.600000000000000,s4.000000000000000,s0.000000000000000
129_85,s6.300000000000000,s4.000000000000000,s0.000000000000000
129_86,s0.350000000000000,s4.800000000000000,s180.000000000000000
129_87,s1.050000000000000,s4.800000000000000,s180.000000000000000
129_88,s1.750000000000000,s4.800000000000000,s180.000000000000000
129_89,s2.450000000000000,s4.800000000000000,s180.000000000000000
129_90,s3.150000000000000,s4.800000000000000,s180.000000000000000
129_91,s3.850000000000000,s4.800000000000000,s180.000000000000000
129_92,s4.550000000000000,s4.800000000000000,s180.000000000000000
129_93,s5.250000000000000,s4.800000000000000,s180.000000000000000
129_94,s5.950000000000000,s4.800000000000000,s180.000000000000000
129_95,s0.000000000000000,s5.000000000000000,s0.000000000000000
129_96,s0.700000000000000,s5.000000000000000,s0.000000000000000
129_97,s1.400000000000000,s5.000000000000000,s0.000000000000000
129_98,s2.100000000000000,s5.000000000000000,s0.000000000000000
129_99,s2.800000000000000,s5.000000000000000,s0.000000000000000
129_100,s3.500000000000000,s5.000000000000000,s0.000000000000000
129_101,s4.200000000000000,s5.000000000000000,s0.000000000000000
129_102,s4.900000000000000,s5.000000000000000,s0.000000000000000
129_103,s5.600000000000000,s5.000000000000000,s0.000000000000000
129_104,s6.300000000000000,s5.000000000000000,s0.000000000000000
129_105,s0.350000000000000,s5.800000000000000,s180.000000000000000
129_106,s1.050000000000000,s5.800000000000000,s180.000000000000000
129_107,s1.750000000000000,s5.800000000000000,s180.000000000000000
129_108,s2.450000000000000,s5.800000000000000,s180.000000000000000
129_109,s3.150000000000000,s5.800000000000000,s180.000000000000000
129_110,s3.850000000000000,s5.800000000000000,s180.000000000000000
129_111,s4.550000000000000,s5.800000000000000,s180.000000000000000
129_112,s5.250000000000000,s5.800000000000000,s180.000000000000000
129_113,s5.950000000000000,s5.800000000000000,s180.000000000000000
129_114,s0.000000000000000,s6.000000000000000,s0.000000000000000
129_115,s0.700000000000000,s6.000000000000000,s0.000000000000000
129_116,s1.400000000000000,s6.000000000000000,s0.000000000000000
129_117,s2.100000000000000,s6.000000000000000,s0.000000000000000
129_118,s2.800000000000000,s6.000000000000000,s0.000000000000000
129_119,s3.500000000000000,s6.000000000000000,s0.000000000000000
129_120,s4.200000000000000,s6.000000000000000,s0.000000000000000
129_121,s4.900000000000000,s6.000000000000000,s0.000000000000000
129_122,s5.600000000000000,s6.000000000000000,s0.000000000000000
129_123,s6.300000000000000,s6.000000000000000,s0.000000000000000
129_124,s0.350000000000000,s6.800000000000000,s180.000000000000000
129_125,s1.050000000000000,s6.800000000000000,s180.000000000000000
129_126,s1.750000000000000,s6.800000000000000,s180.000000000000000
129_127,s2.450000000000000,s6.800000000000000,s180.000000000000000
129_128,s3.150000000000000,s6.800000000000000,s180.000000000000000
130_0,s0.000000000000000,s0.000000000000000,s0.000000000000000
130_1,s0.700000000000000,s0.000000000000000,s0.000000000000000
130_2,s1.400000000000000,s0.000000000000000,s0.000000000000000
130_3,s2.100000000000000,s0.000000000000000,s0.000000000000000
130_4,s2.800000000000000,s0.000000000000000,s0.000000000000000
130_5,s3.500000000000000,s0.000000000000000,s0.000000000000000
130_6,s4.200000000000000,s0.000000000000000,s0.000000000000000
130_7,s4.900000000000000,s0.000000000000000,s0.000000000000000
130_8,s5.600000000000000,s0.000000000000000,s0.000000000000000
130_9,s6.300000000000000,s0.000000000000000,s0.000000000000000
130_10,s0.350000000000000,s0.800000000000000,s180.000000000000000
130_11,s1.050000000000000,s0.800000000000000,s180.000000000000000
130_12,s1.750000000000000,s0.800000000000000,s180.000000000000000
130_13,s2.450000000000000,s0.800000000000000,s180.000000000000000
130_14,s3.150000000000000,s0.800000000000000,s180.000000000000000
130_15,s3.850000000000000,s0.800000000000000,s180.000000000000000
130_16,s4.550000000000000,s0.800000000000000,s180.000000000000000
130_17,s5.250000000000000,s0.800000000000000,s180.000000000000000
130_18,s5.950000000000000,s0.800000000000000,s180.000000000000000
130_19,s0.000000000000000,s1.000000000000000,s0.000000000000000
130_20,s0.700000000000000,s1.000000000000000,s0.000000000000000
130_21,s1.400000000000000,s1.000000000000000,s0.000000000000000
130_22,s2.100000000000000,s1.000000000000000,s0.000000000000000
130_23,s2.800000000000000,s1.000000000000000,s0.000000000000000
130_24,s3.500000000000000,s1.000000000000000,s0.000000000000000
130_25,s4.200000000000000,s1.000000000000000,s0.000000000000000
130_26,s4.900000000000000,s1.000000000000000,s0.000000000000000
130_27,s5.600000000000000,s1.000000000000000,s0.000000000000000
130_28,s6.300000000000000,s1.000000000000000,s0.000000000000000
130_29,s0.350000000000000,s1.800000000000000,s180.000000000000000
130_30,s1.050000000000000,s1.800000000000000,s180.000000000000000
130_31,s1.750000000000000,s1.800000000000000,s180.000000000000000
130_32,s2.450000000000000,s1.800000000000000,s180.000000000000000
130_33,s3.150000000000000,s1.800000000000000,s180.000000000000000
130_34,s3.850000000000000,s1.800000000000000,s180.000000000000000
130_35,s4.550000000000000,s1.800000000000000,s180.000000000000000
130_36,s5.250000000000000,s1.800000000000000,s180.000000000000000
130_37,s5.950000000000000,s1.800000000000000,s180.000000000000000
130_38,s0.000000000000000,s2.000000000000000,s0.000000000000000
130_39,s0.700000000000000,s2.000000000000000,s0.000000000000000
130_40,s1.400000000000000,s2.000000000000000,s0.000000000000000
130_41,s2.100000000000000,s2.000000000000000,s0.000000000000000
130_42,s2.800000000000000,s2.000000000000000,s0.000000000000000
130_43,s3.500000000000000,s2.000000000000000,s0.000000000000000
130_44,s4.200000000000000,s2.000000000000000,s0.000000000000000
130_45,s4.900000000000000,s2.000000000000000,s0.000000000000000
130_46,s5.600000000000000,s2.000000000000000,s0.000000000000000
130_47,s6.300000000000000,s2.000000000000000,s0.000000000000000
130_48,s0.350000000000000,s2.800000000000000,s180.000000000000000
130_49,s1.050000000000000,s2.800000000000000,s180.000000000000000
130_50,s1.750000000000000,s2.800000000000000,s180.000000000000000
130_51,s2.450000000000000,s2.800000000000000,s180.000000000000000
130_52,s3.150000000000000,s2.800000000000000,s180.000000000000000
130_53,s3.850000000000000,s2.800000000000000,s180.000000000000000
130_54,s4.550000000000000,s2.800000000000000,s180.000000000000000
130_55,s5.250000000000000,s2.800000000000000,s180.000000000000000
130_56,s5.950000000000000,s2.800000000000000,s180.000000000000000
130_57,s0.000000000000000,s3.000000000000000,s0.000000000000000
130_58,s0.700000000000000,s3.000000000000000,s0.000000000000000
130_59,s1.400000000000000,s3.000000000000000,s0.000000000000000
130_60,s2.100000000000000,s3.000000000000000,s0.000000000000000
130_61,s2.800000000000000,s3.000000000000000,s0.000000000000000
130_62,s3.500000000000000,s3.000000000000000,s0.000000000000000
130_63,s4.200000000000000,s3.000000000000000,s0.000000000000000
130_64,s4.900000000000000,s3.000000000000000,s0.000000000000000
130_65,s5.600000000000000,s3.000000000000000,s0.000000000000000
130_66,s6.300000000000000,s3.000000000000000,s0.000000000000000
130_67,s0.350000000000000,s3.800000000000000,s180.000000000000000
130_68,s1.050000000000000,s3.800000000000000,s180.000000000000000
130_69,s1.750000000000000,s3.800000000000000,s180.000000000000000
130_70,s2.450000000000000,s3.800000000000000,s180.000000000000000
130_71,s3.150000000000000,s3.800000000000000,s180.000000000000000
130_72,s3.850000000000000,s3.800000000000000,s180.000000000000000
130_73,s4.550000000000000,s3.800000000000000,s180.000000000000000
130_74,s5.250000000000000,s3.800000000000000,s180.000000000000000
130_75,s5.950000000000000,s3.800000000000000,s180.000000000000000
130_76,s0.000000000000000,s4.000000000000000,s0.000000000000000
130_77,s0.700000000000000,s4.000000000000000,s0.000000000000000
130_78,s1.400000000000000,s4.000000000000000,s0.000000000000000
130_79,s2.100000000000000,s4.000000000000000,s0.000000000000000
130_80,s2.800000000000000,s4.000000000000000,s0.000000000000000
130_81,s3.500000000000000,s4.000000000000000,s0.000000000000000
130_82,s4.200000000000000,s4.000000000000000,s0.000000000000000
130_83,s4.900000000000000,s4.000000000000000,s0.000000000000000
130_84,s5.600000000000000,s4.000000000000000,s0.000000000000000
130_85,s6.300000000000000,s4.000000000000000,s0.000000000000000
130_86,s0.350000000000000,s4.800000000000000,s180.000000000000000
130_87,s1.050000000000000,s4.800000000000000,s180.000000000000000
130_88,s1.750000000000000,s4.800000000000000,s180.000000000000000
130_89,s2.450000000000000,s4.800000000000000,s180.000000000000000
130_90,s3.150000000000000,s4.800000000000000,s180.000000000000000
130_91,s3.850000000000000,s4.800000000000000,s180.000000000000000
130_92,s4.550000000000000,s4.800000000000000,s180.000000000000000
130_93,s5.250000000000000,s4.800000000000000,s180.000000000000000
130_94,s5.950000000000000,s4.800000000000000,s180.000000000000000
130_95,s0.000000000000000,s5.000000000000000,s0.000000000000000
130_96,s0.700000000000000,s5.000000000000000,s0.000000000000000
130_97,s1.400000000000000,s5.000000000000000,s0.000000000000000
130_98,s2.100000000000000,s5.000000000000000,s0.000000000000000
130_99,s2.800000000000000,s5.000000000000000,s0.000000000000000
130_100,s3.500000000000000,s5.000000000000000,s0.000000000000000
130_101,s4.200000000000000,s5.000000000000000,s0.000000000000000
130_102,s4.900000000000000,s5.000000000000000,s0.000000000000000
130_103,s5.600000000000000,s5.000000000000000,s0.000000000000000
130_104,s6.300000000000000,s5.000000000000000,s0.000000000000000
130_105,s0.350000000000000,s5.800000000000000,s180.000000000000000
130_106,s1.050000000000000,s5.800000000000000,s180.000000000000000
130_107,s1.750000000000000,s5.800000000000000,s180.000000000000000
130_108,s2.450000000000000,s5.800000000000000,s180.000000000000000
130_109,s3.150000000000000,s5.800000000000000,s180.000000000000000
130_110,s3.850000000000000,s5.800000000000000,s180.000000000000000
130_111,s4.550000000000000,s5.800000000000000,s180.000000000000000
130_112,s5.250000000000000,s5.800000000000000,s180.000000000000000
130_113,s5.950000000000000,s5.800000000000000,s180.000000000000000
130_114,s0.000000000000000,s6.000000000000000,s0.000000000000000
130_115,s0.700000000000000,s6.000000000000000,s0.000000000000000
130_116,s1.400000000000000,s6.000000000000000,s0.000000000000000
130_117,s2.100000000000000,s6.000000000000000,s0.000000000000000
130_118,s2.800000000000000,s6.000000000000000,s0.000000000000000
130_119,s3.500000000000000,s6.000000000000000,s0.000000000000000
130_120,s4.200000000000000,s6.000000000000000,s0.000000000000000
130_121,s4.900000000000000,s6.000000000000000,s0.000000000000000
130_122,s5.600000000000000,s6.000000000000000,s0.000000000000000
130_123,s6.300000000000000,s6.000000000000000,s0.000000000000000
130_124,s0.350000000000000,s6.800000000000000,s180.000000000000000
130_125,s1.050000000000000,s6.800000000000000,s180.000000000000000
130_126,s1.750000000000000,s6.800000000000000,s180.000000000000000
130_127,s2.450000000000000,s6.800000000000000,s180.000000000000000
130_128,s3.150000000000000,s6.800000000000000,s180.000000000000000
130_129,s3.850000000000000,s6.800000000000000,s180.000000000000000
131_0,s0.000000000000000,s0.000000000000000,s0.000000000000000
131_1,s0.700000000000000,s0.000000000000000,s0.000000000000000
131_2,s1.400000000000000,s0.000000000000000,s0.000000000000000
131_3,s2.100000000000000,s0.000000000000000,s0.000000000000000
131_4,s2.800000000000000,s0.000000000000000,s0.000000000000000
131_5,s3.500000000000000,s0.000000000000000,s0.000000000000000
131_6,s4.200000000000000,s0.000000000000000,s0.000000000000000
131_7,s4.900000000000000,s0.000000000000000,s0.000000000000000
131_8,s5.600000000000000,s0.000000000000000,s0.000000000000000
131_9,s6.300000000000000,s0.000000000000000,s0.000000000000000
131_10,s0.350000000000000,s0.800000000000000,s180.000000000000000
131_11,s1.050000000000000,s0.800000000000000,s180.000000000000000
131_12,s1.750000000000000,s0.800000000000000,s180.000000000000000
131_13,s2.450000000000000,s0.800000000000000,s180.000000000000000
131_14,s3.150000000000000,s0.800000000000000,s180.000000000000000
131_15,s3.850000000000000,s0.800000000000000,s180.000000000000000
131_16,s4.550000000000000,s0.800000000000000,s180.000000000000000
131_17,s5.250000000000000,s0.800000000000000,s180.000000000000000
131_18,s5.950000000000000,s0.800000000000000,s180.000000000000000
131_19,s0.000000000000000,s1.000000000000000,s0.000000000000000
131_20,s0.700000000000000,s1.000000000000000,s0.000000000000000
131_21,s1.400000000000000,s1.000000000000000,s0.000000000000000
131_22,s2.100000000000000,s1.000000000000000,s0.000000000000000
131_23,s2.800000000000000,s1.000000000000000,s0.000000000000000
131_24,s3.500000000000000,s1.000000000000000,s0.000000000000000
131_25,s4.200000000000000,s1.000000000000000,s0.000000000000000
131_26,s4.900000000000000,s1.000000000000000,s0.000000000000000
131_27,s5.600000000000000,s1.000000000000000,s0.000000000000000
131_28,s6.300000000000000,s1.000000000000000,s0.000000000000000
131_29,s0.350000000000000,s1.800000000000000,s180.000000000000000
131_30,s1.050000000000000,s1.800000000000000,s180.000000000000000
131_31,s1.750000000000000,s1.800000000000000,s180.000000000000000
131_32,s2.450000000000000,s1.800000000000000,s180.000000000000000
131_33,s3.150000000000000,s1.800000000000000,s180.000000000000000
131_34,s3.850000000000000,s1.800000000000000,s180.000000000000000
131_35,s4.550000000000000,s1.800000000000000,s180.000000000000000
131_36,s5.250000000000000,s1.800000000000000,s180.000000000000000
131_37,s5.950000000000000,s1.800000000000000,s180.000000000000000
131_38,s0.000000000000000,s2.000000000000000,s0.000000000000000
131_39,s0.700000000000000,s2.000000000000000,s0.000000000000000
131_40,s1.400000000000000,s2.000000000000000,s0.000000000000000
131_41,s2.100000000000000,s2.000000000000000,s0.000000000000000
131_42,s2.800000000000000,s2.000000000000000,s0.000000000000000
131_43,s3.500000000000000,s2.000000000000000,s0.000000000000000
131_44,s4.200000000000000,s2.000000000000000,s0.000000000000000
131_45,s4.900000000000000,s2.000000000000000,s0.000000000000000
131_46,s5.600000000000000,s2.000000000000000,s0.000000000000000
131_47,s6.300000000000000,s2.000000000000000,s0.000000000000000
131_48,s0.350000000000000,s2.800000000000000,s180.000000000000000
131_49,s1.050000000000000,s2.800000000000000,s180.000000000000000
131_50,s1.750000000000000,s2.800000000000000,s180.000000000000000
131_51,s2.450000000000000,s2.800000000000000,s180.000000000000000
131_52,s3.150000000000000,s2.800000000000000,s180.000000000000000
131_53,s3.850000000000000,s2.800000000000000,s180.000000000000000
131_54,s4.550000000000000,s2.800000000000000,s180.000000000000000
131_55,s5.250000000000000,s2.800000000000000,s180.000000000000000
131_56,s5.950000000000000,s2.800000000000000,s180.000000000000000
131_57,s0.000000000000000,s3.000000000000000,s0.000000000000000
131_58,s0.700000000000000,s3.000000000000000,s0.000000000000000
131_59,s1.400000000000000,s3.000000000000000,s0.000000000000000
131_60,s2.100000000000000,s3.000000000000000,s0.000000000000000
131_61,s2.800000000000000,s3.000000000000000,s0.000000000000000
131_62,s3.500000000000000,s3.000000000000000,s0.000000000000000
131_63,s4.200000000000000,s3.000000000000000,s0.000000000000000
131_64,s4.900000000000000,s3.000000000000000,s0.000000000000000
131_65,s5.600000000000000,s3.000000000000000,s0.000000000000000
131_66,s6.300000000000000,s3.000000000000000,s0.000000000000000
131_67,s0.350000000000000,s3.800000000000000,s180.000000000000000
131_68,s1.050000000000000,s3.800000000000000,s180.000000000000000
131_69,s1.750000000000000,s3.800000000000000,s180.000000000000000
131_70,s2.450000000000000,s3.800000000000000,s180.000000000000000
131_71,s3.150000000000000,s3.800000000000000,s180.000000000000000
131_72,s3.850000000000000,s3.800000000000000,s180.000000000000000
131_73,s4.550000000000000,s3.800000000000000,s180.000000000000000
131_74,s5.250000000000000,s3.800000000000000,s180.000000000000000
131_75,s5.950000000000000,s3.800000000000000,s180.000000000000000
131_76,s0.000000000000000,s4.000000000000000,s0.000000000000000
131_77,s0.700000000000000,s4.000000000000000,s0.000000000000000
131_78,s1.400000000000000,s4.000000000000000,s0.000000000000000
131_79,s2.100000000000000,s4.000000000000000,s0.000000000000000
131_80,s2.800000000000000,s4.000000000000000,s0.000000000000000
131_81,s3.500000000000000,s4.000000000000000,s0.000000000000000
131_82,s4.200000000000000,s4.000000000000000,s0.000000000000000
131_83,s4.900000000000000,s4.000000000000000,s0.000000000000000
131_84,s5.600000000000000,s4.000000000000000,s0.000000000000000
131_85,s6.300000000000000,s4.000000000000000,s0.000000000000000
131_86,s0.350000000000000,s4.800000000000000,s180.000000000000000
131_87,s1.050000000000000,s4.800000000000000,s180.000000000000000
131_88,s1.750000000000000,s4.800000000000000,s180.000000000000000
131_89,s2.450000000000000,s4.800000000000000,s180.000000000000000
131_90,s3.150000000000000,s4.800000000000000,s180.000000000000000
131_91,s3.850000000000000,s4.800000000000000,s180.000000000000000
131_92,s4.550000000000000,s4.800000000000000,s180.000000000000000
131_93,s5.250000000000000,s4.800000000000000,s180.000000000000000
131_94,s5.950000000000000,s4.800000000000000,s180.000000000000000
131_95,s0.000000000000000,s5.000000000000000,s0.000000000000000
131_96,s0.700000000000000,s5.000000000000000,s0.000000000000000
131_97,s1.400000000000000,s5.000000000000000,s0.000000000000000
131_98,s2.100000000000000,s5.000000000000000,s0.000000000000000
131_99,s2.800000000000000,s5.000000000000000,s0.000000000000000
131_100,s3.500000000000000,s5.000000000000000,s0.000000000000000
131_101,s4.200000000000000,s5.000000000000000,s0.000000000000000
131_102,s4.900000000000000,s5.000000000000000,s0.000000000000000
131_103,s5.600000000000000,s5.000000000000000,s0.000000000000000
131_104,s6.300000000000000,s5.000000000000000,s0.000000000000000
131_105,s0.350000000000000,s5.800000000000000,s180.000000000000000
131_106,s1.050000000000000,s5.800000000000000,s180.000000000000000
131_107,s1.750000000000000,s5.800000000000000,s180.000000000000000
131_108,s2.450000000000000,s5.800000000000000,s180.000000000000000
131_109,s3.150000000000000,s5.800000000000000,s180.000000000000000
131_110,s3.850000000000000,s5.800000000000000,s180.000000000000000
131_111,s4.550000000000000,s5.800000000000000,s180.000000000000000
131_112,s5.250000000000000,s5.800000000000000,s180.000000000000000
131_113,s5.950000000000000,s5.800000000000000,s180.000000000000000
131_114,s0.000000000000000,s6.000000000000000,s0.000000000000000
131_115,s0.700000000000000,s6.000000000000000,s0.000000000000000
131_116,s1.400000000000000,s6.000000000000000,s0.000000000000000
131_117,s2.100000000000000,s6.000000000000000,s0.000000000000000
131_118,s2.800000000000000,s6.000000000000000,s0.000000000000000
131_119,s3.500000000000000,s6.000000000000000,s0.000000000000000
131_120,s4.200000000000000,s6.000000000000000,s0.000000000000000
131_121,s4.900000000000000,s6.000000000000000,s0.000000000000000
131_122,s5.600000000000000,s6.000000000000000,s0.000000000000000
131_123,s6.300000000000000,s6.000000000000000,s0.000000000000000
131_124,s0.350000000000000,s6.800000000000000,s180.000000000000000
131_125,s1.050000000000000,s6.800000000000000,s180.000000000000000
131_126,s1.750000000000000,s6.800000000000000,s180.000000000000000
131_127,s2.450000000000000,s6.800000000000000,s180.000000000000000
131_128,s3.150000000000000,s6.800000000000000,s180.000000000000000
131_129,s3.850000000000000,s6.800000000000000,s180.000000000000000
131_130,s4.550000000000000,s6.800000000000000,s180.000000000000000
132_0,s0.000000000000000,s0.000000000000000,s0.000000000000000
132_1,s0.700000000000000,s0.000000000000000,s0.000000000000000
132_2,s1.400000000000000,s0.000000000000000,s0.000000000000000
132_3,s2.100000000000000,s0.000000000000000,s0.000000000000000
132_4,s2.800000000000000,s0.000000000000000,s0.000000000000000
132_5,s3.500000000000000,s0.000000000000000,s0.000000000000000
132_6,s4.200000000000000,s0.000000000000000,s0.000000000000000
132_7,s4.900000000000000,s0.000000000000000,s0.000000000000000
132_8,s5.600000000000000,s0.000000000000000,s0.000000000000000
132_9,s6.300000000000000,s0.000000000000000,s0.000000000000000
132_10,s0.350000000000000,s0.800000000000000,s180.000000000000000
132_11,s1.050000000000000,s0.800000000000000,s180.000000000000000
132_12,s1.750000000000000,s0.800000000000000,s180.000000000000000
132_13,s2.450000000000000,s0.800000000000000,s180.000000000000000
132_14,s3.150000000000000,s0.800000000000000,s180.000000000000000
132_15,s3.850000000000000,s0.800000000000000,s180.000000000000000
132_16,s4.550000000000000,s0.800000000000000,s180.000000000000000
132_17,s5.250000000000000,s0.800000000000000,s180.000000000000000
132_18,s5.950000000000000,s0.800000000000000,s180.000000000000000
132_19,s0.000000000000000,s1.000000000000000,s0.000000000000000
132_20,s0.700000000000000,s1.000000000000000,s0.000000000000000
132_21,s1.400000000000000,s1.000000000000000,s0.000000000000000
132_22,s2.100000000000000,s1.000000000000000,s0.000000000000000
132_23,s2.800000000000000,s1.000000000000000,s0.000000000000000
132_24,s3.500000000000000,s1.000000000000000,s0.000000000000000
132_25,s4.200000000000000,s1.000000000000000,s0.000000000000000
132_26,s4.900000000000000,s1.000000000000000,s0.000000000000000
132_27,s5.600000000000000,s1.000000000000000,s0.000000000000000
132_28,s6.300000000000000,s1.000000000000000,s0.000000000000000
132_29,s0.350000000000000,s1.800000000000000,s180.000000000000000
132_30,s1.050000000000000,s1.800000000000000,s180.000000000000000
132_31,s1.750000000000000,s1.800000000000000,s180.000000000000000
132_32,s2.450000000000000,s1.800000000000000,s180.000000000000000
132_33,s3.150000000000000,s1.800000000000000,s180.000000000000000
132_34,s3.850000000000000,s1.800000000000000,s180.000000000000000
132_35,s4.550000000000000,s1.800000000000000,s180.000000000000000
132_36,s5.250000000000000,s1.800000000000000,s180.000000000000000
132_37,s5.950000000000000,s1.800000000000000,s180.000000000000000
132_38,s0.000000000000000,s2.000000000000000,s0.000000000000000
132_39,s0.700000000000000,s2.000000000000000,s0.000000000000000
132_40,s1.400000000000000,s2.000000000000000,s0.000000000000000
132_41,s2.100000000000000,s2.000000000000000,s0.000000000000000
132_42,s2.800000000000000,s2.000000000000000,s0.000000000000000
132_43,s3.500000000000000,s2.000000000000000,s0.000000000000000
132_44,s4.200000000000000,s2.000000000000000,s0.000000000000000
132_45,s4.900000000000000,s2.000000000000000,s0.000000000000000
132_46,s5.600000000000000,s2.000000000000000,s0.000000000000000
132_47,s6.300000000000000,s2.000000000000000,s0.000000000000000
132_48,s0.350000000000000,s2.800000000000000,s180.000000000000000
132_49,s1.050000000000000,s2.800000000000000,s180.000000000000000
132_50,s1.750000000000000,s2.800000000000000,s180.000000000000000
132_51,s2.450000000000000,s2.800000000000000,s180.000000000000000
132_52,s3.150000000000000,s2.800000000000000,s180.000000000000000
132_53,s3.850000000000000,s2.800000000000000,s180.000000000000000
132_54,s4.550000000000000,s2.800000000000000,s180.000000000000000
132_55,s5.250000000000000,s2.800000000000000,s180.000000000000000
132_56,s5.950000000000000,s2.800000000000000,s180.000000000000000
132_57,s0.000000000000000,s3.000000000000000,s0.000000000000000
132_58,s0.700000000000000,s3.000000000000000,s0.000000000000000
132_59,s1.400000000000000,s3.000000000000000,s0.000000000000000
132_60,s2.100000000000000,s3.000000000000000,s0.000000000000000
132_61,s2.800000000000000,s3.000000000000000,s0.000000000000000
132_62,s3.500000000000000,s3.000000000000000,s0.000000000000000
132_63,s4.200000000000000,s3.000000000000000,s0.000000000000000
132_64,s4.900000000000000,s3.000000000000000,s0.000000000000000
132_65,s5.600000000000000,s3.000000000000000,s0.000000000000000
132_66,s6.300000000000000,s3.000000000000000,s0.000000000000000
132_67,s0.350000000000000,s3.800000000000000,s180.000000000000000
132_68,s1.050000000000000,s3.800000000000000,s180.000000000000000
132_69,s1.750000000000000,s3.800000000000000,s180.000000000000000
132_70,s2.450000000000000,s3.800000000000000,s180.000000000000000
132_71,s3.150000000000000,s3.800000000000000,s180.000000000000000
132_72,s3.850000000000000,s3.800000000000000,s180.000000000000000
132_73,s4.550000000000000,s3.800000000000000,s180.000000000000000
132_74,s5.250000000000000,s3.800000000000000,s180.000000000000000
132_75,s5.950000000000000,s3.800000000000000,s180.000000000000000
132_76,s0.000000000000000,s4.000000000000000,s0.000000000000000
132_77,s0.700000000000000,s4.000000000000000,s0.000000000000000
132_78,s1.400000000000000,s4.000000000000000,s0.000000000000000
132_79,s2.100000000000000,s4.000000000000000,s0.000000000000000
132_80,s2.800000000000000,s4.000000000000000,s0.000000000000000
132_81,s3.500000000000000,s4.000000000000000,s0.000000000000000
132_82,s4.200000000000000,s4.000000000000000,s0.000000000000000
132_83,s4.900000000000000,s4.000000000000000,s0.000000000000000
132_84,s5.600000000000000,s4.000000000000000,s0.000000000000000
132_85,s6.300000000000000,s4.000000000000000,s0.000000000000000
132_86,s0.350000000000000,s4.800000000000000,s180.000000000000000
132_87,s1.050000000000000,s4.800000000000000,s180.000000000000000
132_88,s1.750000000000000,s4.800000000000000,s180.000000000000000
132_89,s2.450000000000000,s4.800000000000000,s180.000000000000000
132_90,s3.150000000000000,s4.800000000000000,s180.000000000000000
132_91,s3.850000000000000,s4.800000000000000,s180.000000000000000
132_92,s4.550000000000000,s4.800000000000000,s180.000000000000000
132_93,s5.250000000000000,s4.800000000000000,s180.000000000000000
132_94,s5.950000000000000,s4.800000000000000,s180.000000000000000
132_95,s0.000000000000000,s5.000000000000000,s0.000000000000000
132_96,s0.700000000000000,s5.000000000000000,s0.000000000000000
132_97,s1.400000000000000,s5.000000000000000,s0.000000000000000
132_98,s2.100000000000000,s5.000000000000000,s0.000000000000000
132_99,s2.800000000000000,s5.000000000000000,s0.000000000000000
132_100,s3.500000000000000,s5.000000000000000,s0.000000000000000
132_101,s4.200000000000000,s5.000000000000000,s0.000000000000000
132_102,s4.900000000000000,s5.000000000000000,s0.000000000000000
132_103,s5.600000000000000,s5.000000000000000,s0.000000000000000
132_104,s6.300000000000000,s5.000000000000000,s0.000000000000000
132_105,s0.350000000000000,s5.800000000000000,s180.000000000000000
132_106,s1.050000000000000,s5.800000000000000,s180.000000000000000
132_107,s1.750000000000000,s5.800000000000000,s180.000000000000000
132_108,s2.450000000000000,s5.800000000000000,s180.000000000000000
132_109,s3.150000000000000,s5.800000000000000,s180.000000000000000
132_110,s3.850000000000000,s5.800000000000000,s180.000000000000000
132_111,s4.550000000000000,s5.800000000000000,s180.000000000000000
132_112,s5.250000000000000,s5.800000000000000,s180.000000000000000
132_113,s5.950000000000000,s5.800000000000000,s180.000000000000000
132_114,s0.000000000000000,s6.000000000000000,s0.000000000000000
132_115,s0.700000000000000,s6.000000000000000,s0.000000000000000
132_116,s1.400000000000000,s6.000000000000000,s0.000000000000000
132_117,s2.100000000000000,s6.000000000000000,s0.000000000000000
132_118,s2.800000000000000,s6.000000000000000,s0.000000000000000
132_119,s3.500000000000000,s6.000000000000000,s0.000000000000000
132_120,s4.200000000000000,s6.000000000000000,s0.000000000000000
132_121,s4.900000000000000,s6.000000000000000,s0.000000000000000
132_122,s5.600000000000000,s6.000000000000000,s0.000000000000000
132_123,s6.300000000000000,s6.000000000000000,s0.000000000000000
132_124,s0.350000000000000,s6.800000000000000,s180.000000000000000
132_125,s1.050000000000000,s6.800000000000000,s180.000000000000000
132_126,s1.750000000000000,s6.800000000000000,s180.000000000000000
132_127,s2.450000000000000,s6.800000000000000,s180.000000000000000
132_128,s3.150000000000000,s6.800000000000000,s180.000000000000000
132_129,s3.850000000000000,s6.800000000000000,s180.000000000000000
132_130,s4.550000000000000,s6.800000000000000,s180.000000000000000
132_131,s5.250000000000000,s6.800000000000000,s180.000000000000000
133_0,s0.000000000000000,s0.000000000000000,s0.000000000000000
133_1,s0.700000000000000,s0.000000000000000,s0.000000000000000
133_2,s1.400000000000000,s0.000000000000000,s0.000000000000000
133_3,s2.100000000000000,s0.000000000000000,s0.000000000000000
133_4,s2.800000000000000,s0.000000000000000,s0.000000000000000
133_5,s3.500000000000000,s0.000000000000000,s0.000000000000000
133_6,s4.200000000000000,s0.000000000000000,s0.000000000000000
133_7,s4.900000000000000,s0.000000000000000,s0.000000000000000
133_8,s5.600000000000000,s0.000000000000000,s0.000000000000000
133_9,s6.300000000000000,s0.000000000000000,s0.000000000000000
133_10,s0.350000000000000,s0.800000000000000,s180.000000000000000
133_11,s1.050000000000000,s0.800000000000000,s180.000000000000000
133_12,s1.750000000000000,s0.800000000000000,s180.000000000000000
133_13,s2.450000000000000,s0.800000000000000,s180.000000000000000
133_14,s3.150000000000000,s0.800000000000000,s180.000000000000000
133_15,s3.850000000000000,s0.800000000000000,s180.000000000000000
133_16,s4.550000000000000,s0.800000000000000,s180.000000000000000
133_17,s5.250000000000000,s0.800000000000000,s180.000000000000000
133_18,s5.950000000000000,s0.800000000000000,s180.000000000000000
133_19,s0.000000000000000,s1.000000000000000,s0.000000000000000
133_20,s0.700000000000000,s1.000000000000000,s0.000000000000000
133_21,s1.400000000000000,s1.000000000000000,s0.000000000000000
133_22,s2.100000000000000,s1.000000000000000,s0.000000000000000
133_23,s2.800000000000000,s1.000000000000000,s0.000000000000000
133_24,s3.500000000000000,s1.000000000000000,s0.000000000000000
133_25,s4.200000000000000,s1.000000000000000,s0.000000000000000
133_26,s4.900000000000000,s1.000000000000000,s0.000000000000000
133_27,s5.600000000000000,s1.000000000000000,s0.000000000000000
133_28,s6.300000000000000,s1.000000000000000,s0.000000000000000
133_29,s0.350000000000000,s1.800000000000000,s180.000000000000000
133_30,s1.050000000000000,s1.800000000000000,s180.000000000000000
133_31,s1.750000000000000,s1.800000000000000,s180.000000000000000
133_32,s2.450000000000000,s1.800000000000000,s180.000000000000000
133_33,s3.150000000000000,s1.800000000000000,s180.000000000000000
133_34,s3.850000000000000,s1.800000000000000,s180.000000000000000
133_35,s4.550000000000000,s1.800000000000000,s180.000000000000000
133_36,s5.250000000000000,s1.800000000000000,s180.000000000000000
133_37,s5.950000000000000,s1.800000000000000,s180.000000000000000
133_38,s0.000000000000000,s2.000000000000000,s0.000000000000000
133_39,s0.700000000000000,s2.000000000000000,s0.000000000000000
133_40,s1.400000000000000,s2.000000000000000,s0.000000000000000
133_41,s2.100000000000000,s2.000000000000000,s0.000000000000000
133_42,s2.800000000000000,s2.000000000000000,s0.000000000000000
133_43,s3.500000000000000,s2.000000000000000,s0.000000000000000
133_44,s4.200000000000000,s2.000000000000000,s0.000000000000000
133_45,s4.900000000000000,s2.000000000000000,s0.000000000000000
133_46,s5.600000000000000,s2.000000000000000,s0.000000000000000
133_47,s6.300000000000000,s2.000000000000000,s0.000000000000000
133_48,s0.350000000000000,s2.800000000000000,s180.000000000000000
133_49,s1.050000000000000,s2.800000000000000,s180.000000000000000
133_50,s1.750000000000000,s2.800000000000000,s180.000000000000000
133_51,s2.450000000000000,s2.800000000000000,s180.000000000000000
133_52,s3.150000000000000,s2.800000000000000,s180.000000000000000
133_53,s3.850000000000000,s2.800000000000000,s180.000000000000000
133_54,s4.550000000000000,s2.800000000000000,s180.000000000000000
133_55,s5.250000000000000,s2.800000000000000,s180.000000000000000
133_56,s5.950000000000000,s2.800000000000000,s180.000000000000000
133_57,s0.000000000000000,s3.000000000000000,s0.000000000000000
133_58,s0.700000000000000,s3.000000000000000,s0.000000000000000
133_59,s1.400000000000000,s3.000000000000000,s0.000000000000000
133_60,s2.100000000000000,s3.000000000000000,s0.000000000000000
133_61,s2.800000000000000,s3.000000000000000,s0.000000000000000
133_62,s3.500000000000000,s3.000000000000000,s0.000000000000000
133_63,s4.200000000000000,s3.000000000000000,s0.000000000000000
133_64,s4.900000000000000,s3.000000000000000,s0.000000000000000
133_65,s5.600000000000000,s3.000000000000000,s0.000000000000000
133_66,s6.300000000000000,s3.000000000000000,s0.000000000000000
133_67,s0.350000000000000,s3.800000000000000,s180.000000000000000
133_68,s1.050000000000000,s3.800000000000000,s180.000000000000000
133_69,s1.750000000000000,s3.800000000000000,s180.000000000000000
133_70,s2.450000000000000,s3.800000000000000,s180.000000000000000
133_71,s3.150000000000000,s3.800000000000000,s180.000000000000000
133_72,s3.850000000000000,s3.800000000000000,s180.000000000000000
133_73,s4.550000000000000,s3.800000000000000,s180.000000000000000
133_74,s5.250000000000000,s3.800000000000000,s180.000000000000000
133_75,s5.950000000000000,s3.800000000000000,s180.000000000000000
133_76,s0.000000000000000,s4.000000000000000,s0.000000000000000
133_77,s0.700000000000000,s4.000000000000000,s0.000000000000000
133_78,s1.400000000000000,s4.000000000000000,s0.000000000000000
133_79,s2.100000000000000,s4.000000000000000,s0.000000000000000
133_80,s2.800000000000000,s4.000000000000000,s0.000000000000000
133_81,s3.500000000000000,s4.000000000000000,s0.000000000000000
133_82,s4.200000000000000,s4.000000000000000,s0.000000000000000
133_83,s4.900000000000000,s4.000000000000000,s0.000000000000000
133_84,s5.600000000000000,s4.000000000000000,s0.000000000000000
133_85,s6.300000000000000,s4.000000000000000,s0.000000000000000
133_86,s0.350000000000000,s4.800000000000000,s180.000000000000000
133_87,s1.050000000000000,s4.800000000000000,s180.000000000000000
133_88,s1.750000000000000,s4.800000000000000,s180.000000000000000
133_89,s2.450000000000000,s4.800000000000000,s180.000000000000000
133_90,s3.150000000000000,s4.800000000000000,s180.000000000000000
133_91,s3.850000000000000,s4.800000000000000,s180.000000000000000
133_92,s4.550000000000000,s4.800000000000000,s180.000000000000000
133_93,s5.250000000000000,s4.800000000000000,s180.000000000000000
133_94,s5.950000000000000,s4.800000000000000,s180.000000000000000
133_95,s0.000000000000000,s5.000000000000000,s0.000000000000000
133_96,s0.700000000000000,s5.000000000000000,s0.000000000000000
133_97,s1.400000000000000,s5.000000000000000,s0.000000000000000
133_98,s2.100000000000000,s5.000000000000000,s0.000000000000000
133_99,s2.800000000000000,s5.000000000000000,s0.000000000000000
133_100,s3.500000000000000,s5.000000000000000,s0.000000000000000
133_101,s4.200000000000000,s5.000000000000000,s0.000000000000000
133_102,s4.900000000000000,s5.000000000000000,s0.000000000000000
133_103,s5.600000000000000,s5.000000000000000,s0.000000000000000
133_104,s6.300000000000000,s5.000000000000000,s0.000000000000000
133_105,s0.350000000000000,s5.800000000000000,s180.000000000000000
133_106,s1.050000000000000,s5.800000000000000,s180.000000000000000
133_107,s1.750000000000000,s5.800000000000000,s180.000000000000000
133_108,s2.450000000000000,s5.800000000000000,s180.000000000000000
133_109,s3.150000000000000,s5.800000000000000,s180.000000000000000
133_110,s3.850000000000000,s5.800000000000000,s180.000000000000000
133_111,s4.550000000000000,s5.800000000000000,s180.000000000000000
133_112,s5.250000000000000,s5.800000000000000,s180.000000000000000
133_113,s5.950000000000000,s5.800000000000000,s180.000000000000000
133_114,s0.000000000000000,s6.000000000000000,s0.000000000000000
133_115,s0.700000000000000,s6.000000000000000,s0.000000000000000
133_116,s1.400000000000000,s6.000000000000000,s0.000000000000000
133_117,s2.100000000000000,s6.000000000000000,s0.000000000000000
133_118,s2.800000000000000,s6.000000000000000,s0.000000000000000
133_119,s3.500000000000000,s6.000000000000000,s0.000000000000000
133_120,s4.200000000000000,s6.000000000000000,s0.000000000000000
133_121,s4.900000000000000,s6.000000000000000,s0.000000000000000
133_122,s5.600000000000000,s6.000000000000000,s0.000000000000000
133_123,s6.300000000000000,s6.000000000000000,s0.000000000000000
133_124,s0.350000000000000,s6.800000000000000,s180.000000000000000
133_125,s1.050000000000000,s6.800000000000000,s180.000000000000000
133_126,s1.750000000000000,s6.800000000000000,s180.000000000000000
133_127,s2.450000000000000,s6.800000000000000,s180.000000000000000
133_128,s3.150000000000000,s6.800000000000000,s180.000000000000000
133_129,s3.850000000000000,s6.800000000000000,s180.000000000000000
133_130,s4.550000000000000,s6.800000000000000,s180.000000000000000
133_131,s5.250000000000000,s6.800000000000000,s180.000000000000000
133_132,s5.950000000000000,s6.800000000000000,s180.000000000000000
134_0,s0.000000000000000,s0.000000000000000,s0.000000000000000
134_1,s0.700000000000000,s0.000000000000000,s0.000000000000000
134_2,s1.400000000000000,s0.000000000000000,s0.000000000000000
134_3,s2.100000000000000,s0.000000000000000,s0.000000000000000
134_4,s2.800000000000000,s0.000000000000000,s0.000000000000000
134_5,s3.500000000000000,s0.000000000000000,s0.000000000000000
134_6,s4.200000000000000,s0.000000000000000,s0.000000000000000
134_7,s4.900000000000000,s0.000000000000000,s0.000000000000000
134_8,s5.600000000000000,s0.000000000000000,s0.000000000000000
134_9,s6.300000000000000,s0.000000000000000,s0.000000000000000
134_10,s0.350000000000000,s0.800000000000000,s180.000000000000000
134_11,s1.050000000000000,s0.800000000000000,s180.000000000000000
134_12,s1.750000000000000,s0.800000000000000,s180.000000000000000
134_13,s2.450000000000000,s0.800000000000000,s180.000000000000000
134_14,s3.150000000000000,s0.800000000000000,s180.000000000000000
134_15,s3.850000000000000,s0.800000000000000,s180.000000000000000
134_16,s4.550000000000000,s0.800000000000000,s180.000000000000000
134_17,s5.250000000000000,s0.800000000000000,s180.000000000000000
134_18,s5.950000000000000,s0.800000000000000,s180.000000000000000
134_19,s6.650000000000000,s0.800000000000000,s180.000000000000000
134_20,s0.000000000000000,s1.000000000000000,s0.000000000000000
134_21,s0.700000000000000,s1.000000000000000,s0.000000000000000
134_22,s1.400000000000000,s1.000000000000000,s0.000000000000000
134_23,s2.100000000000000,s1.000000000000000,s0.000000000000000
134_24,s2.800000000000000,s1.000000000000000,s0.000000000000000
134_25,s3.500000000000000,s1.000000000000000,s0.000000000000000
134_26,s4.200000000000000,s1.000000000000000,s0.000000000000000
134_27,s4.900000000000000,s1.000000000000000,s0.000000000000000
134_28,s5.600000000000000,s1.000000000000000,s0.000000000000000
134_29,s6.300000000000000,s1.000000000000000,s0.000000000000000
134_30,s0.350000000000000,s1.800000000000000,s180.000000000000000
134_31,s1.050000000000000,s1.800000000000000,s180.000000000000000
134_32,s1.750000000000000,s1.800000000000000,s180.000000000000000
134_33,s2.450000000000000,s1.800000000000000,s180.000000000000000
134_34,s3.150000000000000,s1.800000000000000,s180.000000000000000
134_35,s3.850000000000000,s1.800000000000000,s180.000000000000000
134_36,s4.550000000000000,s1.800000000000000,s180.000000000000000
134_37,s5.250000000000000,s1.800000000000000,s180.000000000000000
134_38,s5.950000000000000,s1.800000000000000,s180.000000000000000
134_39,s6.650000000000000,s1.800000000000000,s180.000000000000000
134_40,s0.000000000000000,s2.000000000000000,s0.000000000000000
134_41,s0.700000000000000,s2.000000000000000,s0.000000000000000
134_42,s1.400000000000000,s2.000000000000000,s0.000000000000000
134_43,s2.100000000000000,s2.000000000000000,s0.000000000000000
134_44,s2.800000000000000,s2.000000000000000,s0.000000000000000
134_45,s3.500000000000000,s2.000000000000000,s0.000000000000000
134_46,s4.200000000000000,s2.000000000000000,s0.000000000000000
134_47,s4.900000000000000,s2.000000000000000,s0.000000000000000
134_48,s5.600000000000000,s2.000000000000000,s0.000000000000000
134_49,s6.300000000000000,s2.000000000000000,s0.000000000000000
134_50,s0.350000000000000,s2.800000000000000,s180.000000000000000
134_51,s1.050000000000000,s2.800000000000000,s180.000000000000000
134_52,s1.750000000000000,s2.800000000000000,s180.000000000000000
134_53,s2.450000000000000,s2.800000000000000,s180.000000000000000
134_54,s3.150000000000000,s2.800000000000000,s180.000000000000000
134_55,s3.850000000000000,s2.800000000000000,s180.000000000000000
134_56,s4.550000000000000,s2.800000000000000,s180.000000000000000
134_57,s5.250000000000000,s2.800000000000000,s180.000000000000000
134_58,s5.950000000000000,s2.800000000000000,s180.000000000000000
134_59,s6.650000000000000,s2.800000000000000,s180.000000000000000
134_60,s0.000000000000000,s3.000000000000000,s0.000000000000000
134_61,s0.700000000000000,s3.000000000000000,s0.000000000000000
134_62,s1.400000000000000,s3.000000000000000,s0.000000000000000
134_63,s2.100000000000000,s3.000000000000000,s0.000000000000000
134_64,s2.800000000000000,s3.000000000000000,s0.000000000000000
134_65,s3.500000000000000,s3.000000000000000,s0.000000000000000
134_66,s4.200000000000000,s3.000000000000000,s0.000000000000000
134_67,s4.900000000000000,s3.000000000000000,s0.000000000000000
134_68,s5.600000000000000,s3.000000000000000,s0.000000000000000
134_69,s6.300000000000000,s3.000000000000000,s0.000000000000000
134_70,s0.350000000000000,s3.800000000000000,s180.000000000000000
134_71,s1.050000000000000,s3.800000000000000,s180.000000000000000
134_72,s1.750000000000000,s3.800000000000000,s180.000000000000000
134_73,s2.450000000000000,s3.800000000000000,s180.000000000000000
134_74,s3.150000000000000,s3.800000000000000,s180.000000000000000
134_75,s3.850000000000000,s3.800000000000000,s180.000000000000000
134_76,s4.550000000000000,s3.800000000000000,s180.000000000000000
134_77,s5.250000000000000,s3.800000000000000,s180.000000000000000
134_78,s5.950000000000000,s3.800000000000000,s180.000000000000000
134_79,s6.650000000000000,s3.800000000000000,s180.000000000000000
134_80,s0.000000000000000,s4.000000000000000,s0.000000000000000
134_81,s0.700000000000000,s4.000000000000000,s0.000000000000000
134_82,s1.400000000000000,s4.000000000000000,s0.000000000000000
134_83,s2.100000000000000,s4.000000000000000,s0.000000000000000
134_84,s2.800000000000000,s4.000000000000000,s0.000000000000000
134_85,s3.500000000000000,s4.000000000000000,s0.000000000000000
134_86,s4.200000000000000,s4.000000000000000,s0.000000000000000
134_87,s4.900000000000000,s4.000000000000000,s0.000000000000000
134_88,s5.600000000000000,s4.000000000000000,s0.000000000000000
134_89,s6.300000000000000,s4.000000000000000,s0.000000000000000
134_90,s0.350000000000000,s4.800000000000000,s180.000000000000000
134_91,s1.050000000000000,s4.800000000000000,s180.000000000000000
134_92,s1.750000000000000,s4.800000000000000,s180.000000000000000
134_93,s2.450000000000000,s4.800000000000000,s180.000000000000000
134_94,s3.150000000000000,s4.800000000000000,s180.000000000000000
134_95,s3.850000000000000,s4.800000000000000,s180.000000000000000
134_96,s4.550000000000000,s4.800000000000000,s180.000000000000000
134_97,s5.250000000000000,s4.800000000000000,s180.000000000000000
134_98,s5.950000000000000,s4.800000000000000,s180.000000000000000
134_99,s6.650000000000000,s4.800000000000000,s180.000000000000000
134_100,s0.000000000000000,s5.000000000000000,s0.000000000000000
134_101,s0.700000000000000,s5.000000000000000,s0.000000000000000
134_102,s1.400000000000000,s5.000000000000000,s0.000000000000000
134_103,s2.100000000000000,s5.000000000000000,s0.000000000000000
134_104,s2.800000000000000,s5.000000000000000,s0.000000000000000
134_105,s3.500000000000000,s5.000000000000000,s0.000000000000000
134_106,s4.200000000000000,s5.000000000000000,s0.000000000000000
134_107,s4.900000000000000,s5.000000000000000,s0.000000000000000
134_108,s5.600000000000000,s5.000000000000000,s0.000000000000000
134_109,s6.300000000000000,s5.000000000000000,s0.000000000000000
134_110,s0.350000000000000,s5.800000000000000,s180.000000000000000
134_111,s1.050000000000000,s5.800000000000000,s180.000000000000000
134_112,s1.750000000000000,s5.800000000000000,s180.000000000000000
134_113,s2.450000000000000,s5.800000000000000,s180.000000000000000
134_114,s3.150000000000000,s5.800000000000000,s180.000000000000000
134_115,s3.850000000000000,s5.800000000000000,s180.000000000000000
134_116,s4.550000000000000,s5.800000000000000,s180.000000000000000
134_117,s5.250000000000000,s5.800000000000000,s180.000000000000000
134_118,s5.950000000000000,s5.800000000000000,s180.000000000000000
134_119,s6.650000000000000,s5.800000000000000,s180.000000000000000
134_120,s0.000000000000000,s6.000000000000000,s0.000000000000000
134_121,s0.700000000000000,s6.000000000000000,s0.000000000000000
134_122,s1.400000000000000,s6.000000000000000,s0.000000000000000
134_123,s2.100000000000000,s6.000000000000000,s0.000000000000000
134_124,s2.800000000000000,s6.000000000000000,s0.000000000000000
134_125,s3.500000000000000,s6.000000000000000,s0.000000000000000
134_126,s4.200000000000000,s6.000000000000000,s0.000000000000000
134_127,s4.900000000000000,s6.000000000000000,s0.000000000000000
134_128,s5.600000000000000,s6.000000000000000,s0.000000000000000
134_129,s6.300000000000000,s6.000000000000000,s0.000000000000000
134_130,s0.350000000000000,s6.800000000000000,s180.000000000000000
134_131,s1.050000000000000,s6.800000000000000,s180.000000000000000
134_132,s1.750000000000000,s6.800000000000000,s180.000000000000000
134_133,s2.450000000000000,s6.800000000000000,s180.000000000000000
135_0,s0.000000000000000,s0.000000000000000,s0.000000000000000
135_1,s0.700000000000000,s0.000000000000000,s0.000000000000000
135_2,s1.400000000000000,s0.000000000000000,s0.000000000000000
135_3,s2.100000000000000,s0.000000000000000,s0.000000000000000
135_4,s2.800000000000000,s0.000000000000000,s0.000000000000000
135_5,s3.500000000000000,s0.000000000000000,s0.000000000000000
135_6,s4.200000000000000,s0.000000000000000,s0.000000000000000
135_7,s4.900000000000000,s0.000000000000000,s0.000000000000000
135_8,s5.600000000000000,s0.000000000000000,s0.000000000000000
135_9,s6.300000000000000,s0.000000000000000,s0.000000000000000
135_10,s0.350000000000000,s0.800000000000000,s180.000000000000000
135_11,s1.050000000000000,s0.800000000000000,s180.000000000000000
135_12,s1.750000000000000,s0.800000000000000,s180.000000000000000
135_13,s2.450000000000000,s0.800000000000000,s180.000000000000000
135_14,s3.150000000000000,s0.800000000000000,s180.000000000000000
135_15,s3.850000000000000,s0.800000000000000,s180.000000000000000
135_16,s4.550000000000000,s0.800000000000000,s180.000000000000000
135_17,s5.250000000000000,s0.800000000000000,s180.000000000000000
135_18,s5.950000000000000,s0.800000000000000,s180.000000000000000
135_19,s6.650000000000000,s0.800000000000000,s180.000000000000000
135_20,s0.000000000000000,s1.000000000000000,s0.000000000000000
135_21,s0.700000000000000,s1.000000000000000,s0.000000000000000
135_22,s1.400000000000000,s1.000000000000000,s0.000000000000000
135_23,s2.100000000000000,s1.000000000000000,s0.000000000000000
135_24,s2.800000000000000,s1.000000000000000,s0.000000000000000
135_25,s3.500000000000000,s1.000000000000000,s0.000000000000000
135_26,s4.200000000000000,s1.000000000000000,s0.000000000000000
135_27,s4.900000000000000,s1.000000000000000,s0.000000000000000
135_28,s5.600000000000000,s1.000000000000000,s0.000000000000000
135_29,s6.300000000000000,s1.000000000000000,s0.000000000000000
135_30,s0.350000000000000,s1.800000000000000,s180.000000000000000
135_31,s1.050000000000000,s1.800000000000000,s180.000000000000000
135_32,s1.750000000000000,s1.800000000000000,s180.000000000000000
135_33,s2.450000000000000,s1.800000000000000,s180.000000000000000
135_34,s3.150000000000000,s1.800000000000000,s180.000000000000000
135_35,s3.850000000000000,s1.800000000000000,s180.000000000000000
135_36,s4.550000000000000,s1.800000000000000,s180.000000000000000
135_37,s5.250000000000000,s1.800000000000000,s180.000000000000000
135_38,s5.950000000000000,s1.800000000000000,s180.000000000000000
135_39,s6.650000000000000,s1.800000000000000,s180.000000000000000
135_40,s0.000000000000000,s2.000000000000000,s0.000000000000000
135_41,s0.700000000000000,s2.000000000000000,s0.000000000000000
135_42,s1.400000000000000,s2.000000000000000,s0.000000000000000
135_43,s2.100000000000000,s2.000000000000000,s0.000000000000000
135_44,s2.800000000000000,s2.000000000000000,s0.000000000000000
135_45,s3.500000000000000,s2.000000000000000,s0.000000000000000
135_46,s4.200000000000000,s2.000000000000000,s0.000000000000000
135_47,s4.900000000000000,s2.000000000000000,s0.000000000000000
135_48,s5.600000000000000,s2.000000000000000,s0.000000000000000
135_49,s6.300000000000000,s2.000000000000000,s0.000000000000000
135_50,s0.350000000000000,s2.800000000000000,s180.000000000000000
135_51,s1.050000000000000,s2.800000000000000,s180.000000000000000
135_52,s1.750000000000000,s2.800000000000000,s180.000000000000000
135_53,s2.450000000000000,s2.800000000000000,s180.000000000000000
135_54,s3.150000000000000,s2.800000000000000,s180.000000000000000
135_55,s3.850000000000000,s2.800000000000000,s180.000000000000000
135_56,s4.550000000000000,s2.800000000000000,s180.000000000000000
135_57,s5.250000000000000,s2.800000000000000,s180.000000000000000
135_58,s5.950000000000000,s2.800000000000000,s180.000000000000000
135_59,s6.650000000000000,s2.800000000000000,s180.000000000000000
135_60,s0.000000000000000,s3.000000000000000,s0.000000000000000
135_61,s0.700000000000000,s3.000000000000000,s0.000000000000000
135_62,s1.400000000000000,s3.000000000000000,s0.000000000000000
135_63,s2.100000000000000,s3.000000000000000,s0.000000000000000
135_64,s2.800000000000000,s3.000000000000000,s0.000000000000000
135_65,s3.500000000000000,s3.000000000000000,s0.000000000000000
135_66,s4.200000000000000,s3.000000000000000,s0.000000000000000
135_67,s4.900000000000000,s3.000000000000000,s0.000000000000000
135_68,s5.600000000000000,s3.000000000000000,s0.000000000000000
135_69,s6.300000000000000,s3.000000000000000,s0.000000000000000
135_70,s0.350000000000000,s3.800000000000000,s180.000000000000000
135_71,s1.050000000000000,s3.800000000000000,s180.000000000000000
135_72,s1.750000000000000,s3.800000000000000,s180.000000000000000
135_73,s2.450000000000000,s3.800000000000000,s180.000000000000000
135_74,s3.150000000000000,s3.800000000000000,s180.000000000000000
135_75,s3.850000000000000,s3.800000000000000,s180.000000000000000
135_76,s4.550000000000000,s3.800000000000000,s180.000000000000000
135_77,s5.250000000000000,s3.800000000000000,s180.000000000000000
135_78,s5.950000000000000,s3.800000000000000,s180.000000000000000
135_79,s6.650000000000000,s3.800000000000000,s180.000000000000000
135_80,s0.000000000000000,s4.000000000000000,s0.000000000000000
135_81,s0.700000000000000,s4.000000000000000,s0.000000000000000
135_82,s1.400000000000000,s4.000000000000000,s0.000000000000000
135_83,s2.100000000000000,s4.000000000000000,s0.000000000000000
135_84,s2.800000000000000,s4.000000000000000,s0.000000000000000
135_85,s3.500000000000000,s4.000000000000000,s0.000000000000000
135_86,s4.200000000000000,s4.000000000000000,s0.000000000000000
135_87,s4.900000000000000,s4.000000000000000,s0.000000000000000
135_88,s5.600000000000000,s4.000000000000000,s0.000000000000000
135_89,s6.300000000000000,s4.000000000000000,s0.000000000000000
135_90,s0.350000000000000,s4.800000000000000,s180.000000000000000
135_91,s1.050000000000000,s4.800000000000000,s180.000000000000000
135_92,s1.750000000000000,s4.800000000000000,s180.000000000000000
135_93,s2.450000000000000,s4.800000000000000,s180.000000000000000
135_94,s3.150000000000000,s4.800000000000000,s180.000000000000000
135_95,s3.850000000000000,s4.800000000000000,s180.000000000000000
135_96,s4.550000000000000,s4.800000000000000,s180.000000000000000
135_97,s5.250000000000000,s4.800000000000000,s180.000000000000000
135_98,s5.950000000000000,s4.800000000000000,s180.000000000000000
135_99,s6.650000000000000,s4.800000000000000,s180.000000000000000
135_100,s0.000000000000000,s5.000000000000000,s0.000000000000000
135_101,s0.700000000000000,s5.000000000000000,s0.000000000000000
135_102,s1.400000000000000,s5.000000000000000,s0.000000000000000
135_103,s2.100000000000000,s5.000000000000000,s0.000000000000000
135_104,s2.800000000000000,s5.000000000000000,s0.000000000000000
135_105,s3.500000000000000,s5.000000000000000,s0.000000000000000
135_106,s4.200000000000000,s5.000000000000000,s0.000000000000000
135_107,s4.900000000000000,s5.000000000000000,s0.000000000000000
135_108,s5.600000000000000,s5.000000000000000,s0.000000000000000
135_109,s6.300000000000000,s5.000000000000000,s0.000000000000000
135_110,s0.350000000000000,s5.800000000000000,s180.000000000000000
135_111,s1.050000000000000,s5.800000000000000,s180.000000000000000
135_112,s1.750000000000000,s5.800000000000000,s180.000000000000000
135_113,s2.450000000000000,s5.800000000000000,s180.000000000000000
135_114,s3.150000000000000,s5.800000000000000,s180.000000000000000
135_115,s3.850000000000000,s5.800000000000000,s180.000000000000000
135_116,s4.550000000000000,s5.800000000000000,s180.000000000000000
135_117,s5.250000000000000,s5.800000000000000,s180.000000000000000
135_118,s5.950000000000000,s5.800000000000000,s180.000000000000000
135_119,s6.650000000000000,s5.800000000000000,s180.000000000000000
135_120,s0.000000000000000,s6.000000000000000,s0.000000000000000
135_121,s0.700000000000000,s6.000000000000000,s0.000000000000000
135_122,s1.400000000000000,s6.000000000000000,s0.000000000000000
135_123,s2.100000000000000,s6.000000000000000,s0.000000000000000
135_124,s2.800000000000000,s6.000000000000000,s0.000000000000000
135_125,s3.500000000000000,s6.000000000000000,s0.000000000000000
135_126,s4.200000000000000,s6.000000000000000,s0.000000000000000
135_127,s4.900000000000000,s6.000000000000000,s0.000000000000000
135_128,s5.600000000000000,s6.000000000000000,s0.000000000000000
135_129,s6.300000000000000,s6.000000000000000,s0.000000000000000
135_130,s0.350000000000000,s6.800000000000000,s180.000000000000000
135_131,s1.050000000000000,s6.800000000000000,s180.000000000000000
135_132,s1.750000000000000,s6.800000000000000,s180.000000000000000
135_133,s2.450000000000000,s6.800000000000000,s180.000000000000000
135_134,s3.150000000000000,s6.800000000000000,s180.000000000000000
136_0,s0.000000000000000,s0.000000000000000,s0.000000000000000
136_1,s0.700000000000000,s0.000000000000000,s0.000000000000000
136_2,s1.400000000000000,s0.000000000000000,s0.000000000000000
136_3,s2.100000000000000,s0.000000000000000,s0.000000000000000
136_4,s2.800000000000000,s0.000000000000000,s0.000000000000000
136_5,s3.500000000000000,s0.000000000000000,s0.000000000000000
136_6,s4.200000000000000,s0.000000000000000,s0.000000000000000
136_7,s4.900000000000000,s0.000000000000000,s0.000000000000000
136_8,s5.600000000000000,s0.000000000000000,s0.000000000000000
136_9,s6.300000000000000,s0.000000000000000,s0.000000000000000
136_10,s0.350000000000000,s0.800000000000000,s180.000000000000000
136_11,s1.050000000000000,s0.800000000000000,s180.000000000000000
136_12,s1.750000000000000,s0.800000000000000,s180.000000000000000
136_13,s2.450000000000000,s0.800000000000000,s180.000000000000000
136_14,s3.150000000000000,s0.800000000000000,s180.000000000000000
136_15,s3.850000000000000,s0.800000000000000,s180.000000000000000
136_16,s4.550000000000000,s0.800000000000000,s180.000000000000000
136_17,s5.250000000000000,s0.800000000000000,s180.000000000000000
136_18,s5.950000000000000,s0.800000000000000,s180.000000000000000
136_19,s6.650000000000000,s0.800000000000000,s180.000000000000000
136_20,s0.000000000000000,s1.000000000000000,s0.000000000000000
136_21,s0.700000000000000,s1.000000000000000,s0.000000000000000
136_22,s1.400000000000000,s1.000000000000000,s0.000000000000000
136_23,s2.100000000000000,s1.000000000000000,s0.000000000000000
136_24,s2.800000000000000,s1.000000000000000,s0.000000000000000
136_25,s3.500000000000000,s1.000000000000000,s0.000000000000000
136_26,s4.200000000000000,s1.000000000000000,s0.000000000000000
136_27,s4.900000000000000,s1.000000000000000,s0.000000000000000
136_28,s5.600000000000000,s1.000000000000000,s0.000000000000000
136_29,s6.300000000000000,s1.000000000000000,s0.000000000000000
136_30,s0.350000000000000,s1.800000000000000,s180.000000000000000
136_31,s1.050000000000000,s1.800000000000000,s180.000000000000000
136_32,s1.750000000000000,s1.800000000000000,s180.000000000000000
136_33,s2.450000000000000,s1.800000000000000,s180.000000000000000
136_34,s3.150000000000000,s1.800000000000000,s180.000000000000000
136_35,s3.850000000000000,s1.800000000000000,s180.000000000000000
136_36,s4.550000000000000,s1.800000000000000,s180.000000000000000
136_37,s5.250000000000000,s1.800000000000000,s180.000000000000000
136_38,s5.950000000000000,s1.800000000000000,s180.000000000000000
136_39,s6.650000000000000,s1.800000000000000,s180.000000000000000
136_40,s0.000000000000000,s2.000000000000000,s0.000000000000000
136_41,s0.700000000000000,s2.000000000000000,s0.000000000000000
136_42,s1.400000000000000,s2.000000000000000,s0.000000000000000
136_43,s2.100000000000000,s2.000000000000000,s0.000000000000000
136_44,s2.800000000000000,s2.000000000000000,s0.000000000000000
136_45,s3.500000000000000,s2.000000000000000,s0.000000000000000
136_46,s4.200000000000000,s2.000000000000000,s0.000000000000000
136_47,s4.900000000000000,s2.000000000000000,s0.000000000000000
136_48,s5.600000000000000,s2.000000000000000,s0.000000000000000
136_49,s6.300000000000000,s2.000000000000000,s0.000000000000000
136_50,s0.350000000000000,s2.800000000000000,s180.000000000000000
136_51,s1.050000000000000,s2.800000000000000,s180.000000000000000
136_52,s1.750000000000000,s2.800000000000000,s180.000000000000000
136_53,s2.450000000000000,s2.800000000000000,s180.000000000000000
136_54,s3.150000000000000,s2.800000000000000,s180.000000000000000
136_55,s3.850000000000000,s2.800000000000000,s180.000000000000000
136_56,s4.550000000000000,s2.800000000000000,s180.000000000000000
136_57,s5.250000000000000,s2.800000000000000,s180.000000000000000
136_58,s5.950000000000000,s2.800000000000000,s180.000000000000000
136_59,s6.650000000000000,s2.800000000000000,s180.000000000000000
136_60,s0.000000000000000,s3.000000000000000,s0.000000000000000
136_61,s0.700000000000000,s3.000000000000000,s0.000000000000000
136_62,s1.400000000000000,s3.000000000000000,s0.000000000000000
136_63,s2.100000000000000,s3.000000000000000,s0.000000000000000
136_64,s2.800000000000000,s3.000000000000000,s0.000000000000000
136_65,s3.500000000000000,s3.000000000000000,s0.000000000000000
136_66,s4.200000000000000,s3.000000000000000,s0.000000000000000
136_67,s4.900000000000000,s3.000000000000000,s0.000000000000000
136_68,s5.600000000000000,s3.000000000000000,s0.000000000000000
136_69,s6.300000000000000,s3.000000000000000,s0.000000000000000
136_70,s0.350000000000000,s3.800000000000000,s180.000000000000000
136_71,s1.050000000000000,s3.800000000000000,s180.000000000000000
136_72,s1.750000000000000,s3.800000000000000,s180.000000000000000
136_73,s2.450000000000000,s3.800000000000000,s180.000000000000000
136_74,s3.150000000000000,s3.800000000000000,s180.000000000000000
136_75,s3.850000000000000,s3.800000000000000,s180.000000000000000
136_76,s4.550000000000000,s3.800000000000000,s180.000000000000000
136_77,s5.250000000000000,s3.800000000000000,s180.000000000000000
136_78,s5.950000000000000,s3.800000000000000,s180.000000000000000
136_79,s6.650000000000000,s3.800000000000000,s180.000000000000000
136_80,s0.000000000000000,s4.000000000000000,s0.000000000000000
136_81,s0.700000000000000,s4.000000000000000,s0.000000000000000
136_82,s1.400000000000000,s4.000000000000000,s0.000000000000000
136_83,s2.100000000000000,s4.000000000000000,s0.000000000000000
136_84,s2.800000000000000,s4.000000000000000,s0.000000000000000
136_85,s3.500000000000000,s4.000000000000000,s0.000000000000000
136_86,s4.200000000000000,s4.000000000000000,s0.000000000000000
136_87,s4.900000000000000,s4.000000000000000,s0.000000000000000
136_88,s5.600000000000000,s4.000000000000000,s0.000000000000000
136_89,s6.300000000000000,s4.000000000000000,s0.000000000000000
136_90,s0.350000000000000,s4.800000000000000,s180.000000000000000
136_91,s1.050000000000000,s4.800000000000000,s180.000000000000000
136_92,s1.750000000000000,s4.800000000000000,s180.000000000000000
136_93,s2.450000000000000,s4.800000000000000,s180.000000000000000
136_94,s3.150000000000000,s4.800000000000000,s180.000000000000000
136_95,s3.850000000000000,s4.800000000000000,s180.000000000000000
136_96,s4.550000000000000,s4.800000000000000,s180.000000000000000
136_97,s5.250000000000000,s4.800000000000000,s180.000000000000000
136_98,s5.950000000000000,s4.800000000000000,s180.000000000000000
136_99,s6.650000000000000,s4.800000000000000,s180.000000000000000
136_100,s0.000000000000000,s5.000000000000000,s0.000000000000000
136_101,s0.700000000000000,s5.000000000000000,s0.000000000000000
136_102,s1.400000000000000,s5.000000000000000,s0.000000000000000
136_103,s2.100000000000000,s5.000000000000000,s0.000000000000000
136_104,s2.800000000000000,s5.000000000000000,s0.000000000000000
136_105,s3.500000000000000,s5.000000000000000,s0.000000000000000
136_106,s4.200000000000000,s5.000000000000000,s0.000000000000000
136_107,s4.900000000000000,s5.000000000000000,s0.000000000000000
136_108,s5.600000000000000,s5.000000000000000,s0.000000000000000
136_109,s6.300000000000000,s5.000000000000000,s0.000000000000000
136_110,s0.350000000000000,s5.800000000000000,s180.000000000000000
136_111,s1.050000000000000,s5.800000000000000,s180.000000000000000
136_112,s1.750000000000000,s5.800000000000000,s180.000000000000000
136_113,s2.450000000000000,s5.800000000000000,s180.000000000000000
136_114,s3.150000000000000,s5.800000000000000,s180.000000000000000
136_115,s3.850000000000000,s5.800000000000000,s180.000000000000000
136_116,s4.550000000000000,s5.800000000000000,s180.000000000000000
136_117,s5.250000000000000,s5.800000000000000,s180.000000000000000
136_118,s5.950000000000000,s5.800000000000000,s180.000000000000000
136_119,s6.650000000000000,s5.800000000000000,s180.000000000000000
136_120,s0.000000000000000,s6.000000000000000,s0.000000000000000
136_121,s0.700000000000000,s6.000000000000000,s0.000000000000000
136_122,s1.400000000000000,s6.000000000000000,s0.000000000000000
136_123,s2.100000000000000,s6.000000000000000,s0.000000000000000
136_124,s2.800000000000000,s6.000000000000000,s0.000000000000000
136_125,s3.500000000000000,s6.000000000000000,s0.000000000000000
136_126,s4.200000000000000,s6.000000000000000,s0.000000000000000
136_127,s4.900000000000000,s6.000000000000000,s0.000000000000000
136_128,s5.600000000000000,s6.000000000000000,s0.000000000000000
136_129,s6.300000000000000,s6.000000000000000,s0.000000000000000
136_130,s0.350000000000000,s6.800000000000000,s180.000000000000000
136_131,s1.050000000000000,s6.800000000000000,s180.000000000000000
136_132,s1.750000000000000,s6.800000000000000,s180.000000000000000
136_133,s2.450000000000000,s6.800000000000000,s180.000000000000000
136_134,s3.150000000000000,s6.800000000000000,s180.000000000000000
136_135,s3.850000000000000,s6.800000000000000,s180.000000000000000
137_0,s0.000000000000000,s0.000000000000000,s0.000000000000000
137_1,s0.700000000000000,s0.000000000000000,s0.000000000000000
137_2,s1.400000000000000,s0.000000000000000,s0.000000000000000
137_3,s2.100000000000000,s0.000000000000000,s0.000000000000000
137_4,s2.800000000000000,s0.000000000000000,s0.000000000000000
137_5,s3.500000000000000,s0.000000000000000,s0.000000000000000
137_6,s4.200000000000000,s0.000000000000000,s0.000000000000000
137_7,s4.900000000000000,s0.000000000000000,s0.000000000000000
137_8,s5.600000000000000,s0.000000000000000,s0.000000000000000
137_9,s6.300000000000000,s0.000000000000000,s0.000000000000000
137_10,s0.350000000000000,s0.800000000000000,s180.000000000000000
137_11,s1.050000000000000,s0.800000000000000,s180.000000000000000
137_12,s1.750000000000000,s0.800000000000000,s180.000000000000000
137_13,s2.450000000000000,s0.800000000000000,s180.000000000000000
137_14,s3.150000000000000,s0.800000000000000,s180.000000000000000
137_15,s3.850000000000000,s0.800000000000000,s180.000000000000000
137_16,s4.550000000000000,s0.800000000000000,s180.000000000000000
137_17,s5.250000000000000,s0.800000000000000,s180.000000000000000
137_18,s5.950000000000000,s0.800000000000000,s180.000000000000000
137_19,s6.650000000000000,s0.800000000000000,s180.000000000000000
137_20,s0.000000000000000,s1.000000000000000,s0.000000000000000
137_21,s0.700000000000000,s1.000000000000000,s0.000000000000000
137_22,s1.400000000000000,s1.000000000000000,s0.000000000000000
137_23,s2.100000000000000,s1.000000000000000,s0.000000000000000
137_24,s2.800000000000000,s1.000000000000000,s0.000000000000000
137_25,s3.500000000000000,s1.000000000000000,s0.000000000000000
137_26,s4.200000000000000,s1.000000000000000,s0.000000000000000
137_27,s4.900000000000000,s1.000000000000000,s0.000000000000000
137_28,s5.600000000000000,s1.000000000000000,s0.000000000000000
137_29,s6.300000000000000,s1.000000000000000,s0.000000000000000
137_30,s0.350000000000000,s1.800000000000000,s180.000000000000000
137_31,s1.050000000000000,s1.800000000000000,s180.000000000000000
137_32,s1.750000000000000,s1.800000000000000,s180.000000000000000
137_33,s2.450000000000000,s1.800000000000000,s180.000000000000000
137_34,s3.150000000000000,s1.800000000000000,s180.000000000000000
137_35,s3.850000000000000,s1.800000000000000,s180.000000000000000
137_36,s4.550000000000000,s1.800000000000000,s180.000000000000000
137_37,s5.250000000000000,s1.800000000000000,s180.000000000000000
137_38,s5.950000000000000,s1.800000000000000,s180.000000000000000
137_39,s6.650000000000000,s1.800000000000000,s180.000000000000000
137_40,s0.000000000000000,s2.000000000000000,s0.000000000000000
137_41,s0.700000000000000,s2.000000000000000,s0.000000000000000
137_42,s1.400000000000000,s2.000000000000000,s0.000000000000000
137_43,s2.100000000000000,s2.000000000000000,s0.000000000000000
137_44,s2.800000000000000,s2.000000000000000,s0.000000000000000
137_45,s3.500000000000000,s2.000000000000000,s0.000000000000000
137_46,s4.200000000000000,s2.000000000000000,s0.000000000000000
137_47,s4.900000000000000,s2.000000000000000,s0.000000000000000
137_48,s5.600000000000000,s2.000000000000000,s0.000000000000000
137_49,s6.300000000000000,s2.000000000000000,s0.000000000000000
137_50,s0.350000000000000,s2.800000000000000,s180.000000000000000
137_51,s1.050000000000000,s2.800000000000000,s180.000000000000000
137_52,s1.750000000000000,s2.800000000000000,s180.000000000000000
137_53,s2.450000000000000,s2.800000000000000,s180.000000000000000
137_54,s3.150000000000000,s2.800000000000000,s180.000000000000000
137_55,s3.850000000000000,s2.800000000000000,s180.000000000000000
137_56,s4.550000000000000,s2.800000000000000,s180.000000000000000
137_57,s5.250000000000000,s2.800000000000000,s180.000000000000000
137_58,s5.950000000000000,s2.800000000000000,s180.000000000000000
137_59,s6.650000000000000,s2.800000000000000,s180.000000000000000
137_60,s0.000000000000000,s3.000000000000000,s0.000000000000000
137_61,s0.700000000000000,s3.000000000000000,s0.000000000000000
137_62,s1.400000000000000,s3.000000000000000,s0.000000000000000
137_63,s2.100000000000000,s3.000000000000000,s0.000000000000000
137_64,s2.800000000000000,s3.000000000000000,s0.000000000000000
137_65,s3.500000000000000,s3.000000000000000,s0.000000000000000
137_66,s4.200000000000000,s3.000000000000000,s0.000000000000000
137_67,s4.900000000000000,s3.000000000000000,s0.000000000000000
137_68,s5.600000000000000,s3.000000000000000,s0.000000000000000
137_69,s6.300000000000000,s3.000000000000000,s0.000000000000000
137_70,s0.350000000000000,s3.800000000000000,s180.000000000000000
137_71,s1.050000000000000,s3.800000000000000,s180.000000000000000
137_72,s1.750000000000000,s3.800000000000000,s180.000000000000000
137_73,s2.450000000000000,s3.800000000000000,s180.000000000000000
137_74,s3.150000000000000,s3.800000000000000,s180.000000000000000
137_75,s3.850000000000000,s3.800000000000000,s180.000000000000000
137_76,s4.550000000000000,s3.800000000000000,s180.000000000000000
137_77,s5.250000000000000,s3.800000000000000,s180.000000000000000
137_78,s5.950000000000000,s3.800000000000000,s180.000000000000000
137_79,s6.650000000000000,s3.800000000000000,s180.000000000000000
137_80,s0.000000000000000,s4.000000000000000,s0.000000000000000
137_81,s0.700000000000000,s4.000000000000000,s0.000000000000000
137_82,s1.400000000000000,s4.000000000000000,s0.000000000000000
137_83,s2.100000000000000,s4.000000000000000,s0.000000000000000
137_84,s2.800000000000000,s4.000000000000000,s0.000000000000000
137_85,s3.500000000000000,s4.000000000000000,s0.000000000000000
137_86,s4.200000000000000,s4.000000000000000,s0.000000000000000
137_87,s4.900000000000000,s4.000000000000000,s0.000000000000000
137_88,s5.600000000000000,s4.000000000000000,s0.000000000000000
137_89,s6.300000000000000,s4.000000000000000,s0.000000000000000
137_90,s0.350000000000000,s4.800000000000000,s180.000000000000000
137_91,s1.050000000000000,s4.800000000000000,s180.000000000000000
137_92,s1.750000000000000,s4.800000000000000,s180.000000000000000
137_93,s2.450000000000000,s4.800000000000000,s180.000000000000000
137_94,s3.150000000000000,s4.800000000000000,s180.000000000000000
137_95,s3.850000000000000,s4.800000000000000,s180.000000000000000
137_96,s4.550000000000000,s4.800000000000000,s180.000000000000000
137_97,s5.250000000000000,s4.800000000000000,s180.000000000000000
137_98,s5.950000000000000,s4.800000000000000,s180.000000000000000
137_99,s6.650000000000000,s4.800000000000000,s180.000000000000000
137_100,s0.000000000000000,s5.000000000000000,s0.000000000000000
137_101,s0.700000000000000,s5.000000000000000,s0.000000000000000
137_102,s1.400000000000000,s5.000000000000000,s0.000000000000000
137_103,s2.100000000000000,s5.000000000000000,s0.000000000000000
137_104,s2.800000000000000,s5.000000000000000,s0.000000000000000
137_105,s3.500000000000000,s5.000000000000000,s0.000000000000000
137_106,s4.200000000000000,s5.000000000000000,s0.000000000000000
137_107,s4.900000000000000,s5.000000000000000,s0.000000000000000
137_108,s5.600000000000000,s5.000000000000000,s0.000000000000000
137_109,s6.300000000000000,s5.000000000000000,s0.000000000000000
137_110,s0.350000000000000,s5.800000000000000,s180.000000000000000
137_111,s1.050000000000000,s5.800000000000000,s180.000000000000000
137_112,s1.750000000000000,s5.800000000000000,s180.000000000000000
137_113,s2.450000000000000,s5.800000000000000,s180.000000000000000
137_114,s3.150000000000000,s5.800000000000000,s180.000000000000000
137_115,s3.850000000000000,s5.800000000000000,s180.000000000000000
137_116,s4.550000000000000,s5.800000000000000,s180.000000000000000
137_117,s5.250000000000000,s5.800000000000000,s180.000000000000000
137_118,s5.950000000000000,s5.800000000000000,s180.000000000000000
137_119,s6.650000000000000,s5.800000000000000,s180.000000000000000
137_120,s0.000000000000000,s6.000000000000000,s0.000000000000000
137_121,s0.700000000000000,s6.000000000000000,s0.000000000000000
137_122,s1.400000000000000,s6.000000000000000,s0.000000000000000
137_123,s2.100000000000000,s6.000000000000000,s0.000000000000000
137_124,s2.800000000000000,s6.000000000000000,s0.000000000000000
137_125,s3.500000000000000,s6.000000000000000,s0.000000000000000
137_126,s4.200000000000000,s6.000000000000000,s0.000000000000000
137_127,s4.900000000000000,s6.000000000000000,s0.000000000000000
137_128,s5.600000000000000,s6.000000000000000,s0.000000000000000
137_129,s6.300000000000000,s6.000000000000000,s0.000000000000000
137_130,s0.350000000000000,s6.800000000000000,s180.000000000000000
137_131,s1.050000000000000,s6.800000000000000,s180.000000000000000
137_132,s1.750000000000000,s6.800000000000000,s180.000000000000000
137_133,s2.450000000000000,s6.800000000000000,s180.000000000000000
137_134,s3.150000000000000,s6.800000000000000,s180.000000000000000
137_135,s3.850000000000000,s6.800000000000000,s180.000000000000000
137_136,s4.550000000000000,s6.800000000000000,s180.000000000000000
138_0,s0.000000000000000,s0.000000000000000,s0.000000000000000
138_1,s0.700000000000000,s0.000000000000000,s0.000000000000000
138_2,s1.400000000000000,s0.000000000000000,s0.000000000000000
138_3,s2.100000000000000,s0.000000000000000,s0.000000000000000
138_4,s2.800000000000000,s0.000000000000000,s0.000000000000000
138_5,s3.500000000000000,s0.000000000000000,s0.000000000000000
138_6,s4.200000000000000,s0.000000000000000,s0.000000000000000
138_7,s4.900000000000000,s0.000000000000000,s0.000000000000000
138_8,s5.600000000000000,s0.000000000000000,s0.000000000000000
138_9,s6.300000000000000,s0.000000000000000,s0.000000000000000
138_10,s0.350000000000000,s0.800000000000000,s180.000000000000000
138_11,s1.050000000000000,s0.800000000000000,s180.000000000000000
138_12,s1.750000000000000,s0.800000000000000,s180.000000000000000
138_13,s2.450000000000000,s0.800000000000000,s180.000000000000000
138_14,s3.150000000000000,s0.800000000000000,s180.000000000000000
138_15,s3.850000000000000,s0.800000000000000,s180.000000000000000
138_16,s4.550000000000000,s0.800000000000000,s180.000000000000000
138_17,s5.250000000000000,s0.800000000000000,s180.000000000000000
138_18,s5.950000000000000,s0.800000000000000,s180.000000000000000
138_19,s6.650000000000000,s0.800000000000000,s180.000000000000000
138_20,s0.000000000000000,s1.000000000000000,s0.000000000000000
138_21,s0.700000000000000,s1.000000000000000,s0.000000000000000
138_22,s1.400000000000000,s1.000000000000000,s0.000000000000000
138_23,s2.100000000000000,s1.000000000000000,s0.000000000000000
138_24,s2.800000000000000,s1.000000000000000,s0.000000000000000
138_25,s3.500000000000000,s1.000000000000000,s0.000000000000000
138_26,s4.200000000000000,s1.000000000000000,s0.000000000000000
138_27,s4.900000000000000,s1.000000000000000,s0.000000000000000
138_28,s5.600000000000000,s1.000000000000000,s0.000000000000000
138_29,s6.300000000000000,s1.000000000000000,s0.000000000000000
138_30,s0.350000000000000,s1.800000000000000,s180.000000000000000
138_31,s1.050000000000000,s1.800000000000000,s180.000000000000000
138_32,s1.750000000000000,s1.800000000000000,s180.000000000000000
138_33,s2.450000000000000,s1.800000000000000,s180.000000000000000
138_34,s3.150000000000000,s1.800000000000000,s180.000000000000000
138_35,s3.850000000000000,s1.800000000000000,s180.000000000000000
138_36,s4.550000000000000,s1.800000000000000,s180.000000000000000
138_37,s5.250000000000000,s1.800000000000000,s180.000000000000000
138_38,s5.950000000000000,s1.800000000000000,s180.000000000000000
138_39,s6.650000000000000,s1.800000000000000,s180.000000000000000
138_40,s0.000000000000000,s2.000000000000000,s0.000000000000000
138_41,s0.700000000000000,s2.000000000000000,s0.000000000000000
138_42,s1.400000000000000,s2.000000000000000,s0.000000000000000
138_43,s2.100000000000000,s2.000000000000000,s0.000000000000000
138_44,s2.800000000000000,s2.000000000000000,s0.000000000000000
138_45,s3.500000000000000,s2.000000000000000,s0.000000000000000
138_46,s4.200000000000000,s2.000000000000000,s0.000000000000000
138_47,s4.900000000000000,s2.000000000000000,s0.000000000000000
138_48,s5.600000000000000,s2.000000000000000,s0.000000000000000
138_49,s6.300000000000000,s2.000000000000000,s0.000000000000000
138_50,s0.350000000000000,s2.800000000000000,s180.000000000000000
138_51,s1.050000000000000,s2.800000000000000,s180.000000000000000
138_52,s1.750000000000000,s2.800000000000000,s180.000000000000000
138_53,s2.450000000000000,s2.800000000000000,s180.000000000000000
138_54,s3.150000000000000,s2.800000000000000,s180.000000000000000
138_55,s3.850000000000000,s2.800000000000000,s180.000000000000000
138_56,s4.550000000000000,s2.800000000000000,s180.000000000000000
138_57,s5.250000000000000,s2.800000000000000,s180.000000000000000
138_58,s5.950000000000000,s2.800000000000000,s180.000000000000000
138_59,s6.650000000000000,s2.800000000000000,s180.000000000000000
138_60,s0.000000000000000,s3.000000000000000,s0.000000000000000
138_61,s0.700000000000000,s3.000000000000000,s0.000000000000000
138_62,s1.400000000000000,s3.000000000000000,s0.000000000000000
138_63,s2.100000000000000,s3.000000000000000,s0.000000000000000
138_64,s2.800000000000000,s3.000000000000000,s0.000000000000000
138_65,s3.500000000000000,s3.000000000000000,s0.000000000000000
138_66,s4.200000000000000,s3.000000000000000,s0.000000000000000
138_67,s4.900000000000000,s3.000000000000000,s0.000000000000000
138_68,s5.600000000000000,s3.000000000000000,s0.000000000000000
138_69,s6.300000000000000,s3.000000000000000,s0.000000000000000
138_70,s0.350000000000000,s3.800000000000000,s180.000000000000000
138_71,s1.050000000000000,s3.800000000000000,s180.000000000000000
138_72,s1.750000000000000,s3.800000000000000,s180.000000000000000
138_73,s2.450000000000000,s3.800000000000000,s180.000000000000000
138_74,s3.150000000000000,s3.800000000000000,s180.000000000000000
138_75,s3.850000000000000,s3.800000000000000,s180.000000000000000
138_76,s4.550000000000000,s3.800000000000000,s180.000000000000000
138_77,s5.250000000000000,s3.800000000000000,s180.000000000000000
138_78,s5.950000000000000,s3.800000000000000,s180.000000000000000
138_79,s6.650000000000000,s3.800000000000000,s180.000000000000000
138_80,s0.000000000000000,s4.000000000000000,s0.000000000000000
138_81,s0.700000000000000,s4.000000000000000,s0.000000000000000
138_82,s1.400000000000000,s4.000000000000000,s0.000000000000000
138_83,s2.100000000000000,s4.000000000000000,s0.000000000000000
138_84,s2.800000000000000,s4.000000000000000,s0.000000000000000
138_85,s3.500000000000000,s4.000000000000000,s0.000000000000000
138_86,s4.200000000000000,s4.000000000000000,s0.000000000000000
138_87,s4.900000000000000,s4.000000000000000,s0.000000000000000
138_88,s5.600000000000000,s4.000000000000000,s0.000000000000000
138_89,s6.300000000000000,s4.000000000000000,s0.000000000000000
138_90,s0.350000000000000,s4.800000000000000,s180.000000000000000
138_91,s1.050000000000000,s4.800000000000000,s180.000000000000000
138_92,s1.750000000000000,s4.800000000000000,s180.000000000000000
138_93,s2.450000000000000,s4.800000000000000,s180.000000000000000
138_94,s3.150000000000000,s4.800000000000000,s180.000000000000000
138_95,s3.850000000000000,s4.800000000000000,s180.000000000000000
138_96,s4.550000000000000,s4.800000000000000,s180.000000000000000
138_97,s5.250000000000000,s4.800000000000000,s180.000000000000000
138_98,s5.950000000000000,s4.800000000000000,s180.000000000000000
138_99,s6.650000000000000,s4.800000000000000,s180.000000000000000
138_100,s0.000000000000000,s5.000000000000000,s0.000000000000000
138_101,s0.700000000000000,s5.000000000000000,s0.000000000000000
138_102,s1.400000000000000,s5.000000000000000,s0.000000000000000
138_103,s2.100000000000000,s5.000000000000000,s0.000000000000000
138_104,s2.800000000000000,s5.000000000000000,s0.000000000000000
138_105,s3.500000000000000,s5.000000000000000,s0.000000000000000
138_106,s4.200000000000000,s5.000000000000000,s0.000000000000000
138_107,s4.900000000000000,s5.000000000000000,s0.000000000000000
138_108,s5.600000000000000,s5.000000000000000,s0.000000000000000
138_109,s6.300000000000000,s5.000000000000000,s0.000000000000000
138_110,s0.350000000000000,s5.800000000000000,s180.000000000000000
138_111,s1.050000000000000,s5.800000000000000,s180.000000000000000
138_112,s1.750000000000000,s5.800000000000000,s180.000000000000000
138_113,s2.450000000000000,s5.800000000000000,s180.000000000000000
138_114,s3.150000000000000,s5.800000000000000,s180.000000000000000
138_115,s3.850000000000000,s5.800000000000000,s180.000000000000000
138_116,s4.550000000000000,s5.800000000000000,s180.000000000000000
138_117,s5.250000000000000,s5.800000000000000,s180.000000000000000
138_118,s5.950000000000000,s5.800000000000000,s180.000000000000000
138_119,s6.650000000000000,s5.800000000000000,s180.000000000000000
138_120,s0.000000000000000,s6.000000000000000,s0.000000000000000
138_121,s0.700000000000000,s6.000000000000000,s0.000000000000000
138_122,s1.400000000000000,s6.000000000000000,s0.000000000000000
138_123,s2.100000000000000,s6.000000000000000,s0.000000000000000
138_124,s2.800000000000000,s6.000000000000000,s0.000000000000000
138_125,s3.500000000000000,s6.000000000000000,s0.000000000000000
138_126,s4.200000000000000,s6.000000000000000,s0.000000000000000
138_127,s4.900000000000000,s6.000000000000000,s0.000000000000000
138_128,s5.600000000000000,s6.000000000000000,s0.000000000000000
138_129,s6.300000000000000,s6.000000000000000,s0.000000000000000
138_130,s0.350000000000000,s6.800000000000000,s180.000000000000000
138_131,s1.050000000000000,s6.800000000000000,s180.000000000000000
138_132,s1.750000000000000,s6.800000000000000,s180.000000000000000
138_133,s2.450000000000000,s6.800000000000000,s180.000000000000000
138_134,s3.150000000000000,s6.800000000000000,s180.000000000000000
138_135,s3.850000000000000,s6.800000000000000,s180.000000000000000
138_136,s4.550000000000000,s6.800000000000000,s180.000000000000000
138_137,s5.250000000000000,s6.800000000000000,s180.000000000000000
139_0,s0.000000000000000,s0.000000000000000,s0.000000000000000
139_1,s0.700000000000000,s0.000000000000000,s0.000000000000000
139_2,s1.400000000000000,s0.000000000000000,s0.000000000000000
139_3,s2.100000000000000,s0.000000000000000,s0.000000000000000
139_4,s2.800000000000000,s0.000000000000000,s0.000000000000000
139_5,s3.500000000000000,s0.000000000000000,s0.000000000000000
139_6,s4.200000000000000,s0.000000000000000,s0.000000000000000
139_7,s4.900000000000000,s0.000000000000000,s0.000000000000000
139_8,s5.600000000000000,s0.000000000000000,s0.000000000000000
139_9,s6.300000000000000,s0.000000000000000,s0.000000000000000
139_10,s0.350000000000000,s0.800000000000000,s180.000000000000000
139_11,s1.050000000000000,s0.800000000000000,s180.000000000000000
139_12,s1.750000000000000,s0.800000000000000,s180.000000000000000
139_13,s2.450000000000000,s0.800000000000000,s180.000000000000000
139_14,s3.150000000000000,s0.800000000000000,s180.000000000000000
139_15,s3.850000000000000,s0.800000000000000,s180.000000000000000
139_16,s4.550000000000000,s0.800000000000000,s180.000000000000000
139_17,s5.250000000000000,s0.800000000000000,s180.000000000000000
139_18,s5.950000000000000,s0.800000000000000,s180.000000000000000
139_19,s6.650000000000000,s0.800000000000000,s180.000000000000000
139_20,s0.000000000000000,s1.000000000000000,s0.000000000000000
139_21,s0.700000000000000,s1.000000000000000,s0.000000000000000
139_22,s1.400000000000000,s1.000000000000000,s0.000000000000000
139_23,s2.100000000000000,s1.000000000000000,s0.000000000000000
139_24,s2.800000000000000,s1.000000000000000,s0.000000000000000
139_25,s3.500000000000000,s1.000000000000000,s0.000000000000000
139_26,s4.200000000000000,s1.000000000000000,s0.000000000000000
139_27,s4.900000000000000,s1.000000000000000,s0.000000000000000
139_28,s5.600000000000000,s1.000000000000000,s0.000000000000000
139_29,s6.300000000000000,s1.000000000000000,s0.000000000000000
139_30,s0.350000000000000,s1.800000000000000,s180.000000000000000
139_31,s1.050000000000000,s1.800000000000000,s180.000000000000000
139_32,s1.750000000000000,s1.800000000000000,s180.000000000000000
139_33,s2.450000000000000,s1.800000000000000,s180.000000000000000
139_34,s3.150000000000000,s1.800000000000000,s180.000000000000000
139_35,s3.850000000000000,s1.800000000000000,s180.000000000000000
139_36,s4.550000000000000,s1.800000000000000,s180.000000000000000
139_37,s5.250000000000000,s1.800000000000000,s180.000000000000000
139_38,s5.950000000000000,s1.800000000000000,s180.000000000000000
139_39,s6.650000000000000,s1.800000000000000,s180.000000000000000
139_40,s0.000000000000000,s2.000000000000000,s0.000000000000000
139_41,s0.700000000000000,s2.000000000000000,s0.000000000000000
139_42,s1.400000000000000,s2.000000000000000,s0.000000000000000
139_43,s2.100000000000000,s2.000000000000000,s0.000000000000000
139_44,s2.800000000000000,s2.000000000000000,s0.000000000000000
139_45,s3.500000000000000,s2.000000000000000,s0.000000000000000
139_46,s4.200000000000000,s2.000000000000000,s0.000000000000000
139_47,s4.900000000000000,s2.000000000000000,s0.000000000000000
139_48,s5.600000000000000,s2.000000000000000,s0.000000000000000
139_49,s6.300000000000000,s2.000000000000000,s0.000000000000000
139_50,s0.350000000000000,s2.800000000000000,s180.000000000000000
139_51,s1.050000000000000,s2.800000000000000,s180.000000000000000
139_52,s1.750000000000000,s2.800000000000000,s180.000000000000000
139_53,s2.450000000000000,s2.800000000000000,s180.000000000000000
139_54,s3.150000000000000,s2.800000000000000,s180.000000000000000
139_55,s3.850000000000000,s2.800000000000000,s180.000000000000000
139_56,s4.550000000000000,s2.800000000000000,s180.000000000000000
139_57,s5.250000000000000,s2.800000000000000,s180.000000000000000
139_58,s5.950000000000000,s2.800000000000000,s180.000000000000000
139_59,s6.650000000000000,s2.800000000000000,s180.000000000000000
139_60,s0.000000000000000,s3.000000000000000,s0.000000000000000
139_61,s0.700000000000000,s3.000000000000000,s0.000000000000000
139_62,s1.400000000000000,s3.000000000000000,s0.000000000000000
139_63,s2.100000000000000,s3.000000000000000,s0.000000000000000
139_64,s2.800000000000000,s3.000000000000000,s0.000000000000000
139_65,s3.500000000000000,s3.000000000000000,s0.000000000000000
139_66,s4.200000000000000,s3.000000000000000,s0.000000000000000
139_67,s4.900000000000000,s3.000000000000000,s0.000000000000000
139_68,s5.600000000000000,s3.000000000000000,s0.000000000000000
139_69,s6.300000000000000,s3.000000000000000,s0.000000000000000
139_70,s0.350000000000000,s3.800000000000000,s180.000000000000000
139_71,s1.050000000000000,s3.800000000000000,s180.000000000000000
139_72,s1.750000000000000,s3.800000000000000,s180.000000000000000
139_73,s2.450000000000000,s3.800000000000000,s180.000000000000000
139_74,s3.150000000000000,s3.800000000000000,s180.000000000000000
139_75,s3.850000000000000,s3.800000000000000,s180.000000000000000
139_76,s4.550000000000000,s3.800000000000000,s180.000000000000000
139_77,s5.250000000000000,s3.800000000000000,s180.000000000000000
139_78,s5.950000000000000,s3.800000000000000,s180.000000000000000
139_79,s6.650000000000000,s3.800000000000000,s180.000000000000000
139_80,s0.000000000000000,s4.000000000000000,s0.000000000000000
139_81,s0.700000000000000,s4.000000000000000,s0.000000000000000
139_82,s1.400000000000000,s4.000000000000000,s0.000000000000000
139_83,s2.100000000000000,s4.000000000000000,s0.000000000000000
139_84,s2.800000000000000,s4.000000000000000,s0.000000000000000
139_85,s3.500000000000000,s4.000000000000000,s0.000000000000000
139_86,s4.200000000000000,s4.000000000000000,s0.000000000000000
139_87,s4.900000000000000,s4.000000000000000,s0.000000000000000
139_88,s5.600000000000000,s4.000000000000000,s0.000000000000000
139_89,s6.300000000000000,s4.000000000000000,s0.000000000000000
139_90,s0.350000000000000,s4.800000000000000,s180.000000000000000
139_91,s1.050000000000000,s4.800000000000000,s180.000000000000000
139_92,s1.750000000000000,s4.800000000000000,s180.000000000000000
139_93,s2.450000000000000,s4.800000000000000,s180.000000000000000
139_94,s3.150000000000000,s4.800000000000000,s180.000000000000000
139_95,s3.850000000000000,s4.800000000000000,s180.000000000000000
139_96,s4.550000000000000,s4.800000000000000,s180.000000000000000
139_97,s5.250000000000000,s4.800000000000000,s180.000000000000000
139_98,s5.950000000000000,s4.800000000000000,s180.000000000000000
139_99,s6.650000000000000,s4.800000000000000,s180.000000000000000
139_100,s0.000000000000000,s5.000000000000000,s0.000000000000000
139_101,s0.700000000000000,s5.000000000000000,s0.000000000000000
139_102,s1.400000000000000,s5.000000000000000,s0.000000000000000
139_103,s2.100000000000000,s5.000000000000000,s0.000000000000000
139_104,s2.800000000000000,s5.000000000000000,s0.000000000000000
139_105,s3.500000000000000,s5.000000000000000,s0.000000000000000
139_106,s4.200000000000000,s5.000000000000000,s0.000000000000000
139_107,s4.900000000000000,s5.000000000000000,s0.000000000000000
139_108,s5.600000000000000,s5.000000000000000,s0.000000000000000
139_109,s6.300000000000000,s5.000000000000000,s0.000000000000000
139_110,s0.350000000000000,s5.800000000000000,s180.000000000000000
139_111,s1.050000000000000,s5.800000000000000,s180.000000000000000
139_112,s1.750000000000000,s5.800000000000000,s180.000000000000000
139_113,s2.450000000000000,s5.800000000000000,s180.000000000000000
139_114,s3.150000000000000,s5.800000000000000,s180.000000000000000
139_115,s3.850000000000000,s5.800000000000000,s180.000000000000000
139_116,s4.550000000000000,s5.800000000000000,s180.000000000000000
139_117,s5.250000000000000,s5.800000000000000,s180.000000000000000
139_118,s5.950000000000000,s5.800000000000000,s180.000000000000000
139_119,s6.650000000000000,s5.800000000000000,s180.000000000000000
139_120,s0.000000000000000,s6.000000000000000,s0.000000000000000
139_121,s0.700000000000000,s6.000000000000000,s0.000000000000000
139_122,s1.400000000000000,s6.000000000000000,s0.000000000000000
139_123,s2.100000000000000,s6.000000000000000,s0.000000000000000
139_124,s2.800000000000000,s6.000000000000000,s0.000000000000000
139_125,s3.500000000000000,s6.000000000000000,s0.000000000000000
139_126,s4.200000000000000,s6.000000000000000,s0.000000000000000
139_127,s4.900000000000000,s6.000000000000000,s0.000000000000000
139_128,s5.600000000000000,s6.000000000000000,s0.000000000000000
139_129,s6.300000000000000,s6.000000000000000,s0.000000000000000
139_130,s0.350000000000000,s6.800000000000000,s180.000000000000000
139_131,s1.050000000000000,s6.800000000000000,s180.000000000000000
139_132,s1.750000000000000,s6.800000000000000,s180.000000000000000
139_133,s2.450000000000000,s6.800000000000000,s180.000000000000000
139_134,s3.150000000000000,s6.800000000000000,s180.000000000000000
139_135,s3.850000000000000,s6.800000000000000,s180.000000000000000
139_136,s4.550000000000000,s6.800000000000000,s180.000000000000000
139_137,s5.250000000000000,s6.800000000000000,s180.000000000000000
139_138,s5.950000000000000,s6.800000000000000,s180.000000000000000
140_0,s0.000000000000000,s0.000000000000000,s0.000000000000000
140_1,s0.700000000000000,s0.000000000000000,s0.000000000000000
140_2,s1.400000000000000,s0.000000000000000,s0.000000000000000
140_3,s2.100000000000000,s0.000000000000000,s0.000000000000000
140_4,s2.800000000000000,s0.000000000000000,s0.000000000000000
140_5,s3.500000000000000,s0.000000000000000,s0.000000000000000
140_6,s4.200000000000000,s0.000000000000000,s0.000000000000000
140_7,s4.900000000000000,s0.000000000000000,s0.000000000000000
140_8,s5.600000000000000,s0.000000000000000,s0.000000000000000
140_9,s6.300000000000000,s0.000000000000000,s0.000000000000000
140_10,s0.350000000000000,s0.800000000000000,s180.000000000000000
140_11,s1.050000000000000,s0.800000000000000,s180.000000000000000
140_12,s1.750000000000000,s0.800000000000000,s180.000000000000000
140_13,s2.450000000000000,s0.800000000000000,s180.000000000000000
140_14,s3.150000000000000,s0.800000000000000,s180.000000000000000
140_15,s3.850000000000000,s0.800000000000000,s180.000000000000000
140_16,s4.550000000000000,s0.800000000000000,s180.000000000000000
140_17,s5.250000000000000,s0.800000000000000,s180.000000000000000
140_18,s5.950000000000000,s0.800000000000000,s180.000000000000000
140_19,s6.650000000000000,s0.800000000000000,s180.000000000000000
140_20,s0.000000000000000,s1.000000000000000,s0.000000000000000
140_21,s0.700000000000000,s1.000000000000000,s0.000000000000000
140_22,s1.400000000000000,s1.000000000000000,s0.000000000000000
140_23,s2.100000000000000,s1.000000000000000,s0.000000000000000
140_24,s2.800000000000000,s1.000000000000000,s0.000000000000000
140_25,s3.500000000000000,s1.000000000000000,s0.000000000000000
140_26,s4.200000000000000,s1.000000000000000,s0.000000000000000
140_27,s4.900000000000000,s1.000000000000000,s0.000000000000000
140_28,s5.600000000000000,s1.000000000000000,s0.000000000000000
140_29,s6.300000000000000,s1.000000000000000,s0.000000000000000
140_30,s0.350000000000000,s1.800000000000000,s180.000000000000000
140_31,s1.050000000000000,s1.800000000000000,s180.000000000000000
140_32,s1.750000000000000,s1.800000000000000,s180.000000000000000
140_33,s2.450000000000000,s1.800000000000000,s180.000000000000000
140_34,s3.150000000000000,s1.800000000000000,s180.000000000000000
140_35,s3.850000000000000,s1.800000000000000,s180.000000000000000
140_36,s4.550000000000000,s1.800000000000000,s180.000000000000000
140_37,s5.250000000000000,s1.800000000000000,s180.000000000000000
140_38,s5.950000000000000,s1.800000000000000,s180.000000000000000
140_39,s6.650000000000000,s1.800000000000000,s180.000000000000000
140_40,s0.000000000000000,s2.000000000000000,s0.000000000000000
140_41,s0.700000000000000,s2.000000000000000,s0.000000000000000
140_42,s1.400000000000000,s2.000000000000000,s0.000000000000000
140_43,s2.100000000000000,s2.000000000000000,s0.000000000000000
140_44,s2.800000000000000,s2.000000000000000,s0.000000000000000
140_45,s3.500000000000000,s2.000000000000000,s0.000000000000000
140_46,s4.200000000000000,s2.000000000000000,s0.000000000000000
140_47,s4.900000000000000,s2.000000000000000,s0.000000000000000
140_48,s5.600000000000000,s2.000000000000000,s0.000000000000000
140_49,s6.300000000000000,s2.000000000000000,s0.000000000000000
140_50,s0.350000000000000,s2.800000000000000,s180.000000000000000
140_51,s1.050000000000000,s2.800000000000000,s180.000000000000000
140_52,s1.750000000000000,s2.800000000000000,s180.000000000000000
140_53,s2.450000000000000,s2.800000000000000,s180.000000000000000
140_54,s3.150000000000000,s2.800000000000000,s180.000000000000000
140_55,s3.850000000000000,s2.800000000000000,s180.000000000000000
140_56,s4.550000000000000,s2.800000000000000,s180.000000000000000
140_57,s5.250000000000000,s2.800000000000000,s180.000000000000000
140_58,s5.950000000000000,s2.800000000000000,s180.000000000000000
140_59,s6.650000000000000,s2.800000000000000,s180.000000000000000
140_60,s0.000000000000000,s3.000000000000000,s0.000000000000000
140_61,s0.700000000000000,s3.000000000000000,s0.000000000000000
140_62,s1.400000000000000,s3.000000000000000,s0.000000000000000
140_63,s2.100000000000000,s3.000000000000000,s0.000000000000000
140_64,s2.800000000000000,s3.000000000000000,s0.000000000000000
140_65,s3.500000000000000,s3.000000000000000,s0.000000000000000
140_66,s4.200000000000000,s3.000000000000000,s0.000000000000000
140_67,s4.900000000000000,s3.000000000000000,s0.000000000000000
140_68,s5.600000000000000,s3.000000000000000,s0.000000000000000
140_69,s6.300000000000000,s3.000000000000000,s0.000000000000000
140_70,s0.350000000000000,s3.800000000000000,s180.000000000000000
140_71,s1.050000000000000,s3.800000000000000,s180.000000000000000
140_72,s1.750000000000000,s3.800000000000000,s180.000000000000000
140_73,s2.450000000000000,s3.800000000000000,s180.000000000000000
140_74,s3.150000000000000,s3.800000000000000,s180.000000000000000
140_75,s3.850000000000000,s3.800000000000000,s180.000000000000000
140_76,s4.550000000000000,s3.800000000000000,s180.000000000000000
140_77,s5.250000000000000,s3.800000000000000,s180.000000000000000
140_78,s5.950000000000000,s3.800000000000000,s180.000000000000000
140_79,s6.650000000000000,s3.800000000000000,s180.000000000000000
140_80,s0.000000000000000,s4.000000000000000,s0.000000000000000
140_81,s0.700000000000000,s4.000000000000000,s0.000000000000000
140_82,s1.400000000000000,s4.000000000000000,s0.000000000000000
140_83,s2.100000000000000,s4.000000000000000,s0.000000000000000
140_84,s2.800000000000000,s4.000000000000000,s0.000000000000000
140_85,s3.500000000000000,s4.000000000000000,s0.000000000000000
140_86,s4.200000000000000,s4.000000000000000,s0.000000000000000
140_87,s4.900000000000000,s4.000000000000000,s0.000000000000000
140_88,s5.600000000000000,s4.000000000000000,s0.000000000000000
140_89,s6.300000000000000,s4.000000000000000,s0.000000000000000
140_90,s0.350000000000000,s4.800000000000000,s180.000000000000000
140_91,s1.050000000000000,s4.800000000000000,s180.000000000000000
140_92,s1.750000000000000,s4.800000000000000,s180.000000000000000
140_93,s2.450000000000000,s4.800000000000000,s180.000000000000000
140_94,s3.150000000000000,s4.800000000000000,s180.000000000000000
140_95,s3.850000000000000,s4.800000000000000,s180.000000000000000
140_96,s4.550000000000000,s4.800000000000000,s180.000000000000000
140_97,s5.250000000000000,s4.800000000000000,s180.000000000000000
140_98,s5.950000000000000,s4.800000000000000,s180.000000000000000
140_99,s6.650000000000000,s4.800000000000000,s180.000000000000000
140_100,s0.000000000000000,s5.000000000000000,s0.000000000000000
140_101,s0.700000000000000,s5.000000000000000,s0.000000000000000
140_102,s1.400000000000000,s5.000000000000000,s0.000000000000000
140_103,s2.100000000000000,s5.000000000000000,s0.000000000000000
140_104,s2.800000000000000,s5.000000000000000,s0.000000000000000
140_105,s3.500000000000000,s5.000000000000000,s0.000000000000000
140_106,s4.200000000000000,s5.000000000000000,s0.000000000000000
140_107,s4.900000000000000,s5.000000000000000,s0.000000000000000
140_108,s5.600000000000000,s5.000000000000000,s0.000000000000000
140_109,s6.300000000000000,s5.000000000000000,s0.000000000000000
140_110,s0.350000000000000,s5.800000000000000,s180.000000000000000
140_111,s1.050000000000000,s5.800000000000000,s180.000000000000000
140_112,s1.750000000000000,s5.800000000000000,s180.000000000000000
140_113,s2.450000000000000,s5.800000000000000,s180.000000000000000
140_114,s3.150000000000000,s5.800000000000000,s180.000000000000000
140_115,s3.850000000000000,s5.800000000000000,s180.000000000000000
140_116,s4.550000000000000,s5.800000000000000,s180.000000000000000
140_117,s5.250000000000000,s5.800000000000000,s180.000000000000000
140_118,s5.950000000000000,s5.800000000000000,s180.000000000000000
140_119,s6.650000000000000,s5.800000000000000,s180.000000000000000
140_120,s0.000000000000000,s6.000000000000000,s0.000000000000000
140_121,s0.700000000000000,s6.000000000000000,s0.000000000000000
140_122,s1.400000000000000,s6.000000000000000,s0.000000000000000
140_123,s2.100000000000000,s6.000000000000000,s0.000000000000000
140_124,s2.800000000000000,s6.000000000000000,s0.000000000000000
140_125,s3.500000000000000,s6.000000000000000,s0.000000000000000
140_126,s4.200000000000000,s6.000000000000000,s0.000000000000000
140_127,s4.900000000000000,s6.000000000000000,s0.000000000000000
140_128,s5.600000000000000,s6.000000000000000,s0.000000000000000
140_129,s6.300000000000000,s6.000000000000000,s0.000000000000000
140_130,s0.350000000000000,s6.800000000000000,s180.000000000000000
140_131,s1.050000000000000,s6.800000000000000,s180.000000000000000
140_132,s1.750000000000000,s6.800000000000000,s180.000000000000000
140_133,s2.450000000000000,s6.800000000000000,s180.000000000000000
140_134,s3.150000000000000,s6.800000000000000,s180.000000000000000
140_135,s3.850000000000000,s6.800000000000000,s180.000000000000000
140_136,s4.550000000000000,s6.800000000000000,s180.000000000000000
140_137,s5.250000000000000,s6.800000000000000,s180.000000000000000
140_138,s5.950000000000000,s6.800000000000000,s180.000000000000000
140_139,s6.650000000000000,s6.800000000000000,s180.000000000000000
141_0,s0.301707463334673,s-0.044821550008332,s-7.042065870979245
141_1,s0.459986137256605,s-0.158571130696020,s-1.246390749851580
141_2,s1.382428692574690,s0.072682350957638,s-4.467799349042358
141_3,s2.107725602904603,s-0.026141320037210,s10.059040954489053
141_4,s2.839610813774703,s-0.011041289220765,s-3.193976389994715
141_5,s3.550528559598054,s-0.109298284588000,s-0.081012506270089
141_6,s4.258287813465878,s0.238885940053511,s3.427072802782957
141_7,s4.690763984174268,s-0.159941286613563,s-3.159432767102037
141_8,s5.440408669554973,s-0.098530838108658,s1.301697735305658
141_9,s6.362680510225720,s0.207871381961050,s13.643045263081421
141_10,s6.850111430029003,s0.217404206454409,s-1.401381036425382
141_11,s0.190932895443558,s0.659773289718177,s174.243997050053480
141_12,s1.155980480236742,s0.636668364480952,s181.426349895471191
141_13,s1.926579409062119,s0.876842341483685,s175.397497199920736
141_14,s2.400578810566298,s1.217456713334675,s171.586815847097171
141_15,s3.486471890822602,s0.663178934339485,s175.596324284871230
141_16,s3.892101094439712,s0.481132755162792,s168.546839022299679
141_17,s4.539788527337953,s0.782773035644267,s182.464925895301519
141_18,s5.704717242936741,s0.913115463702964,s183.437360484739656
141_19,s5.929268118632717,s0.921767473594297,s182.772300853389254
141_20,s6.566301123116884,s1.150122092803793,s188.593140635507098
141_21,s0.176344370996349,s1.045143466373976,s5.680829081161716
141_22,s0.609808681248792,s0.858590143558085,s1.563968891019567
141_23,s1.380035017118923,s1.002537446818994,s-6.052819464498430
141_24,s2.177901915923211,s0.944602081719113,s2.292615058932235
141_25,s3.055216788254537,s1.204912719048491,s9.837204966432264
141_26,s3.565163050626489,s1.090145109580195,s14.846244896963498
141_27,s3.946880608607364,s0.708485840953794,s1.249627165420092
141_28,s5.018166648470580,s1.109857516606315,s5.799166495478498
141_29,s5.751509034822279,s0.899212448293436,s-3.630735426908183
141_30,s6.306668730445604,s1.066343189368399,s3.184301184346495
141_31,s6.775065080784300,s0.994261974538468,s-2.331568577957364
141_32,s0.353183480563942,s1.758596795242141,s175.819658493038503
141_33,s0.930213544644706,s1.809214510649713,s183.525212829031261
141_34,s1.797718227946278,s2.138504301230113,s175.645908217314400
141_35,s2.487989411915728,s1.844663523443209,s181.386975274308469
141_36,s3.460724728675152,s1.704873448061588,s175.315287649192328
141_37,s3.931196544189766,s1.540400295060337,s163.561522514250214
141_38,s4.525650677397357,s1.914606717530804,s175.546164043407117
141_39,s5.425452465656901,s1.784449852176825,s177.363036393076271
141_40,s5.846024299748655,s1.627134514763445,s170.078209476373246
141_41,s6.598015683211942,s1.873000460571701,s184.230500925456766
141_42,s0.221592955118441,s1.944916150372337,s1.159527673067914
141_43,s0.879191521560567,s1.930771164684034,s-6.885175909447813
141_44,s1.583516123476588,s1.783181223566310,s-0.631002490711989
141_45,s2.345465057938958,s2.215740863725422,s9.793050378131868
141_46,s3.093808620307951,s1.863718228413275,s-8.883559705448732
141_47,s3.290821533500007,s1.791742989365550,s-1.367919974426947
141_48,s4.182425986340068,s1.707431818954393,s-5.981025617714202
141_49,s4.953044857918449,s1.960431611630582,s4.060374765258443
141_50,s5.688353787543480,s1.954806817466630,s-3.849039367610880
141_51,s6.352683424290001,s2.377045319635784,s3.171122329330355
141_52,s6.946982525606355,s1.905456629677682,s6.170089933460277
141_53,s0.217979447214039,s2.394405833857982,s190.096636502935070
141_54,s1.123922516529541,s2.865504097834709,s184.557977176803973
141_55,s1.599783512637683,s3.021903307232471,s174.994653889191142
141_56,s2.306432558202116,s2.634383792809984,s172.853570608814408
141_57,s2.890792205309954,s3.222270772674768,s182.172743101113952
141_58,s3.935972890315026,s2.367170283959916,s178.813980225967896
141_59,s4.561020152363944,s2.472469375955420,s181.107504190432905
141_60,s5.283255543048386,s2.633629296322468,s179.010574742355175
141_61,s5.941085620817515,s2.641439029245809,s184.043161985760150
141_62,s6.506504707564073,s2.621972221670365,s182.981086172469134
141_63,s0.327394721638257,s3.042314165806146,s5.891525615632310
141_64,s0.776608827938649,s3.187311906532901,s-5.347349351958893
141_65,s1.522232427836319,s3.373963750630957,s0.842461141542336
141_66,s1.801399118842388,s3.203449892075398,s4.405602260384303
141_67,s2.789349624473839,s3.307929442413765,s-1.329112721955051
141_68,s3.541525889481544,s3.090738437595847,s-4.151454152391632
141_69,s3.993453042149785,s2.867274624522473,s-2.447338493374009
141_70,s4.977086213620785,s3.061106703504767,s7.037027921745683
141_71,s5.781148816247149,s3.506932812907892,s3.432483198495765
141_72,s6.280827580458144,s2.897732836241823,s1.223135147742072
141_73,s6.906650628214813,s3.089966571240196,s-19.627512202631056
141_74,s0.455790562232873,s3.548344990764728,s173.749126137854290
141_75,s1.231467336968223,s3.713466695162828,s182.938724680810225
141_76,s1.510098897868804,s3.530852644094701,s182.377214261622015
141_77,s2.485046733345280,s3.503522721003682,s169.074720018652215
141_78,s3.154692922572019,s3.491418086193244,s170.641868547916999
141_79,s3.977643607893659,s4.066045232862267,s186.689308539123971
141_80,s4.546996316773659,s3.665019209321531,s183.932702919472774
141_81,s5.104075718608851,s3.889301215819419,s185.053461372014539
141_82,s6.318692406263038,s3.736616950773600,s172.087762477841835
141_83,s6.318899136231306,s3.884547755106310,s177.907648045455858
141_84,s0.332110764566701,s4.097062942962488,s9.041555544348537
141_85,s0.632324649056860,s4.016379349507986,s-0.596215154412746
141_86,s2.094307148650894,s3.741098236178578,s9.348829237636494
141_87,s2.005691076040699,s3.854341569309293,s-0.703561489534355
141_88,s3.074007514938005,s3.991060801284812,s2.869880361936498
141_89,s3.320123273419711,s4.171508737830833,s9.350777097383798
141_90,s4.226115065347860,s4.038354773838890,s1.319177266691320
141_91,s4.967087650090872,s4.106391297287360,s-9.662313712636843
141_92,s5.701715302888788,s3.798830833767148,s-3.923649230254460
141_93,s6.407600224010334,s3.885633960458009,s7.099392505113465
141_94,s6.966153805488134,s4.003338583916721,s-3.503725219951003
141_95,s0.297825320687370,s4.472002488200032,s189.334148226712443
141_96,s0.709179864633809,s4.847572646503543,s177.082828909140204
141_97,s1.986691093778405,s4.755379544465832,s189.450848191331175
141_98,s2.691707769775129,s4.787540682174487,s176.121788914517509
141_99,s2.865098043560922,s4.996876834574827,s163.789763336392440
141_100,s4.118336994519843,s5.028455691884568,s182.207439550249887
141_101,s4.580562876528406,s5.122313730024638,s182.986254964648907
141_102,s5.624554493621923,s4.831864535361753,s170.871500681113503
141_103,s5.875571368982669,s4.663978621484590,s170.860577004190105
141_104,s6.393812817983670,s4.933637451933146,s179.274246291802001
141_105,s0.335249738463233,s5.047650751289411,s3.003754592254462
141_106,s0.218288386679309,s5.236872352141199,s6.791261012475323
141_107,s1.620495070565693,s5.209934798951787,s10.926112310498349
141_108,s1.808070625794538,s5.182820218975889,s-5.148517744965750
141_109,s2.675635124998069,s4.999819896441063,s-0.130528689222505
141_110,s3.683119288249468,s5.064133831640143,s-5.052064900022300
141_111,s4.024779022103250,s5.017049846976123,s-3.945142651342052
141_112,s5.236786811531129,s5.050423728463576,s0.642976944032329
141_113,s5.344198982200617,s5.337557398363264,s2.003684396533868
141_114,s6.499888507892899,s4.892205982912027,s1.568980392344443
141_115,s7.076826605342889,s4.783825931950664,s-21.286006730479318
141_116,s0.344472597586859,s5.833367396325028,s174.385378602263302
141_117,s1.248925213123995,s5.958190488463679,s173.868360539640491
141_118,s1.741777590314937,s5.916686303716907,s174.982117717997994
141_119,s2.284252500141617,s5.880524598462983,s187.679364503150765
141_120,s3.314301201474327,s5.625869234884251,s182.735995093500662
141_121,s3.974582465839239,s5.818135612406459,s192.282099473210081
141_122,s4.590902905692782,s5.440397088795733,s186.106949682745324
141_123,s5.490486243124148,s5.928003694649560,s177.282326135969043
141_124,s5.949780005362975,s5.633684071573121,s176.365683856128442
141_125,s6.489190927933243,s5.859541134126692,s178.031323732515574
141_126,s0.370223162513867,s6.242766815294484,s4.178705206522301
141_127,s0.521460039479476,s6.171135292713532,s-1.043538847100399
141_128,s1.425558245250655,s5.466809368162787,s1.230540164208422
141_129,s2.246525597534845,s5.938040978394897,s1.206564484482762
141_130,s2.684031082373027,s5.623553956532353,s4.106684848626098
141_131,s3.713041207843280,s6.179762935985202,s-0.667926223149572
141_132,s4.297221285227010,s6.085398620650643,s2.754763171140962
141_133,s5.297372690214451,s5.844388287331213,s-12.272965411521129
141_134,s5.684661064854818,s6.378592866877540,s4.835185835125295
141_135,s5.960948024468300,s5.915044140222248,s6.954743078689744
141_136,s6.891208828062076,s6.042429278705021,s-3.317440678591373
141_137,s0.394323904577003,s6.730582006457429,s189.649005546474655
141_138,s1.282953859908763,s6.572531728377047,s174.574527172434671
141_139,s1.757980534362487,s6.936236183745591,s180.768722118261849
141_140,s2.485771919118622,s6.917132171069202,s176.353648297547153
142_0,s0.000000000000000,s0.000000000000000,s0.000000000000000
142_1,s0.700000000000000,s0.000000000000000,s0.000000000000000
142_2,s1.400000000000000,s0.000000000000000,s0.000000000000000
142_3,s2.100000000000000,s0.000000000000000,s0.000000000000000
142_4,s2.800000000000000,s0.000000000000000,s0.000000000000000
142_5,s3.500000000000000,s0.000000000000000,s0.000000000000000
142_6,s4.200000000000000,s0.000000000000000,s0.000000000000000
142_7,s4.900000000000000,s0.000000000000000,s0.000000000000000
142_8,s5.600000000000000,s0.000000000000000,s0.000000000000000
142_9,s6.300000000000000,s0.000000000000000,s0.000000000000000
142_10,s7.000000000000000,s0.000000000000000,s0.000000000000000
142_11,s0.350000000000000,s0.800000000000000,s180.000000000000000
142_12,s1.050000000000000,s0.800000000000000,s180.000000000000000
142_13,s1.750000000000000,s0.800000000000000,s180.000000000000000
142_14,s2.450000000000000,s0.800000000000000,s180.000000000000000
142_15,s3.150000000000000,s0.800000000000000,s180.000000000000000
142_16,s3.850000000000000,s0.800000000000000,s180.000000000000000
142_17,s4.550000000000000,s0.800000000000000,s180.000000000000000
142_18,s5.250000000000000,s0.800000000000000,s180.000000000000000
142_19,s5.950000000000000,s0.800000000000000,s180.000000000000000
142_20,s6.650000000000000,s0.800000000000000,s180.000000000000000
142_21,s0.000000000000000,s1.000000000000000,s0.000000000000000
142_22,s0.700000000000000,s1.000000000000000,s0.000000000000000
142_23,s1.400000000000000,s1.000000000000000,s0.000000000000000
142_24,s2.100000000000000,s1.000000000000000,s0.000000000000000
142_25,s2.800000000000000,s1.000000000000000,s0.000000000000000
142_26,s3.500000000000000,s1.000000000000000,s0.000000000000000
142_27,s4.200000000000000,s1.000000000000000,s0.000000000000000
142_28,s4.900000000000000,s1.000000000000000,s0.000000000000000
142_29,s5.600000000000000,s1.000000000000000,s0.000000000000000
142_30,s6.300000000000000,s1.000000000000000,s0.000000000000000
142_31,s7.000000000000000,s1.000000000000000,s0.000000000000000
142_32,s0.350000000000000,s1.800000000000000,s180.000000000000000
142_33,s1.050000000000000,s1.800000000000000,s180.000000000000000
142_34,s1.750000000000000,s1.800000000000000,s180.000000000000000
142_35,s2.450000000000000,s1.800000000000000,s180.000000000000000
142_36,s3.150000000000000,s1.800000000000000,s180.000000000000000
142_37,s3.850000000000000,s1.800000000000000,s180.000000000000000
142_38,s4.550000000000000,s1.800000000000000,s180.000000000000000
142_39,s5.250000000000000,s1.800000000000000,s180.000000000000000
142_40,s5.950000000000000,s1.800000000000000,s180.000000000000000
142_41,s6.650000000000000,s1.800000000000000,s180.000000000000000
142_42,s0.000000000000000,s2.000000000000000,s0.000000000000000
142_43,s0.700000000000000,s2.000000000000000,s0.000000000000000
142_44,s1.400000000000000,s2.000000000000000,s0.000000000000000
142_45,s2.100000000000000,s2.000000000000000,s0.000000000000000
142_46,s2.800000000000000,s2.000000000000000,s0.000000000000000
142_47,s3.500000000000000,s2.000000000000000,s0.000000000000000
142_48,s4.200000000000000,s2.000000000000000,s0.000000000000000
142_49,s4.900000000000000,s2.000000000000000,s0.000000000000000
142_50,s5.600000000000000,s2.000000000000000,s0.000000000000000
142_51,s6.300000000000000,s2.000000000000000,s0.000000000000000
142_52,s7.000000000000000,s2.000000000000000,s0.000000000000000
142_53,s0.350000000000000,s2.800000000000000,s180.000000000000000
142_54,s1.050000000000000,s2.800000000000000,s180.000000000000000
142_55,s1.750000000000000,s2.800000000000000,s180.000000000000000
142_56,s2.450000000000000,s2.800000000000000,s180.000000000000000
142_57,s3.150000000000000,s2.800000000000000,s180.000000000000000
142_58,s3.850000000000000,s2.800000000000000,s180.000000000000000
142_59,s4.550000000000000,s2.800000000000000,s180.000000000000000
142_60,s5.250000000000000,s2.800000000000000,s180.000000000000000
142_61,s5.950000000000000,s2.800000000000000,s180.000000000000000
142_62,s6.650000000000000,s2.800000000000000,s180.000000000000000
142_63,s0.000000000000000,s3.000000000000000,s0.000000000000000
142_64,s0.700000000000000,s3.000000000000000,s0.000000000000000
142_65,s1.400000000000000,s3.000000000000000,s0.000000000000000
142_66,s2.100000000000000,s3.000000000000000,s0.000000000000000
142_67,s2.800000000000000,s3.000000000000000,s0.000000000000000
142_68,s3.500000000000000,s3.000000000000000,s0.000000000000000
142_69,s4.200000000000000,s3.000000000000000,s0.000000000000000
142_70,s4.900000000000000,s3.000000000000000,s0.000000000000000
142_71,s5.600000000000000,s3.000000000000000,s0.000000000000000
142_72,s6.300000000000000,s3.000000000000000,s0.000000000000000
142_73,s7.000000000000000,s3.000000000000000,s0.000000000000000
142_74,s0.350000000000000,s3.800000000000000,s180.000000000000000
142_75,s1.050000000000000,s3.800000000000000,s180.000000000000000
142_76,s1.750000000000000,s3.800000000000000,s180.000000000000000
142_77,s2.450000000000000,s3.800000000000000,s180.000000000000000
142_78,s3.150000000000000,s3.800000000000000,s180.000000000000000
142_79,s3.850000000000000,s3.800000000000000,s180.000000000000000
142_80,s4.550000000000000,s3.800000000000000,s180.000000000000000
142_81,s5.250000000000000,s3.800000000000000,s180.000000000000000
142_82,s5.950000000000000,s3.800000000000000,s180.000000000000000
142_83,s6.650000000000000,s3.800000000000000,s180.000000000000000
142_84,s0.000000000000000,s4.000000000000000,s0.000000000000000
142_85,s0.700000000000000,s4.000000000000000,s0.000000000000000
142_86,s1.400000000000000,s4.000000000000000,s0.000000000000000
142_87,s2.100000000000000,s4.000000000000000,s0.000000000000000
142_88,s2.800000000000000,s4.000000000000000,s0.000000000000000
142_89,s3.500000000000000,s4.000000000000000,s0.000000000000000
142_90,s4.200000000000000,s4.000000000000000,s0.000000000000000
142_91,s4.900000000000000,s4.000000000000000,s0.000000000000000
142_92,s5.600000000000000,s4.000000000000000,s0.000000000000000
142_93,s6.300000000000000,s4.000000000000000,s0.000000000000000
142_94,s7.000000000000000,s4.000000000000000,s0.000000000000000
142_95,s0.350000000000000,s4.800000000000000,s180.000000000000000
142_96,s1.050000000000000,s4.800000000000000,s180.000000000000000
142_97,s1.750000000000000,s4.800000000000000,s180.000000000000000
142_98,s2.450000000000000,s4.800000000000000,s180.000000000000000
142_99,s3.150000000000000,s4.800000000000000,s180.000000000000000
142_100,s3.850000000000000,s4.800000000000000,s180.000000000000000
142_101,s4.550000000000000,s4.800000000000000,s180.000000000000000
142_102,s5.250000000000000,s4.800000000000000,s180.000000000000000
142_103,s5.950000000000000,s4.800000000000000,s180.000000000000000
142_104,s6.650000000000000,s4.800000000000000,s180.000000000000000
142_105,s0.000000000000000,s5.000000000000000,s0.000000000000000
142_106,s0.700000000000000,s5.000000000000000,s0.000000000000000
142_107,s1.400000000000000,s5.000000000000000,s0.000000000000000
142_108,s2.100000000000000,s5.000000000000000,s0.000000000000000
142_109,s2.800000000000000,s5.000000000000000,s0.000000000000000
142_110,s3.500000000000000,s5.000000000000000,s0.000000000000000
142_111,s4.200000000000000,s5.000000000000000,s0.000000000000000
142_112,s4.900000000000000,s5.000000000000000,s0.000000000000000
142_113,s5.600000000000000,s5.000000000000000,s0.000000000000000
142_114,s6.300000000000000,s5.000000000000000,s0.000000000000000
142_115,s7.000000000000000,s5.000000000000000,s0.000000000000000
142_116,s0.350000000000000,s5.800000000000000,s180.000000000000000
142_117,s1.050000000000000,s5.800000000000000,s180.000000000000000
142_118,s1.750000000000000,s5.800000000000000,s180.000000000000000
142_119,s2.450000000000000,s5.800000000000000,s180.000000000000000
142_120,s3.150000000000000,s5.800000000000000,s180.000000000000000
142_121,s3.850000000000000,s5.800000000000000,s180.000000000000000
142_122,s4.550000000000000,s5.800000000000000,s180.000000000000000
142_123,s5.250000000000000,s5.800000000000000,s180.000000000000000
142_124,s5.950000000000000,s5.800000000000000,s180.000000000000000
142_125,s6.650000000000000,s5.800000000000000,s180.000000000000000
142_126,s0.000000000000000,s6.000000000000000,s0.000000000000000
142_127,s0.700000000000000,s6.000000000000000,s0.000000000000000
142_128,s1.400000000000000,s6.000000000000000,s0.000000000000000
142_129,s2.100000000000000,s6.000000000000000,s0.000000000000000
142_130,s2.800000000000000,s6.000000000000000,s0.000000000000000
142_131,s3.500000000000000,s6.000000000000000,s0.000000000000000
142_132,s4.200000000000000,s6.000000000000000,s0.000000000000000
142_133,s4.900000000000000,s6.000000000000000,s0.000000000000000
142_134,s5.600000000000000,s6.000000000000000,s0.000000000000000
142_135,s6.300000000000000,s6.000000000000000,s0.000000000000000
142_136,s7.000000000000000,s6.000000000000000,s0.000000000000000
142_137,s0.350000000000000,s6.800000000000000,s180.000000000000000
142_138,s1.050000000000000,s6.800000000000000,s180.000000000000000
142_139,s1.750000000000000,s6.800000000000000,s180.000000000000000
142_140,s2.450000000000000,s6.800000000000000,s180.000000000000000
142_141,s3.150000000000000,s6.800000000000000,s180.000000000000000
143_0,s0.089767703535442,s-0.132262668152295,s-0.055111850685605
143_1,s0.575980906041504,s0.153419167836327,s-0.190076054616531
143_2,s1.255139142635024,s-0.069013311394391,s-2.046133886272705
143_3,s1.836543037941645,s0.314706052233270,s2.020506582251357
143_4,s2.838877792794683,s0.168399876685580,s-4.345996584370024
143_5,s3.281136502814574,s0.506683002067030,s3.506880203350208
143_6,s4.632852148011825,s0.314944375553922,s-9.318670081681514
143_7,s5.413912629669886,s0.250636227460777,s-3.506622567053693
143_8,s5.101144981941113,s-0.137069200701964,s-7.205783246354169
143_9,s6.435276343286221,s0.053490353133649,s-5.472882741017055
143_10,s6.584512551393821,s-0.172168882604472,s1.391336002714600
143_11,s0.247480522668778,s1.127830700108242,s183.105793725680030
143_12,s0.549712054330092,s0.659463896315721,s182.098702080936448
143_13,s1.511218018235365,s0.627510887213180,s177.212495429320569
143_14,s2.445407062235543,s0.894876696770993,s189.024443091545606
143_15,s3.013317388550588,s0.749397688045564,s169.776283597236159
143_16,s3.861998195796899,s0.422451252028254,s173.528770082859921
143_17,s4.304896232914235,s0.982598100751181,s192.845128833567657
143_18,s5.250577131849372,s0.400968578808807,s184.455010724777679
143_19,s5.727122270340409,s1.232499759522240,s183.127856751657447
143_20,s6.957054903901347,s0.458349342006251,s175.394013545816819
143_21,s0.148082843961265,s0.974927097659610,s27.854000907169532
143_22,s0.616147411155244,s1.067398436714791,s5.095152113528835
143_23,s1.370181230434217,s1.221418889860132,s3.214919087765804
143_24,s1.891359534916984,s1.125783748894004,s5.230372027967974
143_25,s2.511494384711170,s1.524335030526280,s-5.093984020817739
143_26,s2.871456556295449,s1.202402494927562,s-9.001986167671863
143_27,s3.833095416671675,s0.613226161345921,s10.866429843064559
143_28,s5.068504336883220,s0.886411645671472,s4.486302068925338
143_29,s5.913848245306776,s0.922455300289883,s-7.321740924631349
143_30,s6.431580517979575,s0.892023671100020,s13.541792252346761
143_31,s6.973998759616398,s1.166405636442015,s-18.129802544833574
143_32,s0.487427840545895,s1.922553564214976,s176.403868871030198
143_33,s0.880027814733372,s1.966264262548749,s187.618856055656096
143_34,s1.639280552156771,s1.694184395158361,s177.097629597342632
143_35,s2.240992887751646,s1.643681029939192,s178.108147236586916
143_36,s3.445631993521140,s1.658822542029164,s172.999710964317359
143_37,s3.654052454006713,s1.869143087674694,s175.474191097702942
143_38,s4.959410518325880,s1.471755468298138,s179.146180991541200
143_39,s5.526988885850152,s1.788496023263460,s171.555773320291223
143_40,s6.006250889508223,s1.776648769532218,s190.503798262588674
143_41,s6.420120216885358,s2.148204397774887,s200.372847049880022
143_42,s0.186713776215454,s1.881734065936464,s31.444518481832670
143_43,s0.863198668903008,s1.323635249242237,s-3.731357102307445
143_44,s1.464883230253367,s2.440031928688274,s1.973499567991031
143_45,s1.880614250555175,s2.160289126814291,s-21.077775763371424
143_46,s2.951492618675291,s2.610756740011884,s-3.938496099671840
143_47,s3.791096329006862,s2.120298663280947,s-3.655047358239096
143_48,s4.541063405079340,s2.157430003581780,s6.922504934581589
143_49,s5.136008617742719,s2.247339191261300,s6.974767919834567
143_50,s6.062095416559078,s1.899195808684861,s-11.019186757458044
143_51,s5.829231230207194,s1.904461404200885,s21.532677302645475
143_52,s6.786605834068493,s1.991562342430386,s8.824524930932061
143_53,s0.808018781583729,s2.331661614047152,s187.697801971274146
143_54,s0.900801718598880,s2.572616684228051,s184.555323922267860
143_55,s1.588606069500395,s2.945899764320218,s168.148024700538173
143_56,s2.266254349028382,s2.623396254688666,s193.848843371695949
143_57,s3.195150363351500,s3.002641484655021,s174.931338365956861
143_58,s3.976162317991520,s2.749212199798237,s188.687852753660280
143_59,s4.844321546922446,s2.927120589005606,s188.318979595993966
143_60,s5.565313303680020,s2.556545214202044,s174.283156813736895
143_61,s5.796724238011130,s2.850901548220971,s185.704681966297613
143_62,s6.975133057648299,s3.182202627243673,s179.884170322355885
143_63,s0.192202101739732,s2.961146164492193,s-4.143911441679245
143_64,s0.711876391064113,s3.041256163684341,s10.668155745951378
143_65,s1.091262213838054,s2.542898358929119,s14.540197295389170
143_66,s1.809976152758627,s3.215641731809252,s-9.844738515468833
143_67,s2.932350716005391,s3.201890670090080,s3.201100480287332
143_68,s3.548846059326483,s3.140567178448537,s-15.033721722579600
143_69,s4.313700965230109,s2.861405979686344,s0.774780288267322
143_70,s4.647332705727374,s3.209148967782195,s14.278451347060036
143_71,s5.693460812852045,s3.152749182904509,s-4.155900625952619
143_72,s6.170871987425812,s2.792490927286894,s-18.844288912962799
143_73,s6.813706824275136,s3.165149326893733,s30.884517287423922
143_74,s0.577089533903110,s3.712156610504822,s184.861360846422798
143_75,s1.582887502641200,s4.278057023400424,s188.062503680380701
143_76,s1.844626276292225,s4.117850355747976,s177.633724678593239
143_77,s2.463739920726135,s3.553857838981648,s187.815602971420361
143_78,s3.040552563497064,s3.415979706885293,s185.050105494991499
143_79,s4.146258246053849,s3.768392832248781,s179.014191325948133
143_80,s4.781191300996222,s4.010837447867856,s182.807250463335293
143_81,s5.450346381419084,s3.723592062636990,s174.853990779769845
143_82,s5.757961956877736,s3.899675427055358,s160.457092389572466
143_83,s6.636135003513918,s3.270988504462213,s183.914558430394095
143_84,s0.204338533898457,s3.724149926485750,s0.229645240227663
143_85,s0.471551655389249,s4.566997812841317,s-7.826370286948221
143_86,s1.594589309910300,s3.472413979517624,s-4.218313116776256
143_87,s2.208509682740034,s3.700695103243700,s3.344320050226497
143_88,s2.520874645976385,s3.867112566096364,s10.450229229882884
143_89,s3.509558846229018,s4.143976026310606,s2.224208893547212
143_90,s4.240640363980355,s3.967660730867081,s-9.646647122756720
143_91,s5.380114573528880,s4.004834606453543,s-4.599163260714918
143_92,s5.651985162372762,s3.740414005463686,s4.058831694386681
143_93,s6.159924627457016,s3.789756244040043,s3.447855545920814
143_94,s6.832174749008999,s4.202043528935899,s-37.852497953895202
143_95,s0.418850961815445,s4.556169445669649,s178.014948175451536
143_96,s1.283827352044749,s4.607665093299657,s188.282684972689793
143_97,s1.822119921600778,s4.891582504361411,s187.289094412385225
143_98,s2.367742997578560,s4.909466607792957,s178.408056890260781
143_99,s3.343496139143529,s4.528015048429213,s192.059867104391941
143_100,s4.284060365672056,s4.478155547853293,s178.162223370065220
143_101,s4.451423668584424,s5.000290070000245,s182.234586810566327
143_102,s4.666378989680672,s4.791792443551897,s179.969876689997108
143_103,s5.664251326168642,s5.081798769771727,s175.792569776093472
143_104,s6.589364809698360,s5.285060644375940,s161.050631204091843
143_105,s0.129495862502272,s4.648168015373791,s5.407864110932544
143_106,s0.601296660313572,s5.040522054041292,s-0.018244608484166
143_107,s1.463354397014125,s5.485354451522272,s-5.560313947081821
143_108,s2.452520192151118,s4.692390059073381,s-6.530767898517617
143_109,s2.742087572057561,s4.259008222722692,s10.778676334407647
143_110,s3.588293601543001,s5.289216350292048,s-1.951530141750537
143_111,s4.128146723282057,s4.972148352769089,s1.603158376389858
143_112,s5.097571884735657,s4.800877574969310,s0.380638668376452
143_113,s5.862092906736784,s4.721867328351399,s3.187374184625652
143_114,s6.429736414327025,s5.443154824232097,s0.559900227305040
143_115,s6.845403739481573,s5.110248803292682,s17.683697252337780
143_116,s0.251528396337153,s5.230747718521007,s179.150952181101616
143_117,s0.878182258222748,s5.798025732932809,s186.669193956125298
143_118,s1.718456957462411,s5.624538091968883,s172.289580242374512
143_119,s2.382643552494635,s6.130808976399070,s167.246974045273276
143_120,s3.332569422318280,s5.973877227438157,s170.772662453321658
143_121,s3.830296147899521,s5.731124054494080,s159.895754378618960
143_122,s4.657675103161663,s5.886180073765225,s173.551279204127866
143_123,s5.330110070393173,s5.954263153362209,s183.569920679722884
143_124,s5.951568781853087,s5.809888210917319,s184.128591837132831
143_125,s6.980194082885597,s5.418077794940708,s181.053256957771197
143_126,s0.513152142672699,s5.897609762037860,s-10.308818618146782
143_127,s0.257022810071681,s5.725281816169446,s-2.146287677299042
143_128,s1.207805673075330,s6.169448479823421,s-4.637259272604048
143_129,s1.895965854524746,s6.061161926083846,s-2.221972456658690
143_130,s2.739103522622429,s5.746307999840518,s-8.198065440964307
143_131,s3.910786174381589,s5.865610131273693,s-8.339482606642550
143_132,s4.037348098277175,s5.617104288985091,s-4.831187728609780
143_133,s4.989097128905769,s6.097438508056438,s10.154253179603133
143_134,s5.802162795553910,s5.891184244568951,s6.063450074832265
143_135,s6.279012257001639,s5.708041674039928,s11.621292074851437
143_136,s6.775568960961205,s6.285528110569991,s9.660059127592710
143_137,s0.270019738978678,s6.399368583760709,s165.327902735155959
143_138,s0.613015601324305,s6.807107840421993,s181.188314059905139
143_139,s2.015281498081412,s6.987003268759343,s172.460304379659874
143_140,s1.978995294686187,s6.519300980096227,s168.493903949135785
143_141,s3.143778665071392,s6.521373724061892,s171.599597040822175
143_142,s3.752983048414798,s6.819306950445842,s186.467666377055622
144_0,s0.000000000000000,s0.000000000000000,s0.000000000000000
144_1,s0.700000000000000,s0.000000000000000,s0.000000000000000
144_2,s1.400000000000000,s0.000000000000000,s0.000000000000000
144_3,s2.100000000000000,s0.000000000000000,s0.000000000000000
144_4,s2.800000000000000,s0.000000000000000,s0.000000000000000
144_5,s3.500000000000000,s0.000000000000000,s0.000000000000000
144_6,s4.200000000000000,s0.000000000000000,s0.000000000000000
144_7,s4.900000000000000,s0.000000000000000,s0.000000000000000
144_8,s5.600000000000000,s0.000000000000000,s0.000000000000000
144_9,s6.300000000000000,s0.000000000000000,s0.000000000000000
144_10,s7.000000000000000,s0.000000000000000,s0.000000000000000
144_11,s0.350000000000000,s0.800000000000000,s180.000000000000000
144_12,s1.050000000000000,s0.800000000000000,s180.000000000000000
144_13,s1.750000000000000,s0.800000000000000,s180.000000000000000
144_14,s2.450000000000000,s0.800000000000000,s180.000000000000000
144_15,s3.150000000000000,s0.800000000000000,s180.000000000000000
144_16,s3.850000000000000,s0.800000000000000,s180.000000000000000
144_17,s4.550000000000000,s0.800000000000000,s180.000000000000000
144_18,s5.250000000000000,s0.800000000000000,s180.000000000000000
144_19,s5.950000000000000,s0.800000000000000,s180.000000000000000
144_20,s6.650000000000000,s0.800000000000000,s180.000000000000000
144_21,s0.000000000000000,s1.000000000000000,s0.000000000000000
144_22,s0.700000000000000,s1.000000000000000,s0.000000000000000
144_23,s1.400000000000000,s1.000000000000000,s0.000000000000000
144_24,s2.100000000000000,s1.000000000000000,s0.000000000000000
144_25,s2.800000000000000,s1.000000000000000,s0.000000000000000
144_26,s3.500000000000000,s1.000000000000000,s0.000000000000000
144_27,s4.200000000000000,s1.000000000000000,s0.000000000000000
144_28,s4.900000000000000,s1.000000000000000,s0.000000000000000
144_29,s5.600000000000000,s1.000000000000000,s0.000000000000000
144_30,s6.300000000000000,s1.000000000000000,s0.000000000000000
144_31,s7.000000000000000,s1.000000000000000,s0.000000000000000
144_32,s0.350000000000000,s1.800000000000000,s180.000000000000000
144_33,s1.050000000000000,s1.800000000000000,s180.000000000000000
144_34,s1.750000000000000,s1.800000000000000,s180.000000000000000
144_35,s2.450000000000000,s1.800000000000000,s180.000000000000000
144_36,s3.150000000000000,s1.800000000000000,s180.000000000000000
144_37,s3.850000000000000,s1.800000000000000,s180.000000000000000
144_38,s4.550000000000000,s1.800000000000000,s180.000000000000000
144_39,s5.250000000000000,s1.800000000000000,s180.000000000000000
144_40,s5.950000000000000,s1.800000000000000,s180.000000000000000
144_41,s6.650000000000000,s1.800000000000000,s180.000000000000000
144_42,s0.000000000000000,s2.000000000000000,s0.000000000000000
144_43,s0.700000000000000,s2.000000000000000,s0.000000000000000
144_44,s1.400000000000000,s2.000000000000000,s0.000000000000000
144_45,s2.100000000000000,s2.000000000000000,s0.000000000000000
144_46,s2.800000000000000,s2.000000000000000,s0.000000000000000
144_47,s3.500000000000000,s2.000000000000000,s0.000000000000000
144_48,s4.200000000000000,s2.000000000000000,s0.000000000000000
144_49,s4.900000000000000,s2.000000000000000,s0.000000000000000
144_50,s5.600000000000000,s2.000000000000000,s0.000000000000000
144_51,s6.300000000000000,s2.000000000000000,s0.000000000000000
144_52,s7.000000000000000,s2.000000000000000,s0.000000000000000
144_53,s0.350000000000000,s2.800000000000000,s180.000000000000000
144_54,s1.050000000000000,s2.800000000000000,s180.000000000000000
144_55,s1.750000000000000,s2.800000000000000,s180.000000000000000
144_56,s2.450000000000000,s2.800000000000000,s180.000000000000000
144_57,s3.150000000000000,s2.800000000000000,s180.000000000000000
144_58,s3.850000000000000,s2.800000000000000,s180.000000000000000
144_59,s4.550000000000000,s2.800000000000000,s180.000000000000000
144_60,s5.250000000000000,s2.800000000000000,s180.000000000000000
144_61,s5.950000000000000,s2.800000000000000,s180.000000000000000
144_62,s6.650000000000000,s2.800000000000000,s180.000000000000000
144_63,s0.000000000000000,s3.000000000000000,s0.000000000000000
144_64,s0.700000000000000,s3.000000000000000,s0.000000000000000
144_65,s1.400000000000000,s3.000000000000000,s0.000000000000000
144_66,s2.100000000000000,s3.000000000000000,s0.000000000000000
144_67,s2.800000000000000,s3.000000000000000,s0.000000000000000
144_68,s3.500000000000000,s3.000000000000000,s0.000000000000000
144_69,s4.200000000000000,s3.000000000000000,s0.000000000000000
144_70,s4.900000000000000,s3.000000000000000,s0.000000000000000
144_71,s5.600000000000000,s3.000000000000000,s0.000000000000000
144_72,s6.300000000000000,s3.000000000000000,s0.000000000000000
144_73,s7.000000000000000,s3.000000000000000,s0.000000000000000
144_74,s0.350000000000000,s3.800000000000000,s180.000000000000000
144_75,s1.050000000000000,s3.800000000000000,s180.000000000000000
144_76,s1.750000000000000,s3.800000000000000,s180.000000000000000
144_77,s2.450000000000000,s3.800000000000000,s180.000000000000000
144_78,s3.150000000000000,s3.800000000000000,s180.000000000000000
144_79,s3.850000000000000,s3.800000000000000,s180.000000000000000
144_80,s4.550000000000000,s3.800000000000000,s180.000000000000000
144_81,s5.250000000000000,s3.800000000000000,s180.000000000000000
144_82,s5.950000000000000,s3.800000000000000,s180.000000000000000
144_83,s6.650000000000000,s3.800000000000000,s180.000000000000000
144_84,s0.000000000000000,s4.000000000000000,s0.000000000000000
144_85,s0.700000000000000,s4.000000000000000,s0.000000000000000
144_86,s1.400000000000000,s4.000000000000000,s0.000000000000000
144_87,s2.100000000000000,s4.000000000000000,s0.000000000000000
144_88,s2.800000000000000,s4.000000000000000,s0.000000000000000
144_89,s3.500000000000000,s4.000000000000000,s0.000000000000000
144_90,s4.200000000000000,s4.000000000000000,s0.000000000000000
144_91,s4.900000000000000,s4.000000000000000,s0.000000000000000
144_92,s5.600000000000000,s4.000000000000000,s0.000000000000000
144_93,s6.300000000000000,s4.000000000000000,s0.000000000000000
144_94,s7.000000000000000,s4.000000000000000,s0.000000000000000
144_95,s0.350000000000000,s4.800000000000000,s180.000000000000000
144_96,s1.050000000000000,s4.800000000000000,s180.000000000000000
144_97,s1.750000000000000,s4.800000000000000,s180.000000000000000
144_98,s2.450000000000000,s4.800000000000000,s180.000000000000000
144_99,s3.150000000000000,s4.800000000000000,s180.000000000000000
144_100,s3.850000000000000,s4.800000000000000,s180.000000000000000
144_101,s4.550000000000000,s4.800000000000000,s180.000000000000000
144_102,s5.250000000000000,s4.800000000000000,s180.000000000000000
144_103,s5.950000000000000,s4.800000000000000,s180.000000000000000
144_104,s6.650000000000000,s4.800000000000000,s180.000000000000000
144_105,s0.000000000000000,s5.000000000000000,s0.000000000000000
144_106,s0.700000000000000,s5.000000000000000,s0.000000000000000
144_107,s1.400000000000000,s5.000000000000000,s0.000000000000000
144_108,s2.100000000000000,s5.000000000000000,s0.000000000000000
144_109,s2.800000000000000,s5.000000000000000,s0.000000000000000
144_110,s3.500000000000000,s5.000000000000000,s0.000000000000000
144_111,s4.200000000000000,s5.000000000000000,s0.000000000000000
144_112,s4.900000000000000,s5.000000000000000,s0.000000000000000
144_113,s5.600000000000000,s5.000000000000000,s0.000000000000000
144_114,s6.300000000000000,s5.000000000000000,s0.000000000000000
144_115,s7.000000000000000,s5.000000000000000,s0.000000000000000
144_116,s0.350000000000000,s5.800000000000000,s180.000000000000000
144_117,s1.050000000000000,s5.800000000000000,s180.000000000000000
144_118,s1.750000000000000,s5.800000000000000,s180.000000000000000
144_119,s2.450000000000000,s5.800000000000000,s180.000000000000000
144_120,s3.150000000000000,s5.800000000000000,s180.000000000000000
144_121,s3.850000000000000,s5.800000000000000,s180.000000000000000
144_122,s4.550000000000000,s5.800000000000000,s180.000000000000000
144_123,s5.250000000000000,s5.800000000000000,s180.000000000000000
144_124,s5.950000000000000,s5.800000000000000,s180.000000000000000
144_125,s6.650000000000000,s5.800000000000000,s180.000000000000000
144_126,s0.000000000000000,s6.000000000000000,s0.000000000000000
144_127,s0.700000000000000,s6.000000000000000,s0.000000000000000
144_128,s1.400000000000000,s6.000000000000000,s0.000000000000000
144_129,s2.100000000000000,s6.000000000000000,s0.000000000000000
144_130,s2.800000000000000,s6.000000000000000,s0.000000000000000
144_131,s3.500000000000000,s6.000000000000000,s0.000000000000000
144_132,s4.200000000000000,s6.000000000000000,s0.000000000000000
144_133,s4.900000000000000,s6.000000000000000,s0.000000000000000
144_134,s5.600000000000000,s6.000000000000000,s0.000000000000000
144_135,s6.300000000000000,s6.000000000000000,s0.000000000000000
144_136,s7.000000000000000,s6.000000000000000,s0.000000000000000
144_137,s0.350000000000000,s6.800000000000000,s180.000000000000000
144_138,s1.050000000000000,s6.800000000000000,s180.000000000000000
144_139,s1.750000000000000,s6.800000000000000,s180.000000000000000
144_140,s2.450000000000000,s6.800000000000000,s180.000000000000000
144_141,s3.150000000000000,s6.800000000000000,s180.000000000000000
144_142,s3.850000000000000,s6.800000000000000,s180.000000000000000
144_143,s4.550000000000000,s6.800000000000000,s180.000000000000000
145_0,s0.027484157672987,s0.095329625407013,s3.874778014060459
145_1,s0.617896724643972,s-0.206667656601623,s-4.757672943262950
145_2,s1.511697970858382,s0.102455699051083,s3.172222659044204
145_3,s2.072609765754601,s-0.104218823924295,s3.675749365213263
145_4,s2.870447375172374,s-0.187158961849145,s2.654341619325518
145_5,s3.762201801623350,s-0.054464049471419,s4.228518702500980
145_6,s4.183649733602682,s-0.196937838530031,s2.094726892937983
145_7,s4.898684089298642,s0.023619069496544,s6.674083634234822
145_8,s5.786077522594108,s-0.055746519152224,s1.027116881373903
145_9,s6.401969307692013,s-0.252659415087743,s-0.697354949770116
145_10,s6.901849594438122,s-0.077914019959332,s-4.505836364369537
145_11,s0.264966552613663,s0.785691915958951,s182.701886322565628
145_12,s1.200601881941124,s0.874138752949187,s184.000122044516189
145_13,s1.836925093212061,s0.704198922948874,s181.355829664265428
145_14,s2.304366781343519,s0.601101410896104,s179.451734953116329
145_15,s3.247628569828875,s0.927329936166213,s179.866999441245326
145_16,s3.860554553453523,s0.598851541730510,s177.629924153837720
145_17,s4.519485560303913,s0.940166791229078,s174.341154478651163
145_18,s5.368422994351455,s0.836012938139541,s175.432291983172377
145_19,s5.779374873951845,s0.783323361699687,s182.723740974488919
145_20,s6.494032331417093,s0.731430470080963,s179.506602262256280
145_21,s0.127596485017613,s0.877170893110143,s5.205958824658918
145_22,s0.726707079926246,s1.100683344502674,s-3.311060213363040
145_23,s1.319482446408726,s0.962399170569230,s-3.945065104938050
145_24,s2.069115359214300,s0.873463686291173,s4.105945580182851
145_25,s2.639009789224080,s1.136714578585978,s-1.834354390908659
145_26,s3.347095091993675,s0.907815969829354,s2.320638639400878
145_27,s3.974746211759578,s0.819260092732417,s-3.275325254015991
145_28,s4.724220442284166,s0.913604848129593,s-2.522580482430677
145_29,s5.718310425354259,s0.962823345233756,s-4.669470781301684
145_30,s6.327579639094115,s0.995184815019143,s1.605501513773659
145_31,s6.865433758743321,s0.931778599410999,s-2.269441901151652
145_32,s0.230196489107579,s1.945994034948462,s178.941355841638369
145_33,s1.152861676763440,s1.868726766780950,s183.762010167956788
145_34,s1.885720277046119,s2.013915898144752,s178.229029263184373
145_35,s2.392696460843022,s1.618292378889279,s188.004396323649615
145_36,s3.113376838008464,s1.861091440524738,s175.600903575459142
145_37,s3.889753048583259,s1.675043783328702,s181.571026501221070
145_38,s4.649543923576764,s1.645139347612146,s175.109481306548645
145_39,s5.088872323347435,s1.593568520058657,s171.775384276781381
145_40,s6.128395219698036,s1.955707759962184,s173.948758590955379
145_41,s6.760458547943748,s1.858400482910909,s179.179340363811548
145_42,s0.219999377349986,s1.866109172530698,s2.031883477862990
145_43,s0.630516196409214,s2.090126374318446,s3.481833029592842
145_44,s1.238961619026365,s1.955639023585084,s-3.387451216255740
145_45,s1.941337166157821,s1.862919946275025,s-0.178606294008023
145_46,s2.949006183401337,s1.913848724304520,s-0.833833387033921
145_47,s3.346912829136254,s2.210103145789906,s-4.847971405118627
145_48,s4.266860361448142,s1.957872157439638,s-6.845594507222025
145_49,s4.741746910113559,s1.850978240228792,s-3.796564331637807
145_50,s5.655375125090843,s1.993300846377595,s3.140147247319748
145_51,s6.501988852480440,s2.015801765052141,s3.322344293240371
145_52,s6.902496345539363,s2.228248127374303,s-3.814794604120199
145_53,s0.210127317111065,s2.883585376316772,s174.630681928939140
145_54,s0.852632788593638,s2.625519615678099,s177.177424158281013
145_55,s1.752756254560271,s2.981953253351200,s174.225514033918813
145_56,s2.424947300042836,s2.911737467268211,s181.729623335673011
145_57,s3.198848293835159,s2.797191950369120,s175.506328685645911
145_58,s3.828873563610705,s2.712512876519009,s183.279330872713103
145_59,s4.431887384051651,s2.767021640515375,s185.393419954499933
145_60,s5.258885415009874,s2.909672833910255,s187.387080879421404
145_61,s5.946360966636814,s2.636854952442223,s181.697715982014387
145_62,s6.679917289963373,s2.713199917365370,s182.506860823698446
145_63,s0.204296125771850,s2.846186691690274,s-5.095142166572662
145_64,s0.663587240947326,s3.068584790751377,s-3.907038489151429
145_65,s1.511667129041280,s2.939634917099511,s6.701929187774876
145_66,s2.058388005311476,s2.918176446981133,s5.682566724236586
145_67,s2.662001273259099,s2.923609684016776,s-1.595078731551856
145_68,s3.366837073024053,s2.829813154619401,s2.203028854134117
145_69,s3.930141328457103,s3.088941059006387,s7.875979467623420
145_70,s4.794710379199797,s2.945492317906280,s-6.828261940863822
145_71,s5.495498628844175,s2.806055009168196,s4.625672542743581
145_72,s6.417243846456349,s2.844538075750195,s7.762083055495706
145_73,s6.901197882038954,s2.732111881622155,s-2.563272682260255
145_74,s0.265311976384419,s3.642191790001138,s183.834277806654427
145_75,s1.284186518623805,s3.686400541136503,s178.373932305463086
145_76,s1.665691647512234,s3.629047407851614,s177.838117795807619
145_77,s2.337046438983525,s3.983819645963264,s186.177274657502920
145_78,s3.029145652863421,s3.881628279517085,s180.559234773329393
145_79,s3.689696369597717,s3.625169282208526,s176.128500224463039
145_80,s4.651547079920177,s3.948598687145319,s187.156469660977251
145_81,s5.318826904872926,s3.648799157737016,s175.310449859065244
145_82,s6.015983237176507,s4.063860809614949,s184.522790211411063
145_83,s6.443986632432718,s4.019569848439907,s176.900236361488709
145_84,s0.026995213750428,s3.844104316408838,s6.223302252462002
145_85,s0.529560295694608,s4.291796190750882,s5.194382028379788
145_86,s1.251330260526067,s4.118730864988271,s4.611638327221027
145_87,s1.878193018753628,s3.918906213210529,s2.798520005235893
145_88,s2.888117696874066,s3.818045817074087,s2.607136602918159
145_89,s3.666737618404036,s4.143144968315319,s1.874247845011953
145_90,s4.200120008221900,s3.991965995032083,s3.512902655167511
145_91,s4.911007913009234,s4.084192968286230,s-5.293724055446318
145_92,s5.716899135985940,s3.950245944304490,s-0.689949529920203
145_93,s6.239298034040900,s3.911750793001834,s6.123655832144869
145_94,s6.831144628882756,s3.816256805750652,s-0.456548131496136
145_95,s0.197710281532331,s4.905683054223551,s180.375796856065733
145_96,s1.080575255928865,s4.902050196447107,s177.635888755042316
145_97,s1.786461999050391,s5.026902377377098,s179.590640051305286
145_98,s2.411681232019817,s4.811922645202230,s182.090203362850872
145_99,s3.131603171814127,s4.808334531837462,s185.810568996894006
145_100,s3.643915875271299,s4.763042517293956,s184.229179911832659
145_101,s4.547572004381990,s4.963616892532393,s180.939765839174953
145_102,s5.052939443120365,s4.864258384634431,s184.220266942369278
145_103,s6.017824441691988,s4.566380704468861,s180.856392305721727
145_104,s6.568012690020879,s4.818635122971205,s187.141371398178848
145_105,s0.089681264986299,s4.933066156529711,s3.732045879189120
145_106,s0.472892195623558,s4.911766302792447,s-1.995681734365917
145_107,s1.236047153278424,s4.829435160533524,s3.829095578282921
145_108,s2.059128349650529,s4.850152700577286,s-1.518783064979126
145_109,s2.598806838948692,s5.005174578680989,s4.804623528553796
145_110,s3.537026980779883,s4.950295536800658,s-5.689127877593348
145_111,s4.312075215238932,s5.039094743962825,s1.384419111925981
145_112,s5.002124923089490,s4.928850548365597,s7.013119284188791
145_113,s5.544747266717570,s5.152153401788425,s1.292795137573216
145_114,s6.415839207711488,s4.916755366119746,s2.519611357989115
145_115,s6.844308097672224,s5.171794495209087,s7.705202977959250
145_116,s0.451046243593133,s5.884155461107465,s182.889963133747784
145_117,s1.080347989982501,s5.768534225467550,s178.572066139765496
145_118,s1.868276300930962,s5.690553457276190,s175.321072976405020
145_119,s2.236395849688253,s5.867163396127994,s183.911091811854590
145_120,s2.915502889672303,s5.601415364931593,s183.960649643363951
145_121,s3.639444992557503,s5.931487281397267,s181.651157058086739
145_122,s4.474825044665530,s5.871882360305792,s179.226906143440146
145_123,s5.398435488143164,s5.879504835138320,s178.647681495057270
145_124,s6.143927589068054,s5.902526982770271,s180.691402477452556
145_125,s6.777964463013929,s5.654206376247429,s178.322796398582568
145_126,s0.165433149450142,s5.825398262556736,s-4.698460093250237
145_127,s0.833981748868158,s5.989945511189711,s-4.369758978906527
145_128,s1.358168954332008,s6.121886200090314,s-2.822210817532742
145_129,s2.046619365445586,s5.824586400591842,s-5.599576401521958
145_130,s2.917075406959294,s5.919757250174169,s2.190138724408965
145_131,s3.424747349887136,s6.090682138796490,s-1.372804219135076
145_132,s4.078344537655946,s6.035476743642564,s-2.437758948015975
145_133,s4.986566876754192,s6.247469792715061,s5.645068916748848
145_134,s5.690166338753292,s6.001218124818815,s1.744876777701361
145_135,s6.530866482346029,s5.841890595134128,s-1.163745201239533
145_136,s6.895930157621661,s6.209737597661393,s4.020237206920568
145_137,s0.603205483188089,s6.652273461379172,s184.738825839500464
145_138,s1.097142301757956,s6.697507441506786,s178.908911194270189
145_139,s1.680809498022940,s6.628279701660120,s181.142209167492751
145_140,s2.354984246477283,s6.905970512608870,s187.535232691337256
145_141,s3.408404241933148,s6.717449995386702,s177.814460840194414
145_142,s3.808333962071014,s6.787481234701677,s179.514443369910452
145_143,s4.783386960940328,s6.749762009658643,s184.750348528074881
145_144,s5.026736158136429,s6.771825921697834,s172.195686583582074
146_0,s0.000000000000000,s0.000000000000000,s0.000000000000000
146_1,s0.700000000000000,s0.000000000000000,s0.000000000000000
146_2,s1.400000000000000,s0.000000000000000,s0.000000000000000
146_3,s2.100000000000000,s0.000000000000000,s0.000000000000000
146_4,s2.800000000000000,s0.000000000000000,s0.000000000000000
146_5,s3.500000000000000,s0.000000000000000,s0.000000000000000
146_6,s4.200000000000000,s0.000000000000000,s0.000000000000000
146_7,s4.900000000000000,s0.000000000000000,s0.000000000000000
146_8,s5.600000000000000,s0.000000000000000,s0.000000000000000
146_9,s6.300000000000000,s0.000000000000000,s0.000000000000000
146_10,s7.000000000000000,s0.000000000000000,s0.000000000000000
146_11,s0.350000000000000,s0.800000000000000,s180.000000000000000
146_12,s1.050000000000000,s0.800000000000000,s180.000000000000000
146_13,s1.750000000000000,s0.800000000000000,s180.000000000000000
146_14,s2.450000000000000,s0.800000000000000,s180.000000000000000
146_15,s3.150000000000000,s0.800000000000000,s180.000000000000000
146_16,s3.850000000000000,s0.800000000000000,s180.000000000000000
146_17,s4.550000000000000,s0.800000000000000,s180.000000000000000
146_18,s5.250000000000000,s0.800000000000000,s180.000000000000000
146_19,s5.950000000000000,s0.800000000000000,s180.000000000000000
146_20,s6.650000000000000,s0.800000000000000,s180.000000000000000
146_21,s0.000000000000000,s1.000000000000000,s0.000000000000000
146_22,s0.700000000000000,s1.000000000000000,s0.000000000000000
146_23,s1.400000000000000,s1.000000000000000,s0.000000000000000
146_24,s2.100000000000000,s1.000000000000000,s0.000000000000000
146_25,s2.800000000000000,s1.000000000000000,s0.000000000000000
146_26,s3.500000000000000,s1.000000000000000,s0.000000000000000
146_27,s4.200000000000000,s1.000000000000000,s0.000000000000000
146_28,s4.900000000000000,s1.000000000000000,s0.000000000000000
146_29,s5.600000000000000,s1.000000000000000,s0.000000000000000
146_30,s6.300000000000000,s1.000000000000000,s0.000000000000000
146_31,s7.000000000000000,s1.000000000000000,s0.000000000000000
146_32,s0.350000000000000,s1.800000000000000,s180.000000000000000
146_33,s1.050000000000000,s1.800000000000000,s180.000000000000000
146_34,s1.750000000000000,s1.800000000000000,s180.000000000000000
146_35,s2.450000000000000,s1.800000000000000,s180.000000000000000
146_36,s3.150000000000000,s1.800000000000000,s180.000000000000000
146_37,s3.850000000000000,s1.800000000000000,s180.000000000000000
146_38,s4.550000000000000,s1.800000000000000,s180.000000000000000
146_39,s5.250000000000000,s1.800000000000000,s180.000000000000000
146_40,s5.950000000000000,s1.800000000000000,s180.000000000000000
146_41,s6.650000000000000,s1.800000000000000,s180.000000000000000
146_42,s0.000000000000000,s2.000000000000000,s0.000000000000000
146_43,s0.700000000000000,s2.000000000000000,s0.000000000000000
146_44,s1.400000000000000,s2.000000000000000,s0.000000000000000
146_45,s2.100000000000000,s2.000000000000000,s0.000000000000000
146_46,s2.800000000000000,s2.000000000000000,s0.000000000000000
146_47,s3.500000000000000,s2.000000000000000,s0.000000000000000
146_48,s4.200000000000000,s2.000000000000000,s0.000000000000000
146_49,s4.900000000000000,s2.000000000000000,s0.000000000000000
146_50,s5.600000000000000,s2.000000000000000,s0.000000000000000
146_51,s6.300000000000000,s2.000000000000000,s0.000000000000000
146_52,s7.000000000000000,s2.000000000000000,s0.000000000000000
146_53,s0.350000000000000,s2.800000000000000,s180.000000000000000
146_54,s1.050000000000000,s2.800000000000000,s180.000000000000000
146_55,s1.750000000000000,s2.800000000000000,s180.000000000000000
146_56,s2.450000000000000,s2.800000000000000,s180.000000000000000
146_57,s3.150000000000000,s2.800000000000000,s180.000000000000000
146_58,s3.850000000000000,s2.800000000000000,s180.000000000000000
146_59,s4.550000000000000,s2.800000000000000,s180.000000000000000
146_60,s5.250000000000000,s2.800000000000000,s180.000000000000000
146_61,s5.950000000000000,s2.800000000000000,s180.000000000000000
146_62,s6.650000000000000,s2.800000000000000,s180.000000000000000
146_63,s0.000000000000000,s3.000000000000000,s0.000000000000000
146_64,s0.700000000000000,s3.000000000000000,s0.000000000000000
146_65,s1.400000000000000,s3.000000000000000,s0.000000000000000
146_66,s2.100000000000000,s3.000000000000000,s0.000000000000000
146_67,s2.800000000000000,s3.000000000000000,s0.000000000000000
146_68,s3.500000000000000,s3.000000000000000,s0.000000000000000
146_69,s4.200000000000000,s3.000000000000000,s0.000000000000000
146_70,s4.900000000000000,s3.000000000000000,s0.000000000000000
146_71,s5.600000000000000,s3.000000000000000,s0.000000000000000
146_72,s6.300000000000000,s3.000000000000000,s0.000000000000000
146_73,s7.000000000000000,s3.000000000000000,s0.000000000000000
146_74,s0.350000000000000,s3.800000000000000,s180.000000000000000
146_75,s1.050000000000000,s3.800000000000000,s180.000000000000000
146_76,s1.750000000000000,s3.800000000000000,s180.000000000000000
146_77,s2.450000000000000,s3.800000000000000,s180.000000000000000
146_78,s3.150000000000000,s3.800000000000000,s180.000000000000000
146_79,s3.850000000000000,s3.800000000000000,s180.000000000000000
146_80,s4.550000000000000,s3.800000000000000,s180.000000000000000
146_81,s5.250000000000000,s3.800000000000000,s180.000000000000000
146_82,s5.950000000000000,s3.800000000000000,s180.000000000000000
146_83,s6.650000000000000,s3.800000000000000,s180.000000000000000
146_84,s0.000000000000000,s4.000000000000000,s0.000000000000000
146_85,s0.700000000000000,s4.000000000000000,s0.000000000000000
146_86,s1.400000000000000,s4.000000000000000,s0.000000000000000
146_87,s2.100000000000000,s4.000000000000000,s0.000000000000000
146_88,s2.800000000000000,s4.000000000000000,s0.000000000000000
146_89,s3.500000000000000,s4.000000000000000,s0.000000000000000
146_90,s4.200000000000000,s4.000000000000000,s0.000000000000000
146_91,s4.900000000000000,s4.000000000000000,s0.000000000000000
146_92,s5.600000000000000,s4.000000000000000,s0.000000000000000
146_93,s6.300000000000000,s4.000000000000000,s0.000000000000000
146_94,s7.000000000000000,s4.000000000000000,s0.000000000000000
146_95,s0.350000000000000,s4.800000000000000,s180.000000000000000
146_96,s1.050000000000000,s4.800000000000000,s180.000000000000000
146_97,s1.750000000000000,s4.800000000000000,s180.000000000000000
146_98,s2.450000000000000,s4.800000000000000,s180.000000000000000
146_99,s3.150000000000000,s4.800000000000000,s180.000000000000000
146_100,s3.850000000000000,s4.800000000000000,s180.000000000000000
146_101,s4.550000000000000,s4.800000000000000,s180.000000000000000
146_102,s5.250000000000000,s4.800000000000000,s180.000000000000000
146_103,s5.950000000000000,s4.800000000000000,s180.000000000000000
146_104,s6.650000000000000,s4.800000000000000,s180.000000000000000
146_105,s0.000000000000000,s5.000000000000000,s0.000000000000000
146_106,s0.700000000000000,s5.000000000000000,s0.000000000000000
146_107,s1.400000000000000,s5.000000000000000,s0.000000000000000
146_108,s2.100000000000000,s5.000000000000000,s0.000000000000000
146_109,s2.800000000000000,s5.000000000000000,s0.000000000000000
146_110,s3.500000000000000,s5.000000000000000,s0.000000000000000
146_111,s4.200000000000000,s5.000000000000000,s0.000000000000000
146_112,s4.900000000000000,s5.000000000000000,s0.000000000000000
146_113,s5.600000000000000,s5.000000000000000,s0.000000000000000
146_114,s6.300000000000000,s5.000000000000000,s0.000000000000000
146_115,s7.000000000000000,s5.000000000000000,s0.000000000000000
146_116,s0.350000000000000,s5.800000000000000,s180.000000000000000
146_117,s1.050000000000000,s5.800000000000000,s180.000000000000000
146_118,s1.750000000000000,s5.800000000000000,s180.000000000000000
146_119,s2.450000000000000,s5.800000000000000,s180.000000000000000
146_120,s3.150000000000000,s5.800000000000000,s180.000000000000000
146_121,s3.850000000000000,s5.800000000000000,s180.000000000000000
146_122,s4.550000000000000,s5.800000000000000,s180.000000000000000
146_123,s5.250000000000000,s5.800000000000000,s180.000000000000000
146_124,s5.950000000000000,s5.800000000000000,s180.000000000000000
146_125,s6.650000000000000,s5.800000000000000,s180.000000000000000
146_126,s0.000000000000000,s6.000000000000000,s0.000000000000000
146_127,s0.700000000000000,s6.000000000000000,s0.000000000000000
146_128,s1.400000000000000,s6.000000000000000,s0.000000000000000
146_129,s2.100000000000000,s6.000000000000000,s0.000000000000000
146_130,s2.800000000000000,s6.000000000000000,s0.000000000000000
146_131,s3.500000000000000,s6.000000000000000,s0.000000000000000
146_132,s4.200000000000000,s6.000000000000000,s0.000000000000000
146_133,s4.900000000000000,s6.000000000000000,s0.000000000000000
146_134,s5.600000000000000,s6.000000000000000,s0.000000000000000
146_135,s6.300000000000000,s6.000000000000000,s0.000000000000000
146_136,s7.000000000000000,s6.000000000000000,s0.000000000000000
146_137,s0.350000000000000,s6.800000000000000,s180.000000000000000
146_138,s1.050000000000000,s6.800000000000000,s180.000000000000000
146_139,s1.750000000000000,s6.800000000000000,s180.000000000000000
146_140,s2.450000000000000,s6.800000000000000,s180.000000000000000
146_141,s3.150000000000000,s6.800000000000000,s180.000000000000000
146_142,s3.850000000000000,s6.800000000000000,s180.000000000000000
146_143,s4.550000000000000,s6.800000000000000,s180.000000000000000
146_144,s5.250000000000000,s6.800000000000000,s180.000000000000000
146_145,s5.950000000000000,s6.800000000000000,s180.000000000000000
147_0,s0.000000000000000,s0.000000000000000,s0.000000000000000
147_1,s0.700000000000000,s0.000000000000000,s0.000000000000000
147_2,s1.400000000000000,s0.000000000000000,s0.000000000000000
147_3,s2.100000000000000,s0.000000000000000,s0.000000000000000
147_4,s2.800000000000000,s0.000000000000000,s0.000000000000000
147_5,s3.500000000000000,s0.000000000000000,s0.000000000000000
147_6,s4.200000000000000,s0.000000000000000,s0.000000000000000
147_7,s4.900000000000000,s0.000000000000000,s0.000000000000000
147_8,s5.600000000000000,s0.000000000000000,s0.000000000000000
147_9,s6.300000000000000,s0.000000000000000,s0.000000000000000
147_10,s7.000000000000000,s0.000000000000000,s0.000000000000000
147_11,s0.350000000000000,s0.800000000000000,s180.000000000000000
147_12,s1.050000000000000,s0.800000000000000,s180.000000000000000
147_13,s1.750000000000000,s0.800000000000000,s180.000000000000000
147_14,s2.450000000000000,s0.800000000000000,s180.000000000000000
147_15,s3.150000000000000,s0.800000000000000,s180.000000000000000
147_16,s3.850000000000000,s0.800000000000000,s180.000000000000000
147_17,s4.550000000000000,s0.800000000000000,s180.000000000000000
147_18,s5.250000000000000,s0.800000000000000,s180.000000000000000
147_19,s5.950000000000000,s0.800000000000000,s180.000000000000000
147_20,s6.650000000000000,s0.800000000000000,s180.000000000000000
147_21,s0.000000000000000,s1.000000000000000,s0.000000000000000
147_22,s0.700000000000000,s1.000000000000000,s0.000000000000000
147_23,s1.400000000000000,s1.000000000000000,s0.000000000000000
147_24,s2.100000000000000,s1.000000000000000,s0.000000000000000
147_25,s2.800000000000000,s1.000000000000000,s0.000000000000000
147_26,s3.500000000000000,s1.000000000000000,s0.000000000000000
147_27,s4.200000000000000,s1.000000000000000,s0.000000000000000
147_28,s4.900000000000000,s1.000000000000000,s0.000000000000000
147_29,s5.600000000000000,s1.000000000000000,s0.000000000000000
147_30,s6.300000000000000,s1.000000000000000,s0.000000000000000
147_31,s7.000000000000000,s1.000000000000000,s0.000000000000000
147_32,s0.350000000000000,s1.800000000000000,s180.000000000000000
147_33,s1.050000000000000,s1.800000000000000,s180.000000000000000
147_34,s1.750000000000000,s1.800000000000000,s180.000000000000000
147_35,s2.450000000000000,s1.800000000000000,s180.000000000000000
147_36,s3.150000000000000,s1.800000000000000,s180.000000000000000
147_37,s3.850000000000000,s1.800000000000000,s180.000000000000000
147_38,s4.550000000000000,s1.800000000000000,s180.000000000000000
147_39,s5.250000000000000,s1.800000000000000,s180.000000000000000
147_40,s5.950000000000000,s1.800000000000000,s180.000000000000000
147_41,s6.650000000000000,s1.800000000000000,s180.000000000000000
147_42,s0.000000000000000,s2.000000000000000,s0.000000000000000
147_43,s0.700000000000000,s2.000000000000000,s0.000000000000000
147_44,s1.400000000000000,s2.000000000000000,s0.000000000000000
147_45,s2.100000000000000,s2.000000000000000,s0.000000000000000
147_46,s2.800000000000000,s2.000000000000000,s0.000000000000000
147_47,s3.500000000000000,s2.000000000000000,s0.000000000000000
147_48,s4.200000000000000,s2.000000000000000,s0.000000000000000
147_49,s4.900000000000000,s2.000000000000000,s0.000000000000000
147_50,s5.600000000000000,s2.000000000000000,s0.000000000000000
147_51,s6.300000000000000,s2.000000000000000,s0.000000000000000
147_52,s7.000000000000000,s2.000000000000000,s0.000000000000000
147_53,s0.350000000000000,s2.800000000000000,s180.000000000000000
147_54,s1.050000000000000,s2.800000000000000,s180.000000000000000
147_55,s1.750000000000000,s2.800000000000000,s180.000000000000000
147_56,s2.450000000000000,s2.800000000000000,s180.000000000000000
147_57,s3.150000000000000,s2.800000000000000,s180.000000000000000
147_58,s3.850000000000000,s2.800000000000000,s180.000000000000000
147_59,s4.550000000000000,s2.800000000000000,s180.000000000000000
147_60,s5.250000000000000,s2.800000000000000,s180.000000000000000
147_61,s5.950000000000000,s2.800000000000000,s180.000000000000000
147_62,s6.650000000000000,s2.800000000000000,s180.000000000000000
147_63,s0.000000000000000,s3.000000000000000,s0.000000000000000
147_64,s0.700000000000000,s3.000000000000000,s0.000000000000000
147_65,s1.400000000000000,s3.000000000000000,s0.000000000000000
147_66,s2.100000000000000,s3.000000000000000,s0.000000000000000
147_67,s2.800000000000000,s3.000000000000000,s0.000000000000000
147_68,s3.500000000000000,s3.000000000000000,s0.000000000000000
147_69,s4.200000000000000,s3.000000000000000,s0.000000000000000
147_70,s4.900000000000000,s3.000000000000000,s0.000000000000000
147_71,s5.600000000000000,s3.000000000000000,s0.000000000000000
147_72,s6.300000000000000,s3.000000000000000,s0.000000000000000
147_73,s7.000000000000000,s3.000000000000000,s0.000000000000000
147_74,s0.350000000000000,s3.800000000000000,s180.000000000000000
147_75,s1.050000000000000,s3.800000000000000,s180.000000000000000
147_76,s1.750000000000000,s3.800000000000000,s180.000000000000000
147_77,s2.450000000000000,s3.800000000000000,s180.000000000000000
147_78,s3.150000000000000,s3.800000000000000,s180.000000000000000
147_79,s3.850000000000000,s3.800000000000000,s180.000000000000000
147_80,s4.550000000000000,s3.800000000000000,s180.000000000000000
147_81,s5.250000000000000,s3.800000000000000,s180.000000000000000
147_82,s5.950000000000000,s3.800000000000000,s180.000000000000000
147_83,s6.650000000000000,s3.800000000000000,s180.000000000000000
147_84,s0.000000000000000,s4.000000000000000,s0.000000000000000
147_85,s0.700000000000000,s4.000000000000000,s0.000000000000000
147_86,s1.400000000000000,s4.000000000000000,s0.000000000000000
147_87,s2.100000000000000,s4.000000000000000,s0.000000000000000
147_88,s2.800000000000000,s4.000000000000000,s0.000000000000000
147_89,s3.500000000000000,s4.000000000000000,s0.000000000000000
147_90,s4.200000000000000,s4.000000000000000,s0.000000000000000
147_91,s4.900000000000000,s4.000000000000000,s0.000000000000000
147_92,s5.600000000000000,s4.000000000000000,s0.000000000000000
147_93,s6.300000000000000,s4.000000000000000,s0.000000000000000
147_94,s7.000000000000000,s4.000000000000000,s0.000000000000000
147_95,s0.350000000000000,s4.800000000000000,s180.000000000000000
147_96,s1.050000000000000,s4.800000000000000,s180.000000000000000
147_97,s1.750000000000000,s4.800000000000000,s180.000000000000000
147_98,s2.450000000000000,s4.800000000000000,s180.000000000000000
147_99,s3.150000000000000,s4.800000000000000,s180.000000000000000
147_100,s3.850000000000000,s4.800000000000000,s180.000000000000000
147_101,s4.550000000000000,s4.800000000000000,s180.000000000000000
147_102,s5.250000000000000,s4.800000000000000,s180.000000000000000
147_103,s5.950000000000000,s4.800000000000000,s180.000000000000000
147_104,s6.650000000000000,s4.800000000000000,s180.000000000000000
147_105,s0.000000000000000,s5.000000000000000,s0.000000000000000
147_106,s0.700000000000000,s5.000000000000000,s0.000000000000000
147_107,s1.400000000000000,s5.000000000000000,s0.000000000000000
147_108,s2.100000000000000,s5.000000000000000,s0.000000000000000
147_109,s2.800000000000000,s5.000000000000000,s0.000000000000000
147_110,s3.500000000000000,s5.000000000000000,s0.000000000000000
147_111,s4.200000000000000,s5.000000000000000,s0.000000000000000
147_112,s4.900000000000000,s5.000000000000000,s0.000000000000000
147_113,s5.600000000000000,s5.000000000000000,s0.000000000000000
147_114,s6.300000000000000,s5.000000000000000,s0.000000000000000
147_115,s7.000000000000000,s5.000000000000000,s0.000000000000000
147_116,s0.350000000000000,s5.800000000000000,s180.000000000000000
147_117,s1.050000000000000,s5.800000000000000,s180.000000000000000
147_118,s1.750000000000000,s5.800000000000000,s180.000000000000000
147_119,s2.450000000000000,s5.800000000000000,s180.000000000000000
147_120,s3.150000000000000,s5.800000000000000,s180.000000000000000
147_121,s3.850000000000000,s5.800000000000000,s180.000000000000000
147_122,s4.550000000000000,s5.800000000000000,s180.000000000000000
147_123,s5.250000000000000,s5.800000000000000,s180.000000000000000
147_124,s5.950000000000000,s5.800000000000000,s180.000000000000000
147_125,s6.650000000000000,s5.800000000000000,s180.000000000000000
147_126,s0.000000000000000,s6.000000000000000,s0.000000000000000
147_127,s0.700000000000000,s6.000000000000000,s0.000000000000000
147_128,s1.400000000000000,s6.000000000000000,s0.000000000000000
147_129,s2.100000000000000,s6.000000000000000,s0.000000000000000
147_130,s2.800000000000000,s6.000000000000000,s0.000000000000000
147_131,s3.500000000000000,s6.000000000000000,s0.000000000000000
147_132,s4.200000000000000,s6.000000000000000,s0.000000000000000
147_133,s4.900000000000000,s6.000000000000000,s0.000000000000000
147_134,s5.600000000000000,s6.000000000000000,s0.000000000000000
147_135,s6.300000000000000,s6.000000000000000,s0.000000000000000
147_136,s7.000000000000000,s6.000000000000000,s0.000000000000000
147_137,s0.350000000000000,s6.800000000000000,s180.000000000000000
147_138,s1.050000000000000,s6.800000000000000,s180.000000000000000
147_139,s1.750000000000000,s6.800000000000000,s180.000000000000000
147_140,s2.450000000000000,s6.800000000000000,s180.000000000000000
147_141,s3.150000000000000,s6.800000000000000,s180.000000000000000
147_142,s3.850000000000000,s6.800000000000000,s180.000000000000000
147_143,s4.550000000000000,s6.800000000000000,s180.000000000000000
147_144,s5.250000000000000,s6.800000000000000,s180.000000000000000
147_145,s5.950000000000000,s6.800000000000000,s180.000000000000000
147_146,s6.650000000000000,s6.800000000000000,s180.000000000000000
148_0,s0.000000000000000,s0.000000000000000,s0.000000000000000
148_1,s0.700000000000000,s0.000000000000000,s0.000000000000000
148_2,s1.400000000000000,s0.000000000000000,s0.000000000000000
148_3,s2.100000000000000,s0.000000000000000,s0.000000000000000
148_4,s2.800000000000000,s0.000000000000000,s0.000000000000000
148_5,s3.500000000000000,s0.000000000000000,s0.000000000000000
148_6,s4.200000000000000,s0.000000000000000,s0.000000000000000
148_7,s4.900000000000000,s0.000000000000000,s0.000000000000000
148_8,s5.600000000000000,s0.000000000000000,s0.000000000000000
148_9,s6.300000000000000,s0.000000000000000,s0.000000000000000
148_10,s0.350000000000000,s0.800000000000000,s180.000000000000000
148_11,s1.050000000000000,s0.800000000000000,s180.000000000000000
148_12,s1.750000000000000,s0.800000000000000,s180.000000000000000
148_13,s2.450000000000000,s0.800000000000000,s180.000000000000000
148_14,s3.150000000000000,s0.800000000000000,s180.000000000000000
148_15,s3.850000000000000,s0.800000000000000,s180.000000000000000
148_16,s4.550000000000000,s0.800000000000000,s180.000000000000000
148_17,s5.250000000000000,s0.800000000000000,s180.000000000000000
148_18,s5.950000000000000,s0.800000000000000,s180.000000000000000
148_19,s6.650000000000000,s0.800000000000000,s180.000000000000000
148_20,s0.000000000000000,s1.000000000000000,s0.000000000000000
148_21,s0.700000000000000,s1.000000000000000,s0.000000000000000
148_22,s1.400000000000000,s1.000000000000000,s0.000000000000000
148_23,s2.100000000000000,s1.000000000000000,s0.000000000000000
148_24,s2.800000000000000,s1.000000000000000,s0.000000000000000
148_25,s3.500000000000000,s1.000000000000000,s0.000000000000000
148_26,s4.200000000000000,s1.000000000000000,s0.000000000000000
148_27,s4.900000000000000,s1.000000000000000,s0.000000000000000
148_28,s5.600000000000000,s1.000000000000000,s0.000000000000000
148_29,s6.300000000000000,s1.000000000000000,s0.000000000000000
148_30,s0.350000000000000,s1.800000000000000,s180.000000000000000
148_31,s1.050000000000000,s1.800000000000000,s180.000000000000000
148_32,s1.750000000000000,s1.800000000000000,s180.000000000000000
148_33,s2.450000000000000,s1.800000000000000,s180.000000000000000
148_34,s3.150000000000000,s1.800000000000000,s180.000000000000000
148_35,s3.850000000000000,s1.800000000000000,s180.000000000000000
148_36,s4.550000000000000,s1.800000000000000,s180.000000000000000
148_37,s5.250000000000000,s1.800000000000000,s180.000000000000000
148_38,s5.950000000000000,s1.800000000000000,s180.000000000000000
148_39,s6.650000000000000,s1.800000000000000,s180.000000000000000
148_40,s0.000000000000000,s2.000000000000000,s0.000000000000000
148_41,s0.700000000000000,s2.000000000000000,s0.000000000000000
148_42,s1.400000000000000,s2.000000000000000,s0.000000000000000
148_43,s2.100000000000000,s2.000000000000000,s0.000000000000000
148_44,s2.800000000000000,s2.000000000000000,s0.000000000000000
148_45,s3.500000000000000,s2.000000000000000,s0.000000000000000
148_46,s4.200000000000000,s2.000000000000000,s0.000000000000000
148_47,s4.900000000000000,s2.000000000000000,s0.000000000000000
148_48,s5.600000000000000,s2.000000000000000,s0.000000000000000
148_49,s6.300000000000000,s2.000000000000000,s0.000000000000000
148_50,s0.350000000000000,s2.800000000000000,s180.000000000000000
148_51,s1.050000000000000,s2.800000000000000,s180.000000000000000
148_52,s1.750000000000000,s2.800000000000000,s180.000000000000000
148_53,s2.450000000000000,s2.800000000000000,s180.000000000000000
148_54,s3.150000000000000,s2.800000000000000,s180.000000000000000
148_55,s3.850000000000000,s2.800000000000000,s180.000000000000000
148_56,s4.550000000000000,s2.800000000000000,s180.000000000000000
148_57,s5.250000000000000,s2.800000000000000,s180.000000000000000
148_58,s5.950000000000000,s2.800000000000000,s180.000000000000000
148_59,s6.650000000000000,s2.800000000000000,s180.000000000000000
148_60,s0.000000000000000,s3.000000000000000,s0.000000000000000
148_61,s0.700000000000000,s3.000000000000000,s0.000000000000000
148_62,s1.400000000000000,s3.000000000000000,s0.000000000000000
148_63,s2.100000000000000,s3.000000000000000,s0.000000000000000
148_64,s2.800000000000000,s3.000000000000000,s0.000000000000000
148_65,s3.500000000000000,s3.000000000000000,s0.000000000000000
148_66,s4.200000000000000,s3.000000000000000,s0.000000000000000
148_67,s4.900000000000000,s3.000000000000000,s0.000000000000000
148_68,s5.600000000000000,s3.000000000000000,s0.000000000000000
148_69,s6.300000000000000,s3.000000000000000,s0.000000000000000
148_70,s0.350000000000000,s3.800000000000000,s180.000000000000000
148_71,s1.050000000000000,s3.800000000000000,s180.000000000000000
148_72,s1.750000000000000,s3.800000000000000,s180.000000000000000
148_73,s2.450000000000000,s3.800000000000000,s180.000000000000000
148_74,s3.150000000000000,s3.800000000000000,s180.000000000000000
148_75,s3.850000000000000,s3.800000000000000,s180.000000000000000
148_76,s4.550000000000000,s3.800000000000000,s180.000000000000000
148_77,s5.250000000000000,s3.800000000000000,s180.000000000000000
148_78,s5.950000000000000,s3.800000000000000,s180.000000000000000
148_79,s6.650000000000000,s3.800000000000000,s180.000000000000000
148_80,s0.000000000000000,s4.000000000000000,s0.000000000000000
148_81,s0.700000000000000,s4.000000000000000,s0.000000000000000
148_82,s1.400000000000000,s4.000000000000000,s0.000000000000000
148_83,s2.100000000000000,s4.000000000000000,s0.000000000000000
148_84,s2.800000000000000,s4.000000000000000,s0.000000000000000
148_85,s3.500000000000000,s4.000000000000000,s0.000000000000000
148_86,s4.200000000000000,s4.000000000000000,s0.000000000000000
148_87,s4.900000000000000,s4.000000000000000,s0.000000000000000
148_88,s5.600000000000000,s4.000000000000000,s0.000000000000000
148_89,s6.300000000000000,s4.000000000000000,s0.000000000000000
148_90,s0.350000000000000,s4.800000000000000,s180.000000000000000
148_91,s1.050000000000000,s4.800000000000000,s180.000000000000000
148_92,s1.750000000000000,s4.800000000000000,s180.000000000000000
148_93,s2.450000000000000,s4.800000000000000,s180.000000000000000
148_94,s3.150000000000000,s4.800000000000000,s180.000000000000000
148_95,s3.850000000000000,s4.800000000000000,s180.000000000000000
148_96,s4.550000000000000,s4.800000000000000,s180.000000000000000
148_97,s5.250000000000000,s4.800000000000000,s180.000000000000000
148_98,s5.950000000000000,s4.800000000000000,s180.000000000000000
148_99,s6.650000000000000,s4.800000000000000,s180.000000000000000
148_100,s0.000000000000000,s5.000000000000000,s0.000000000000000
148_101,s0.700000000000000,s5.000000000000000,s0.000000000000000
148_102,s1.400000000000000,s5.000000000000000,s0.000000000000000
148_103,s2.100000000000000,s5.000000000000000,s0.000000000000000
148_104,s2.800000000000000,s5.000000000000000,s0.000000000000000
148_105,s3.500000000000000,s5.000000000000000,s0.000000000000000
148_106,s4.200000000000000,s5.000000000000000,s0.000000000000000
148_107,s4.900000000000000,s5.000000000000000,s0.000000000000000
148_108,s5.600000000000000,s5.000000000000000,s0.000000000000000
148_109,s6.300000000000000,s5.000000000000000,s0.000000000000000
148_110,s0.350000000000000,s5.800000000000000,s180.000000000000000
148_111,s1.050000000000000,s5.800000000000000,s180.000000000000000
148_112,s1.750000000000000,s5.800000000000000,s180.000000000000000
148_113,s2.450000000000000,s5.800000000000000,s180.000000000000000
148_114,s3.150000000000000,s5.800000000000000,s180.000000000000000
148_115,s3.850000000000000,s5.800000000000000,s180.000000000000000
148_116,s4.550000000000000,s5.800000000000000,s180.000000000000000
148_117,s5.250000000000000,s5.800000000000000,s180.000000000000000
148_118,s5.950000000000000,s5.800000000000000,s180.000000000000000
148_119,s6.650000000000000,s5.800000000000000,s180.000000000000000
148_120,s0.000000000000000,s6.000000000000000,s0.000000000000000
148_121,s0.700000000000000,s6.000000000000000,s0.000000000000000
148_122,s1.400000000000000,s6.000000000000000,s0.000000000000000
148_123,s2.100000000000000,s6.000000000000000,s0.000000000000000
148_124,s2.800000000000000,s6.000000000000000,s0.000000000000000
148_125,s3.500000000000000,s6.000000000000000,s0.000000000000000
148_126,s4.200000000000000,s6.000000000000000,s0.000000000000000
148_127,s4.900000000000000,s6.000000000000000,s0.000000000000000
148_128,s5.600000000000000,s6.000000000000000,s0.000000000000000
148_129,s6.300000000000000,s6.000000000000000,s0.000000000000000
148_130,s0.350000000000000,s6.800000000000000,s180.000000000000000
148_131,s1.050000000000000,s6.800000000000000,s180.000000000000000
148_132,s1.750000000000000,s6.800000000000000,s180.000000000000000
148_133,s2.450000000000000,s6.800000000000000,s180.000000000000000
148_134,s3.150000000000000,s6.800000000000000,s180.000000000000000
148_135,s3.850000000000000,s6.800000000000000,s180.000000000000000
148_136,s4.550000000000000,s6.800000000000000,s180.000000000000000
148_137,s5.250000000000000,s6.800000000000000,s180.000000000000000
148_138,s5.950000000000000,s6.800000000000000,s180.000000000000000
148_139,s6.650000000000000,s6.800000000000000,s180.000000000000000
148_140,s0.000000000000000,s7.000000000000000,s0.000000000000000
148_141,s0.700000000000000,s7.000000000000000,s0.000000000000000
148_142,s1.400000000000000,s7.000000000000000,s0.000000000000000
148_143,s2.100000000000000,s7.000000000000000,s0.000000000000000
148_144,s2.800000000000000,s7.000000000000000,s0.000000000000000
148_145,s3.500000000000000,s7.000000000000000,s0.000000000000000
148_146,s4.200000000000000,s7.000000000000000,s0.000000000000000
148_147,s4.900000000000000,s7.000000000000000,s0.000000000000000
149_0,s0.000000000000000,s0.000000000000000,s0.000000000000000
149_1,s0.700000000000000,s0.000000000000000,s0.000000000000000
149_2,s1.400000000000000,s0.000000000000000,s0.000000000000000
149_3,s2.100000000000000,s0.000000000000000,s0.000000000000000
149_4,s2.800000000000000,s0.000000000000000,s0.000000000000000
149_5,s3.500000000000000,s0.000000000000000,s0.000000000000000
149_6,s4.200000000000000,s0.000000000000000,s0.000000000000000
149_7,s4.900000000000000,s0.000000000000000,s0.000000000000000
149_8,s5.600000000000000,s0.000000000000000,s0.000000000000000
149_9,s6.300000000000000,s0.000000000000000,s0.000000000000000
149_10,s0.350000000000000,s0.800000000000000,s180.000000000000000
149_11,s1.050000000000000,s0.800000000000000,s180.000000000000000
149_12,s1.750000000000000,s0.800000000000000,s180.000000000000000
149_13,s2.450000000000000,s0.800000000000000,s180.000000000000000
149_14,s3.150000000000000,s0.800000000000000,s180.000000000000000
149_15,s3.850000000000000,s0.800000000000000,s180.000000000000000
149_16,s4.550000000000000,s0.800000000000000,s180.000000000000000
149_17,s5.250000000000000,s0.800000000000000,s180.000000000000000
149_18,s5.950000000000000,s0.800000000000000,s180.000000000000000
149_19,s6.650000000000000,s0.800000000000000,s180.000000000000000
149_20,s0.000000000000000,s1.000000000000000,s0.000000000000000
149_21,s0.700000000000000,s1.000000000000000,s0.000000000000000
149_22,s1.400000000000000,s1.000000000000000,s0.000000000000000
149_23,s2.100000000000000,s1.000000000000000,s0.000000000000000
149_24,s2.800000000000000,s1.000000000000000,s0.000000000000000
149_25,s3.500000000000000,s1.000000000000000,s0.000000000000000
149_26,s4.200000000000000,s1.000000000000000,s0.000000000000000
149_27,s4.900000000000000,s1.000000000000000,s0.000000000000000
149_28,s5.600000000000000,s1.000000000000000,s0.000000000000000
149_29,s6.300000000000000,s1.000000000000000,s0.000000000000000
149_30,s0.350000000000000,s1.800000000000000,s180.000000000000000
149_31,s1.050000000000000,s1.800000000000000,s180.000000000000000
149_32,s1.750000000000000,s1.800000000000000,s180.000000000000000
149_33,s2.450000000000000,s1.800000000000000,s180.000000000000000
149_34,s3.150000000000000,s1.800000000000000,s180.000000000000000
149_35,s3.850000000000000,s1.800000000000000,s180.000000000000000
149_36,s4.550000000000000,s1.800000000000000,s180.000000000000000
149_37,s5.250000000000000,s1.800000000000000,s180.000000000000000
149_38,s5.950000000000000,s1.800000000000000,s180.000000000000000
149_39,s6.650000000000000,s1.800000000000000,s180.000000000000000
149_40,s0.000000000000000,s2.000000000000000,s0.000000000000000
149_41,s0.700000000000000,s2.000000000000000,s0.000000000000000
149_42,s1.400000000000000,s2.000000000000000,s0.000000000000000
149_43,s2.100000000000000,s2.000000000000000,s0.000000000000000
149_44,s2.800000000000000,s2.000000000000000,s0.000000000000000
149_45,s3.500000000000000,s2.000000000000000,s0.000000000000000
149_46,s4.200000000000000,s2.000000000000000,s0.000000000000000
149_47,s4.900000000000000,s2.000000000000000,s0.000000000000000
149_48,s5.600000000000000,s2.000000000000000,s0.000000000000000
149_49,s6.300000000000000,s2.000000000000000,s0.000000000000000
149_50,s0.350000000000000,s2.800000000000000,s180.000000000000000
149_51,s1.050000000000000,s2.800000000000000,s180.000000000000000
149_52,s1.750000000000000,s2.800000000000000,s180.000000000000000
149_53,s2.450000000000000,s2.800000000000000,s180.000000000000000
149_54,s3.150000000000000,s2.800000000000000,s180.000000000000000
149_55,s3.850000000000000,s2.800000000000000,s180.000000000000000
149_56,s4.550000000000000,s2.800000000000000,s180.000000000000000
149_57,s5.250000000000000,s2.800000000000000,s180.000000000000000
149_58,s5.950000000000000,s2.800000000000000,s180.000000000000000
149_59,s6.650000000000000,s2.800000000000000,s180.000000000000000
149_60,s0.000000000000000,s3.000000000000000,s0.000000000000000
149_61,s0.700000000000000,s3.000000000000000,s0.000000000000000
149_62,s1.400000000000000,s3.000000000000000,s0.000000000000000
149_63,s2.100000000000000,s3.000000000000000,s0.000000000000000
149_64,s2.800000000000000,s3.000000000000000,s0.000000000000000
149_65,s3.500000000000000,s3.000000000000000,s0.000000000000000
149_66,s4.200000000000000,s3.000000000000000,s0.000000000000000
149_67,s4.900000000000000,s3.000000000000000,s0.000000000000000
149_68,s5.600000000000000,s3.000000000000000,s0.000000000000000
149_69,s6.300000000000000,s3.000000000000000,s0.000000000000000
149_70,s0.350000000000000,s3.800000000000000,s180.000000000000000
149_71,s1.050000000000000,s3.800000000000000,s180.000000000000000
149_72,s1.750000000000000,s3.800000000000000,s180.000000000000000
149_73,s2.450000000000000,s3.800000000000000,s180.000000000000000
149_74,s3.150000000000000,s3.800000000000000,s180.000000000000000
149_75,s3.850000000000000,s3.800000000000000,s180.000000000000000
149_76,s4.550000000000000,s3.800000000000000,s180.000000000000000
149_77,s5.250000000000000,s3.800000000000000,s180.000000000000000
149_78,s5.950000000000000,s3.800000000000000,s180.000000000000000
149_79,s6.650000000000000,s3.800000000000000,s180.000000000000000
149_80,s0.000000000000000,s4.000000000000000,s0.000000000000000
149_81,s0.700000000000000,s4.000000000000000,s0.000000000000000
149_82,s1.400000000000000,s4.000000000000000,s0.000000000000000
149_83,s2.100000000000000,s4.000000000000000,s0.000000000000000
149_84,s2.800000000000000,s4.000000000000000,s0.000000000000000
149_85,s3.500000000000000,s4.000000000000000,s0.000000000000000
149_86,s4.200000000000000,s4.000000000000000,s0.000000000000000
149_87,s4.900000000000000,s4.000000000000000,s0.000000000000000
149_88,s5.600000000000000,s4.000000000000000,s0.000000000000000
149_89,s6.300000000000000,s4.000000000000000,s0.000000000000000
149_90,s0.350000000000000,s4.800000000000000,s180.000000000000000
149_91,s1.050000000000000,s4.800000000000000,s180.000000000000000
149_92,s1.750000000000000,s4.800000000000000,s180.000000000000000
149_93,s2.450000000000000,s4.800000000000000,s180.000000000000000
149_94,s3.150000000000000,s4.800000000000000,s180.000000000000000
149_95,s3.850000000000000,s4.800000000000000,s180.000000000000000
149_96,s4.550000000000000,s4.800000000000000,s180.000000000000000
149_97,s5.250000000000000,s4.800000000000000,s180.000000000000000
149_98,s5.950000000000000,s4.800000000000000,s180.000000000000000
149_99,s6.650000000000000,s4.800000000000000,s180.000000000000000
149_100,s0.000000000000000,s5.000000000000000,s0.000000000000000
149_101,s0.700000000000000,s5.000000000000000,s0.000000000000000
149_102,s1.400000000000000,s5.000000000000000,s0.000000000000000
149_103,s2.100000000000000,s5.000000000000000,s0.000000000000000
149_104,s2.800000000000000,s5.000000000000000,s0.000000000000000
149_105,s3.500000000000000,s5.000000000000000,s0.000000000000000
149_106,s4.200000000000000,s5.000000000000000,s0.000000000000000
149_107,s4.900000000000000,s5.000000000000000,s0.000000000000000
149_108,s5.600000000000000,s5.000000000000000,s0.000000000000000
149_109,s6.300000000000000,s5.000000000000000,s0.000000000000000
149_110,s0.350000000000000,s5.800000000000000,s180.000000000000000
149_111,s1.050000000000000,s5.800000000000000,s180.000000000000000
149_112,s1.750000000000000,s5.800000000000000,s180.000000000000000
149_113,s2.450000000000000,s5.800000000000000,s180.000000000000000
149_114,s3.150000000000000,s5.800000000000000,s180.000000000000000
149_115,s3.850000000000000,s5.800000000000000,s180.000000000000000
149_116,s4.550000000000000,s5.800000000000000,s180.000000000000000
149_117,s5.250000000000000,s5.800000000000000,s180.000000000000000
149_118,s5.950000000000000,s5.800000000000000,s180.000000000000000
149_119,s6.650000000000000,s5.800000000000000,s180.000000000000000
149_120,s0.000000000000000,s6.000000000000000,s0.000000000000000
149_121,s0.700000000000000,s6.000000000000000,s0.000000000000000
149_122,s1.400000000000000,s6.000000000000000,s0.000000000000000
149_123,s2.100000000000000,s6.000000000000000,s0.000000000000000
149_124,s2.800000000000000,s6.000000000000000,s0.000000000000000
149_125,s3.500000000000000,s6.000000000000000,s0.000000000000000
149_126,s4.200000000000000,s6.000000000000000,s0.000000000000000
149_127,s4.900000000000000,s6.000000000000000,s0.000000000000000
149_128,s5.600000000000000,s6.000000000000000,s0.000000000000000
149_129,s6.300000000000000,s6.000000000000000,s0.000000000000000
149_130,s0.350000000000000,s6.800000000000000,s180.000000000000000
149_131,s1.050000000000000,s6.800000000000000,s180.000000000000000
149_132,s1.750000000000000,s6.800000000000000,s180.000000000000000
149_133,s2.450000000000000,s6.800000000000000,s180.000000000000000
149_134,s3.150000000000000,s6.800000000000000,s180.000000000000000
149_135,s3.850000000000000,s6.800000000000000,s180.000000000000000
149_136,s4.550000000000000,s6.800000000000000,s180.000000000000000
149_137,s5.250000000000000,s6.800000000000000,s180.000000000000000
149_138,s5.950000000000000,s6.800000000000000,s180.000000000000000
149_139,s6.650000000000000,s6.800000000000000,s180.000000000000000
149_140,s0.000000000000000,s7.000000000000000,s0.000000000000000
149_141,s0.700000000000000,s7.000000000000000,s0.000000000000000
149_142,s1.400000000000000,s7.000000000000000,s0.000000000000000
149_143,s2.100000000000000,s7.000000000000000,s0.000000000000000
149_144,s2.800000000000000,s7.000000000000000,s0.000000000000000
149_145,s3.500000000000000,s7.000000000000000,s0.000000000000000
149_146,s4.200000000000000,s7.000000000000000,s0.000000000000000
149_147,s4.900000000000000,s7.000000000000000,s0.000000000000000
149_148,s5.600000000000000,s7.000000000000000,s0.000000000000000
150_0,s0.000000000000000,s0.000000000000000,s0.000000000000000
150_1,s0.700000000000000,s0.000000000000000,s0.000000000000000
150_2,s1.400000000000000,s0.000000000000000,s0.000000000000000
150_3,s2.100000000000000,s0.000000000000000,s0.000000000000000
150_4,s2.800000000000000,s0.000000000000000,s0.000000000000000
150_5,s3.500000000000000,s0.000000000000000,s0.000000000000000
150_6,s4.200000000000000,s0.000000000000000,s0.000000000000000
150_7,s4.900000000000000,s0.000000000000000,s0.000000000000000
150_8,s5.600000000000000,s0.000000000000000,s0.000000000000000
150_9,s6.300000000000000,s0.000000000000000,s0.000000000000000
150_10,s0.350000000000000,s0.800000000000000,s180.000000000000000
150_11,s1.050000000000000,s0.800000000000000,s180.000000000000000
150_12,s1.750000000000000,s0.800000000000000,s180.000000000000000
150_13,s2.450000000000000,s0.800000000000000,s180.000000000000000
150_14,s3.150000000000000,s0.800000000000000,s180.000000000000000
150_15,s3.850000000000000,s0.800000000000000,s180.000000000000000
150_16,s4.550000000000000,s0.800000000000000,s180.000000000000000
150_17,s5.250000000000000,s0.800000000000000,s180.000000000000000
150_18,s5.950000000000000,s0.800000000000000,s180.000000000000000
150_19,s6.650000000000000,s0.800000000000000,s180.000000000000000
150_20,s0.000000000000000,s1.000000000000000,s0.000000000000000
150_21,s0.700000000000000,s1.000000000000000,s0.000000000000000
150_22,s1.400000000000000,s1.000000000000000,s0.000000000000000
150_23,s2.100000000000000,s1.000000000000000,s0.000000000000000
150_24,s2.800000000000000,s1.000000000000000,s0.000000000000000
150_25,s3.500000000000000,s1.000000000000000,s0.000000000000000
150_26,s4.200000000000000,s1.000000000000000,s0.000000000000000
150_27,s4.900000000000000,s1.000000000000000,s0.000000000000000
150_28,s5.600000000000000,s1.000000000000000,s0.000000000000000
150_29,s6.300000000000000,s1.000000000000000,s0.000000000000000
150_30,s0.350000000000000,s1.800000000000000,s180.000000000000000
150_31,s1.050000000000000,s1.800000000000000,s180.000000000000000
150_32,s1.750000000000000,s1.800000000000000,s180.000000000000000
150_33,s2.450000000000000,s1.800000000000000,s180.000000000000000
150_34,s3.150000000000000,s1.800000000000000,s180.000000000000000
150_35,s3.850000000000000,s1.800000000000000,s180.000000000000000
150_36,s4.550000000000000,s1.800000000000000,s180.000000000000000
150_37,s5.250000000000000,s1.800000000000000,s180.000000000000000
150_38,s5.950000000000000,s1.800000000000000,s180.000000000000000
150_39,s6.650000000000000,s1.800000000000000,s180.000000000000000
150_40,s0.000000000000000,s2.000000000000000,s0.000000000000000
150_41,s0.700000000000000,s2.000000000000000,s0.000000000000000
150_42,s1.400000000000000,s2.000000000000000,s0.000000000000000
150_43,s2.100000000000000,s2.000000000000000,s0.000000000000000
150_44,s2.800000000000000,s2.000000000000000,s0.000000000000000
150_45,s3.500000000000000,s2.000000000000000,s0.000000000000000
150_46,s4.200000000000000,s2.000000000000000,s0.000000000000000
150_47,s4.900000000000000,s2.000000000000000,s0.000000000000000
150_48,s5.600000000000000,s2.000000000000000,s0.000000000000000
150_49,s6.300000000000000,s2.000000000000000,s0.000000000000000
150_50,s0.350000000000000,s2.800000000000000,s180.000000000000000
150_51,s1.050000000000000,s2.800000000000000,s180.000000000000000
150_52,s1.750000000000000,s2.800000000000000,s180.000000000000000
150_53,s2.450000000000000,s2.800000000000000,s180.000000000000000
150_54,s3.150000000000000,s2.800000000000000,s180.000000000000000
150_55,s3.850000000000000,s2.800000000000000,s180.000000000000000
150_56,s4.550000000000000,s2.800000000000000,s180.000000000000000
150_57,s5.250000000000000,s2.800000000000000,s180.000000000000000
150_58,s5.950000000000000,s2.800000000000000,s180.000000000000000
150_59,s6.650000000000000,s2.800000000000000,s180.000000000000000
150_60,s0.000000000000000,s3.000000000000000,s0.000000000000000
150_61,s0.700000000000000,s3.000000000000000,s0.000000000000000
150_62,s1.400000000000000,s3.000000000000000,s0.000000000000000
150_63,s2.100000000000000,s3.000000000000000,s0.000000000000000
150_64,s2.800000000000000,s3.000000000000000,s0.000000000000000
150_65,s3.500000000000000,s3.000000000000000,s0.000000000000000
150_66,s4.200000000000000,s3.000000000000000,s0.000000000000000
150_67,s4.900000000000000,s3.000000000000000,s0.000000000000000
150_68,s5.600000000000000,s3.000000000000000,s0.000000000000000
150_69,s6.300000000000000,s3.000000000000000,s0.000000000000000
150_70,s0.350000000000000,s3.800000000000000,s180.000000000000000
150_71,s1.050000000000000,s3.800000000000000,s180.000000000000000
150_72,s1.750000000000000,s3.800000000000000,s180.000000000000000
150_73,s2.450000000000000,s3.800000000000000,s180.000000000000000
150_74,s3.150000000000000,s3.800000000000000,s180.000000000000000
150_75,s3.850000000000000,s3.800000000000000,s180.000000000000000
150_76,s4.550000000000000,s3.800000000000000,s180.000000000000000
150_77,s5.250000000000000,s3.800000000000000,s180.000000000000000
150_78,s5.950000000000000,s3.800000000000000,s180.000000000000000
150_79,s6.650000000000000,s3.800000000000000,s180.000000000000000
150_80,s0.000000000000000,s4.000000000000000,s0.000000000000000
150_81,s0.700000000000000,s4.000000000000000,s0.000000000000000
150_82,s1.400000000000000,s4.000000000000000,s0.000000000000000
150_83,s2.100000000000000,s4.000000000000000,s0.000000000000000
150_84,s2.800000000000000,s4.000000000000000,s0.000000000000000
150_85,s3.500000000000000,s4.000000000000000,s0.000000000000000
150_86,s4.200000000000000,s4.000000000000000,s0.000000000000000
150_87,s4.900000000000000,s4.000000000000000,s0.000000000000000
150_88,s5.600000000000000,s4.000000000000000,s0.000000000000000
150_89,s6.300000000000000,s4.000000000000000,s0.000000000000000
150_90,s0.350000000000000,s4.800000000000000,s180.000000000000000
150_91,s1.050000000000000,s4.800000000000000,s180.000000000000000
150_92,s1.750000000000000,s4.800000000000000,s180.000000000000000
150_93,s2.450000000000000,s4.800000000000000,s180.000000000000000
150_94,s3.150000000000000,s4.800000000000000,s180.000000000000000
150_95,s3.850000000000000,s4.800000000000000,s180.000000000000000
150_96,s4.550000000000000,s4.800000000000000,s180.000000000000000
150_97,s5.250000000000000,s4.800000000000000,s180.000000000000000
150_98,s5.950000000000000,s4.800000000000000,s180.000000000000000
150_99,s6.650000000000000,s4.800000000000000,s180.000000000000000
150_100,s0.000000000000000,s5.000000000000000,s0.000000000000000
150_101,s0.700000000000000,s5.000000000000000,s0.000000000000000
150_102,s1.400000000000000,s5.000000000000000,s0.000000000000000
150_103,s2.100000000000000,s5.000000000000000,s0.000000000000000
150_104,s2.800000000000000,s5.000000000000000,s0.000000000000000
150_105,s3.500000000000000,s5.000000000000000,s0.000000000000000
150_106,s4.200000000000000,s5.000000000000000,s0.000000000000000
150_107,s4.900000000000000,s5.000000000000000,s0.000000000000000
150_108,s5.600000000000000,s5.000000000000000,s0.000000000000000
150_109,s6.300000000000000,s5.000000000000000,s0.000000000000000
150_110,s0.350000000000000,s5.800000000000000,s180.000000000000000
150_111,s1.050000000000000,s5.800000000000000,s180.000000000000000
150_112,s1.750000000000000,s5.800000000000000,s180.000000000000000
150_113,s2.450000000000000,s5.800000000000000,s180.000000000000000
150_114,s3.150000000000000,s5.800000000000000,s180.000000000000000
150_115,s3.850000000000000,s5.800000000000000,s180.000000000000000
150_116,s4.550000000000000,s5.800000000000000,s180.000000000000000
150_117,s5.250000000000000,s5.800000000000000,s180.000000000000000
150_118,s5.950000000000000,s5.800000000000000,s180.000000000000000
150_119,s6.650000000000000,s5.800000000000000,s180.000000000000000
150_120,s0.000000000000000,s6.000000000000000,s0.000000000000000
150_121,s0.700000000000000,s6.000000000000000,s0.000000000000000
150_122,s1.400000000000000,s6.000000000000000,s0.000000000000000
150_123,s2.100000000000000,s6.000000000000000,s0.000000000000000
150_124,s2.800000000000000,s6.000000000000000,s0.000000000000000
150_125,s3.500000000000000,s6.000000000000000,s0.000000000000000
150_126,s4.200000000000000,s6.000000000000000,s0.000000000000000
150_127,s4.900000000000000,s6.000000000000000,s0.000000000000000
150_128,s5.600000000000000,s6.000000000000000,s0.000000000000000
150_129,s6.300000000000000,s6.000000000000000,s0.000000000000000
150_130,s0.350000000000000,s6.800000000000000,s180.000000000000000
150_131,s1.050000000000000,s6.800000000000000,s180.000000000000000
150_132,s1.750000000000000,s6.800000000000000,s180.000000000000000
150_133,s2.450000000000000,s6.800000000000000,s180.000000000000000
150_134,s3.150000000000000,s6.800000000000000,s180.000000000000000
150_135,s3.850000000000000,s6.800000000000000,s180.000000000000000
150_136,s4.550000000000000,s6.800000000000000,s180.000000000000000
150_137,s5.250000000000000,s6.800000000000000,s180.000000000000000
150_138,s5.950000000000000,s6.800000000000000,s180.000000000000000
150_139,s6.650000000000000,s6.800000000000000,s180.000000000000000
150_140,s0.000000000000000,s7.000000000000000,s0.000000000000000
150_141,s0.700000000000000,s7.000000000000000,s0.000000000000000
150_142,s1.400000000000000,s7.000000000000000,s0.000000000000000
150_143,s2.100000000000000,s7.000000000000000,s0.000000000000000
150_144,s2.800000000000000,s7.000000000000000,s0.000000000000000
150_145,s3.500000000000000,s7.000000000000000,s0.000000000000000
150_146,s4.200000000000000,s7.000000000000000,s0.000000000000000
150_147,s4.900000000000000,s7.000000000000000,s0.000000000000000
150_148,s5.600000000000000,s7.000000000000000,s0.000000000000000
150_149,s6.300000000000000,s7.000000000000000,s0.000000000000000
151_0,s0.000000000000000,s0.000000000000000,s0.000000000000000
151_1,s0.700000000000000,s0.000000000000000,s0.000000000000000
151_2,s1.400000000000000,s0.000000000000000,s0.000000000000000
151_3,s2.100000000000000,s0.000000000000000,s0.000000000000000
151_4,s2.800000000000000,s0.000000000000000,s0.000000000000000
151_5,s3.500000000000000,s0.000000000000000,s0.000000000000000
151_6,s4.200000000000000,s0.000000000000000,s0.000000000000000
151_7,s4.900000000000000,s0.000000000000000,s0.000000000000000
151_8,s5.600000000000000,s0.000000000000000,s0.000000000000000
151_9,s6.300000000000000,s0.000000000000000,s0.000000000000000
151_10,s7.000000000000000,s0.000000000000000,s0.000000000000000
151_11,s0.350000000000000,s0.800000000000000,s180.000000000000000
151_12,s1.050000000000000,s0.800000000000000,s180.000000000000000
151_13,s1.750000000000000,s0.800000000000000,s180.000000000000000
151_14,s2.450000000000000,s0.800000000000000,s180.000000000000000
151_15,s3.150000000000000,s0.800000000000000,s180.000000000000000
151_16,s3.850000000000000,s0.800000000000000,s180.000000000000000
151_17,s4.550000000000000,s0.800000000000000,s180.000000000000000
151_18,s5.250000000000000,s0.800000000000000,s180.000000000000000
151_19,s5.950000000000000,s0.800000000000000,s180.000000000000000
151_20,s6.650000000000000,s0.800000000000000,s180.000000000000000
151_21,s0.000000000000000,s1.000000000000000,s0.000000000000000
151_22,s0.700000000000000,s1.000000000000000,s0.000000000000000
151_23,s1.400000000000000,s1.000000000000000,s0.000000000000000
151_24,s2.100000000000000,s1.000000000000000,s0.000000000000000
151_25,s2.800000000000000,s1.000000000000000,s0.000000000000000
151_26,s3.500000000000000,s1.000000000000000,s0.000000000000000
151_27,s4.200000000000000,s1.000000000000000,s0.000000000000000
151_28,s4.900000000000000,s1.000000000000000,s0.000000000000000
151_29,s5.600000000000000,s1.000000000000000,s0.000000000000000
151_30,s6.300000000000000,s1.000000000000000,s0.000000000000000
151_31,s7.000000000000000,s1.000000000000000,s0.000000000000000
151_32,s0.350000000000000,s1.800000000000000,s180.000000000000000
151_33,s1.050000000000000,s1.800000000000000,s180.000000000000000
151_34,s1.750000000000000,s1.800000000000000,s180.000000000000000
151_35,s2.450000000000000,s1.800000000000000,s180.000000000000000
151_36,s3.150000000000000,s1.800000000000000,s180.000000000000000
151_37,s3.850000000000000,s1.800000000000000,s180.000000000000000
151_38,s4.550000000000000,s1.800000000000000,s180.000000000000000
151_39,s5.250000000000000,s1.800000000000000,s180.000000000000000
151_40,s5.950000000000000,s1.800000000000000,s180.000000000000000
151_41,s6.650000000000000,s1.800000000000000,s180.000000000000000
151_42,s0.000000000000000,s2.000000000000000,s0.000000000000000
151_43,s0.700000000000000,s2.000000000000000,s0.000000000000000
151_44,s1.400000000000000,s2.000000000000000,s0.000000000000000
151_45,s2.100000000000000,s2.000000000000000,s0.000000000000000
151_46,s2.800000000000000,s2.000000000000000,s0.000000000000000
151_47,s3.500000000000000,s2.000000000000000,s0.000000000000000
151_48,s4.200000000000000,s2.000000000000000,s0.000000000000000
151_49,s4.900000000000000,s2.000000000000000,s0.000000000000000
151_50,s5.600000000000000,s2.000000000000000,s0.000000000000000
151_51,s6.300000000000000,s2.000000000000000,s0.000000000000000
151_52,s7.000000000000000,s2.000000000000000,s0.000000000000000
151_53,s0.350000000000000,s2.800000000000000,s180.000000000000000
151_54,s1.050000000000000,s2.800000000000000,s180.000000000000000
151_55,s1.750000000000000,s2.800000000000000,s180.000000000000000
151_56,s2.450000000000000,s2.800000000000000,s180.000000000000000
151_57,s3.150000000000000,s2.800000000000000,s180.000000000000000
151_58,s3.850000000000000,s2.800000000000000,s180.000000000000000
151_59,s4.550000000000000,s2.800000000000000,s180.000000000000000
151_60,s5.250000000000000,s2.800000000000000,s180.000000000000000
151_61,s5.950000000000000,s2.800000000000000,s180.000000000000000
151_62,s6.650000000000000,s2.800000000000000,s180.000000000000000
151_63,s0.000000000000000,s3.000000000000000,s0.000000000000000
151_64,s0.700000000000000,s3.000000000000000,s0.000000000000000
151_65,s1.400000000000000,s3.000000000000000,s0.000000000000000
151_66,s2.100000000000000,s3.000000000000000,s0.000000000000000
151_67,s2.800000000000000,s3.000000000000000,s0.000000000000000
151_68,s3.500000000000000,s3.000000000000000,s0.000000000000000
151_69,s4.200000000000000,s3.000000000000000,s0.000000000000000
151_70,s4.900000000000000,s3.000000000000000,s0.000000000000000
151_71,s5.600000000000000,s3.000000000000000,s0.000000000000000
151_72,s6.300000000000000,s3.000000000000000,s0.000000000000000
151_73,s7.000000000000000,s3.000000000000000,s0.000000000000000
151_74,s0.350000000000000,s3.800000000000000,s180.000000000000000
151_75,s1.050000000000000,s3.800000000000000,s180.000000000000000
151_76,s1.750000000000000,s3.800000000000000,s180.000000000000000
151_77,s2.450000000000000,s3.800000000000000,s180.000000000000000
151_78,s3.150000000000000,s3.800000000000000,s180.000000000000000
151_79,s3.850000000000000,s3.800000000000000,s180.000000000000000
151_80,s4.550000000000000,s3.800000000000000,s180.000000000000000
151_81,s5.250000000000000,s3.800000000000000,s180.000000000000000
151_82,s5.950000000000000,s3.800000000000000,s180.000000000000000
151_83,s6.650000000000000,s3.800000000000000,s180.000000000000000
151_84,s0.000000000000000,s4.000000000000000,s0.000000000000000
151_85,s0.700000000000000,s4.000000000000000,s0.000000000000000
151_86,s1.400000000000000,s4.000000000000000,s0.000000000000000
151_87,s2.100000000000000,s4.000000000000000,s0.000000000000000
151_88,s2.800000000000000,s4.000000000000000,s0.000000000000000
151_89,s3.500000000000000,s4.000000000000000,s0.000000000000000
151_90,s4.200000000000000,s4.000000000000000,s0.000000000000000
151_91,s4.900000000000000,s4.000000000000000,s0.000000000000000
151_92,s5.600000000000000,s4.000000000000000,s0.000000000000000
151_93,s6.300000000000000,s4.000000000000000,s0.000000000000000
151_94,s7.000000000000000,s4.000000000000000,s0.000000000000000
151_95,s0.350000000000000,s4.800000000000000,s180.000000000000000
151_96,s1.050000000000000,s4.800000000000000,s180.000000000000000
151_97,s1.750000000000000,s4.800000000000000,s180.000000000000000
151_98,s2.450000000000000,s4.800000000000000,s180.000000000000000
151_99,s3.150000000000000,s4.800000000000000,s180.000000000000000
151_100,s3.850000000000000,s4.800000000000000,s180.000000000000000
151_101,s4.550000000000000,s4.800000000000000,s180.000000000000000
151_102,s5.250000000000000,s4.800000000000000,s180.000000000000000
151_103,s5.950000000000000,s4.800000000000000,s180.000000000000000
151_104,s6.650000000000000,s4.800000000000000,s180.000000000000000
151_105,s0.000000000000000,s5.000000000000000,s0.000000000000000
151_106,s0.700000000000000,s5.000000000000000,s0.000000000000000
151_107,s1.400000000000000,s5.000000000000000,s0.000000000000000
151_108,s2.100000000000000,s5.000000000000000,s0.000000000000000
151_109,s2.800000000000000,s5.000000000000000,s0.000000000000000
151_110,s3.500000000000000,s5.000000000000000,s0.000000000000000
151_111,s4.200000000000000,s5.000000000000000,s0.000000000000000
151_112,s4.900000000000000,s5.000000000000000,s0.000000000000000
151_113,s5.600000000000000,s5.000000000000000,s0.000000000000000
151_114,s6.300000000000000,s5.000000000000000,s0.000000000000000
151_115,s7.000000000000000,s5.000000000000000,s0.000000000000000
151_116,s0.350000000000000,s5.800000000000000,s180.000000000000000
151_117,s1.050000000000000,s5.800000000000000,s180.000000000000000
151_118,s1.750000000000000,s5.800000000000000,s180.000000000000000
151_119,s2.450000000000000,s5.800000000000000,s180.000000000000000
151_120,s3.150000000000000,s5.800000000000000,s180.000000000000000
151_121,s3.850000000000000,s5.800000000000000,s180.000000000000000
151_122,s4.550000000000000,s5.800000000000000,s180.000000000000000
151_123,s5.250000000000000,s5.800000000000000,s180.000000000000000
151_124,s5.950000000000000,s5.800000000000000,s180.000000000000000
151_125,s6.650000000000000,s5.800000000000000,s180.000000000000000
151_126,s0.000000000000000,s6.000000000000000,s0.000000000000000
151_127,s0.700000000000000,s6.000000000000000,s0.000000000000000
151_128,s1.400000000000000,s6.000000000000000,s0.000000000000000
151_129,s2.100000000000000,s6.000000000000000,s0.000000000000000
151_130,s2.800000000000000,s6.000000000000000,s0.000000000000000
151_131,s3.500000000000000,s6.000000000000000,s0.000000000000000
151_132,s4.200000000000000,s6.000000000000000,s0.000000000000000
151_133,s4.900000000000000,s6.000000000000000,s0.000000000000000
151_134,s5.600000000000000,s6.000000000000000,s0.000000000000000
151_135,s6.300000000000000,s6.000000000000000,s0.000000000000000
151_136,s7.000000000000000,s6.000000000000000,s0.000000000000000
151_137,s0.350000000000000,s6.800000000000000,s180.000000000000000
151_138,s1.050000000000000,s6.800000000000000,s180.000000000000000
151_139,s1.750000000000000,s6.800000000000000,s180.000000000000000
151_140,s2.450000000000000,s6.800000000000000,s180.000000000000000
151_141,s3.150000000000000,s6.800000000000000,s180.000000000000000
151_142,s3.850000000000000,s6.800000000000000,s180.000000000000000
151_143,s4.550000000000000,s6.800000000000000,s180.000000000000000
151_144,s5.250000000000000,s6.800000000000000,s180.000000000000000
151_145,s5.950000000000000,s6.800000000000000,s180.000000000000000
151_146,s6.650000000000000,s6.800000000000000,s180.000000000000000
151_147,s0.000000000000000,s7.000000000000000,s0.000000000000000
151_148,s0.700000000000000,s7.000000000000000,s0.000000000000000
151_149,s1.400000000000000,s7.000000000000000,s0.000000000000000
151_150,s2.100000000000000,s7.000000000000000,s0.000000000000000
152_0,s-0.019851265903243,s0.141908970472038,s-6.668702765693683
152_1,s0.506656089031549,s0.228539770832995,s-1.395233555355977
152_2,s1.823658513336937,s0.249424597015278,s7.651893124047821
152_3,s2.256481423453601,s-0.021024000419246,s-5.105219013327616
152_4,s2.817754552690782,s0.053592226209332,s-0.278983414026920
152_5,s3.568959817988058,s0.194003844216670,s-1.381346725973804
152_6,s4.213105379729953,s0.164165114178210,s-3.696461999541868
152_7,s5.209512702106250,s0.294235233276833,s3.338527328375422
152_8,s5.921724588050633,s-0.013160665363072,s0.293566387868892
152_9,s6.261764682963078,s0.052710416934574,s9.074889923991527
152_10,s7.009732348911796,s0.150880237990910,s3.879595872915006
152_11,s0.550223388602973,s0.502531129739530,s171.050676959038356
152_12,s0.906763976947390,s0.900806420158941,s179.712051627067865
152_13,s1.583045777744788,s0.915253043022982,s179.073836889156667
152_14,s2.737358677415902,s0.909365749165108,s178.175721334508381
152_15,s2.758462488020834,s0.717520963996758,s174.301774253333150
152_16,s3.491665615242937,s0.779075618908963,s177.288505620686294
152_17,s4.417085807187915,s1.076712069718148,s182.056824282623609
152_18,s5.388894211773536,s0.505023467260492,s187.792384411975803
152_19,s5.899582819056245,s1.014991369915261,s179.891189812829168
152_20,s6.715002662031939,s0.704770763447715,s188.402961036402019
152_21,s0.015504851918199,s0.627403381194733,s3.919042355926837
152_22,s0.500605414653139,s1.205677536239071,s9.522101643958182
152_23,s1.374807590310986,s1.225974760637491,s4.580471590793994
152_24,s1.993259050677082,s0.912748913211495,s-6.289907569605089
152_25,s2.776976050916597,s1.190707464960270,s-10.337207813235334
152_26,s3.437056318437035,s0.983415967888807,s1.345482514733049
152_27,s4.035793002025674,s1.268075915080644,s-6.343213987252894
152_28,s4.487587518690646,s0.823208296832632,s12.932948021331899
152_29,s5.820451395818713,s1.151548184710362,s-4.460972636354327
152_30,s6.532596070928824,s1.067646768664942,s1.107067238136516
152_31,s7.013622380784962,s1.150283063266851,s-4.091654346563743
152_32,s0.241104054109063,s2.012040910797168,s176.650314555287252
152_33,s1.023843919177813,s1.831516296743673,s180.640564187191814
152_34,s1.853891763072341,s1.617638974465515,s175.425573300329091
152_35,s2.270917492557730,s1.946968109937775,s187.242820547021580
152_36,s3.051018785175947,s1.786776823069724,s172.098892376686052
152_37,s3.615699318798828,s1.798672210660987,s186.297713150259170
152_38,s4.658030613733277,s1.556910680118808,s174.575606274791284
152_39,s5.499526155096587,s1.723312811682338,s176.497280233318691
152_40,s5.583854444889558,s1.880598103775276,s187.146056668905430
152_41,s6.642639793979666,s1.971842465966548,s187.649180982828909
152_42,s0.041411658538755,s1.904821641488214,s-1.395628968587012
152_43,s0.639050751989557,s1.763638060023663,s-3.858824011471487
152_44,s1.433302845975313,s2.128542387571136,s-3.189768967806775
152_45,s2.239963629256828,s1.843953256661011,s-3.894119607735111
152_46,s2.871989606832024,s2.098988022357139,s9.592960037579996
152_47,s3.582626107981127,s2.057406743027315,s11.083305781744905
152_48,s4.145640080327189,s2.210913986064455,s-1.635136961036503
152_49,s5.011292433142509,s2.029430501827864,s-1.285594907811540
152_50,s5.902753370378496,s2.128609531134893,s-2.715813314057499
152_51,s6.075467987007529,s2.009332162428408,s2.635580161116315
152_52,s6.989703503116066,s1.816053296240193,s-16.440088122735286
152_53,s0.414601604526664,s3.058135142671948,s180.895353061092578
152_54,s1.242130124423567,s2.437454255999341,s177.963250496547431
152_55,s1.539417975327930,s2.811798836622460,s178.254836731945204
152_56,s2.394936682711346,s2.673307021636312,s178.678877389285049
152_57,s3.157321155536062,s2.682144182911038,s184.051963208423672
152_58,s3.798961482617434,s2.736321430065173,s180.626238935480757
152_59,s4.366379945291184,s2.520065997779170,s174.267183397962583
152_60,s5.142854990653229,s2.929330784618716,s173.420773409779372
152_61,s5.940463527035373,s2.709817525551160,s171.687365633372792
152_62,s6.928094534662116,s2.636355950291396,s189.947196133034709
152_63,s-0.071969738718914,s3.143026680925969,s0.474047431791116
152_64,s0.772432342540994,s2.959861470416564,s-11.502836272622726
152_65,s1.429549309694992,s2.905908952825381,s0.652732051260970
152_66,s2.027707549074304,s3.108853924001991,s12.397667206508938
152_67,s2.890499839304224,s2.993641432410504,s2.841182775500211
152_68,s3.730591095445479,s2.927478652610299,s-0.464886650000255
152_69,s4.222550411296845,s2.810174027344971,s-4.100463464750716
152_70,s4.921718476217725,s3.000256575058578,s3.332476178271740
152_71,s5.594319761193493,s3.379237461740473,s-1.010387818880234
152_72,s6.457460275379050,s2.680821254050205,s7.044777805977636
152_73,s6.911285900890450,s2.981324419436564,s-19.169265688321595
152_74,s0.214237226568489,s3.588374171746993,s189.199030607612741
152_75,s1.184333611817775,s3.544117183310310,s188.733967030685790
152_76,s1.624220497095073,s3.824230357935144,s180.910474934598511
152_77,s2.174193567988923,s3.897913142834408,s183.474347276926920
152_78,s3.094895138452197,s3.533719794995147,s182.490260789014144
152_79,s4.119575702574674,s3.887619927183775,s185.706891323052332
152_80,s4.716217580551621,s3.763568977746171,s184.902057459637859
152_81,s5.175516190492141,s3.864799073140622,s180.018768440279899
152_82,s6.022096221771485,s3.773771544516633,s173.332274520046582
152_83,s6.438178842629033,s4.106441611157089,s180.432137799484252
152_84,s-0.067168936480773,s4.249556886934121,s22.218554185885935
152_85,s0.676421666615197,s4.012289170759905,s-8.133734526462057
152_86,s1.073016976485913,s3.865526533695514,s1.821112784285195
152_87,s1.986844131200246,s4.324744888535761,s-0.250214743670280
152_88,s2.897364276267358,s3.866322764398002,s4.084943389443470
152_89,s3.470358257630219,s4.134164412765599,s-1.351878755580789
152_90,s4.099022760915298,s4.191411966291514,s-4.061248465493845
152_91,s4.933822994302908,s3.966950010086170,s7.906731149578929
152_92,s5.729308041124929,s3.985337072923915,s-0.626664344412562
152_93,s6.405033646705217,s3.983283493196468,s2.954881517334402
152_94,s6.849539769854708,s3.942275057737315,s-0.617509356227622
152_95,s0.696642802524746,s4.532733512957819,s184.171432999658776
152_96,s1.001050147112298,s4.879819719805251,s173.496396798836770
152_97,s1.711673536182795,s4.890560415635988,s185.239394343744976
152_98,s2.543219986354913,s4.850055915658471,s173.145684127568018
152_99,s2.893879367743889,s4.761227477458162,s179.220375903595368
152_100,s4.140995704165463,s4.596617004048734,s180.962932135551966
152_101,s4.370190151042998,s4.825955098175562,s181.091660381123745
152_102,s4.965506373309228,s4.687132416510392,s183.351974619865558
152_103,s5.630013300295535,s4.483450394081769,s184.155370207008104
152_104,s6.718711304844517,s4.549304246170707,s176.755248554266501
152_105,s0.050177880325937,s4.847361384096069,s8.489705075249692
152_106,s0.863713616721580,s4.909096814853352,s-4.607424131829022
152_107,s1.550366643741902,s4.708936708379629,s-8.333399014923028
152_108,s1.907785610996685,s4.599157500981810,s6.908114925774274
152_109,s2.762887393064298,s4.913229223815765,s-1.429009909202452
152_110,s3.868093303703796,s4.755525981086827,s9.661844633817903
152_111,s3.909106338426700,s5.310371971549291,s-4.524610229142440
152_112,s4.880283901451257,s5.084121162309112,s7.447220380017395
152_113,s5.467836063874005,s5.284542151832103,s-2.595391239807535
152_114,s6.241267433787550,s4.928457965599859,s-3.472888859537068
152_115,s6.876580037646197,s4.800456535088649,s7.002704841742458
152_116,s0.262339442995619,s6.050584115929864,s181.727318614670537
152_117,s1.112753070886889,s5.974001045226824,s182.328337566129960
152_118,s1.560135333301661,s5.913967096366084,s188.723186471141673
152_119,s2.730835282929593,s5.679767746162548,s191.490945992947331
152_120,s3.249377800016410,s5.754590677459582,s172.731874297118537
152_121,s3.846535904017181,s5.779807126432903,s177.488387341828115
152_122,s4.311864029543880,s5.810488460655990,s180.193332023015131
152_123,s5.243162046341218,s5.875280402926304,s175.413556563586525
152_124,s5.798200037215911,s6.082272148347955,s185.792577821274506
152_125,s6.639484182093756,s5.701992529663265,s184.454127872978461
152_126,s-0.056442745828289,s5.909700561509586,s4.634464014717450
152_127,s0.597924848579869,s5.981458828856465,s7.404073255615075
152_128,s1.123126479003141,s5.911941256865413,s0.083951944881175
152_129,s1.921968856494527,s5.930718435416647,s-4.445086567980816
152_130,s2.464433113673103,s5.938365911861065,s4.585889037404390
152_131,s3.842651348064338,s6.160166910186442,s4.468626459330724
152_132,s4.382087223874351,s5.932168473178660,s-6.863838494160708
152_133,s4.893176107101744,s6.184215919693103,s-0.402789070596569
152_134,s5.276674682125606,s5.728365479755473,s5.499229804987722
152_135,s6.104157477852532,s6.295254172401155,s6.408410551753085
152_136,s6.779950300702497,s6.137199763476947,s-49.312846374226893
152_137,s0.290677211841344,s6.605409358160206,s180.530338600301235
152_138,s0.901697076706520,s6.632356415050913,s178.972885192814374
152_139,s1.702345807465335,s6.583536022192902,s178.182473828525445
152_140,s2.754546319985655,s6.440748584591478,s181.927987130201188
152_141,s3.159722035517892,s6.413357228343783,s171.416547096124248
152_142,s3.728483084461543,s6.692086330861270,s175.177323842006501
152_143,s4.560301066230801,s6.455047161978938,s175.959968511696701
152_144,s5.202823182117255,s6.866764520364354,s182.097738957072380
152_145,s5.918796290309018,s6.690971822508424,s176.684470612345649
152_146,s6.339046409228667,s6.719362161249249,s178.065152838339117
152_147,s-0.100039479857529,s6.771206208012097,s22.191807449937365
152_148,s0.581408659535336,s6.704005610087965,s1.016499436526471
152_149,s1.560070838955415,s6.747566096783884,s8.559195501229384
152_150,s1.959081808910645,s6.805719991556574,s-7.549813765575444
152_151,s2.948047724340333,s6.949514441884173,s38.898825115421587
153_0,s-0.069683993769705,s-0.025039227685392,s14.316915786154567
153_1,s0.783680652640820,s0.136332232690953,s1.812143059399125
153_2,s1.358864009383057,s0.036433383917776,s0.611071147564104
153_3,s2.074004059334347,s-0.058148001527472,s-2.742053363750502
153_4,s2.943182074820767,s0.049475616560901,s3.318652115828578
153_5,s3.474107267356630,s-0.035415562191525,s3.256758760990695
153_6,s4.160130478137023,s-0.038356746269358,s1.674543868492476
153_7,s4.770784269887563,s0.099040104648113,s3.981950449099064
153_8,s5.582945266502581,s-0.041485163461994,s-0.176134981594591
153_9,s6.268414971899877,s-0.001281916648425,s-1.479195773618644
153_10,s6.933878334135616,s-0.037450159037878,s-29.720172341850152
153_11,s0.348867262971294,s0.772391518928906,s183.208660825025504
153_12,s1.089430997198750,s0.803007935595061,s184.018064077157902
153_13,s1.763121124764078,s0.790715165421720,s182.037261749544371
153_14,s2.393498076791492,s0.733862843779757,s180.837058090281175
153_15,s3.034592458815860,s0.836255578008647,s176.535794140544766
153_16,s3.763265797098475,s0.801085717440950,s183.169192709232732
153_17,s4.564859874731948,s0.671357637475105,s181.218777727201882
153_18,s5.327477796250336,s0.868759118144689,s178.710789135611861
153_19,s6.005228924966667,s0.785742629214848,s183.972573974348904
153_20,s6.526088605769381,s0.840194240482490,s178.431706828758109
153_21,s-0.082640644503628,s1.012292619185630,s27.044304840323047
153_22,s0.834365880634342,s1.009133993841823,s-3.468943777090671
153_23,s1.464232436582115,s0.892172863909932,s-4.021735755625985
153_24,s2.195007147812479,s0.996521002833955,s3.510751840234573
153_25,s2.907520276754217,s0.882646964334092,s-1.513711143540430
153_26,s3.353146461487336,s1.141561419099629,s-0.331319432617653
153_27,s4.247177133149724,s0.913085029399355,s-3.338651158184967
153_28,s4.902839540283384,s1.046313614418458,s1.086728309109092
153_29,s5.634677773513085,s1.109473502963576,s-3.464267325915616
153_30,s6.437340116517074,s0.889259549979210,s-3.295348116262795
153_31,s7.151628709011893,s1.018777857193159,s11.900796459007431
153_32,s0.357153911506017,s1.765204423993972,s180.041756922889562
153_33,s1.029734176475476,s1.816417141976547,s184.480023993965119
153_34,s1.624423108275540,s1.753733230181332,s178.419151846605246
153_35,s2.330037382948551,s1.802030856152581,s178.633095473768520
153_36,s3.081833624390470,s1.882245466789487,s183.914867423047667
153_37,s3.739253172159034,s1.714056329582684,s183.349010385993779
153_38,s4.630127936125906,s1.797722374484681,s176.573862250311265
153_39,s5.136390522800848,s1.808386783918909,s176.317990176012160
153_40,s5.850743298177585,s1.829979397004124,s179.824424419928420
153_41,s6.584132480402253,s1.718327535594102,s176.970523115042852
153_42,s-0.049259134660963,s2.058968518374618,s-11.823057937947503
153_43,s0.719448666017237,s1.951107784143985,s2.750132725161748
153_44,s1.447890568380124,s1.988133848685463,s2.383500503888133
153_45,s2.163745868800769,s1.859399592123934,s-0.745502950436933
153_46,s2.816503957940828,s1.878801098815893,s0.827316964794687
153_47,s3.488952615323004,s1.965214602403742,s-0.799077260774225
153_48,s4.291476436518339,s1.956308078347304,s3.462238644596146
153_49,s4.842426408498842,s2.124693039272031,s-3.998640339453639
153_50,s5.616582354097116,s2.022544865724725,s2.862666692315536
153_51,s6.312474451122372,s1.919986436292783,s-0.567233123198935
153_52,s6.889579425309399,s1.875226534966350,s-0.609856923255749
153_53,s0.441976479276289,s2.871863011985665,s178.560269847851970
153_54,s1.142787590922390,s2.896214957597065,s183.421291286671647
153_55,s1.870402423613501,s2.943210061350181,s178.001599575538592
153_56,s2.481986072986002,s2.851201533911936,s184.024208218061062
153_57,s3.198798204185300,s2.946334094109087,s182.270266279889171
153_58,s3.991843777981201,s2.727035586853956,s177.739529189647840
153_59,s4.497410003897601,s2.660253075644546,s176.037581311897071
153_60,s5.347021640124255,s2.877534534496920,s183.135068186774845
153_61,s5.861694799967093,s2.766123818568041,s175.555720555251497
153_62,s6.662881320544546,s2.898119872891630,s179.269840860712776
153_63,s-0.029591759086025,s2.957739021261794,s2.980143051260422
153_64,s0.740552534237554,s3.121296311609187,s2.715687219732831
153_65,s1.333488250360217,s2.873109102982570,s-0.398635030409544
153_66,s1.955233280156346,s2.885388249596322,s2.930057714343600
153_67,s2.710237507813079,s2.944176163074013,s-3.442984074801860
153_68,s3.374356149781871,s3.037578962527327,s2.986093445837004
153_69,s4.332732291733350,s2.913123354491210,s3.351041991774472
153_70,s4.876478030172843,s3.135306543109119,s-1.506313789939203
153_71,s5.517269834823477,s3.149626449283928,s-0.387253902911287
153_72,s6.314633934969799,s3.048752051225391,s-3.380857873808627
153_73,s6.945248173531843,s2.977921361790471,s-0.906279647453618
153_74,s0.205316907707479,s3.808318012416851,s178.335740675782603
153_75,s0.992768357059976,s3.921391578308449,s177.504186604839816
153_76,s1.774957507948588,s3.800100748828178,s184.413479377257204
153_77,s2.398399511146946,s3.689135052607668,s176.469880156804635
153_78,s3.156269535148186,s3.721879664972958,s182.863279805223669
153_79,s3.804210644716995,s3.666807443444360,s186.796387483219007
153_80,s4.540923399041650,s3.906500178778916,s178.038210255022847
153_81,s5.395145863734845,s3.938492063178689,s182.300767393347797
153_82,s5.860422861412411,s3.798113235838452,s184.152622118147093
153_83,s6.621339000970482,s3.930969221384851,s183.063072229951672
153_84,s0.048581818554920,s4.059290772870948,s4.045120191825816
153_85,s0.606290160207324,s4.139023424873081,s3.391147442404904
153_86,s1.447375749497351,s4.031604072800821,s1.716915077434196
153_87,s1.978742014525387,s4.107757134975307,s3.253007217774034
153_88,s2.655980321434801,s3.945356545488542,s-4.001540616572981
153_89,s3.532329928019328,s4.065751127881061,s0.640424064196041
153_90,s4.181412777060057,s4.059759311473811,s0.892020109812538
153_91,s4.915861227608067,s3.896055484246058,s-0.116509391017621
153_92,s5.658380415133649,s4.076893840972243,s-4.407977323969457
153_93,s6.431110397068381,s4.050447749268590,s4.113044659289075
153_94,s6.872086009688574,s4.010410441509253,s0.320062101072015
153_95,s0.259248396989164,s4.807271130418896,s183.535875626372871
153_96,s1.031319375997374,s4.944136895193467,s180.703206888826429
153_97,s1.897217618301477,s4.822698295319645,s176.572121129729169
153_98,s2.466127185038085,s4.867333055429126,s183.650822213566386
153_99,s3.045854092129664,s4.670128806978481,s177.574477006099983
153_100,s3.723491493406174,s4.654320483182233,s176.544623932333536
153_101,s4.400581982549136,s4.830433716689464,s175.523476584914420
153_102,s5.310249729356892,s4.845465067956433,s180.455321700552389
153_103,s5.923538256276283,s4.733826209667999,s181.890381783278599
153_104,s6.686253254470551,s4.686033516357012,s178.389289895077582
153_105,s0.081243825312817,s4.956585649494936,s0.647747824143690
153_106,s0.833565603753736,s4.865816684755903,s-4.124851532044422
153_107,s1.487320484794755,s4.897357965746571,s-3.215206820259878
153_108,s2.117118255744727,s4.988436919872591,s-1.906087792473584
153_109,s2.898843978138923,s4.967040754502740,s-0.164764048430167
153_110,s3.566309839619819,s5.136691723327663,s2.351625903030087
153_111,s4.127807838487934,s4.861819334325387,s3.861158872558601
153_112,s4.835553984368861,s4.893661230120833,s1.563957680419328
153_113,s5.584028735367639,s5.015252600346818,s3.986743481336553
153_114,s6.265613852706709,s5.043803459486385,s2.154337056144843
153_115,s7.093964444400794,s4.897478608579299,s1.339226991674871
153_116,s0.450129811779086,s5.659189539945658,s178.471774351775167
153_117,s0.960119549210737,s5.802236524584464,s178.030290379987264
153_118,s1.885018063054400,s5.846685241179592,s180.822543485993862
153_119,s2.440041519066644,s5.763246771391182,s182.773765489048543
153_120,s3.248782917452938,s5.862289085780735,s177.573557453763328
153_121,s3.711950535383671,s5.896145848295481,s184.444210792858883
153_122,s4.517455950789732,s5.798332441130174,s184.616570676178895
153_123,s5.154831552725168,s5.745404290895759,s180.161056005283655
153_124,s5.806385181692000,s5.878316978601770,s182.251773172295771
153_125,s6.533729971766390,s5.704307729491238,s183.085308339169330
153_126,s0.142041153049171,s5.933534227019701,s0.917432799452123
153_127,s0.758986871360689,s6.124193002879574,s3.048027932561638
153_128,s1.545124475767690,s5.985647368362938,s-0.049765518783758
153_129,s2.041342102921250,s5.981358676713202,s0.438925013968188
153_130,s2.915220581771819,s6.136824397204633,s3.135571737666263
153_131,s3.460897837557787,s5.856495518098709,s1.948642302869545
153_132,s4.185311782058908,s6.088310184213547,s4.317024903432755
153_133,s4.942096597476845,s5.938647242526122,s2.651795746353984
153_134,s5.595437375123359,s5.954670309360934,s3.444731886237380
153_135,s6.219581301006617,s6.042816178992154,s0.073027996728770
153_136,s6.929608988212903,s6.110743809271483,s3.041802823017236
153_137,s0.281331138608200,s6.683593936115956,s180.358555691534178
153_138,s1.042314582677795,s6.768439682284471,s181.118713951154660
153_139,s1.880900700714553,s6.914040534076843,s184.414683631192105
153_140,s2.490097836861236,s6.675782287934804,s180.682451375575027
153_141,s3.193556061813390,s6.776585521287778,s179.596756386586492
153_142,s3.905841725988328,s6.774249929691112,s179.007872285353642
153_143,s4.440724761733524,s6.837485538433212,s178.292411475514285
153_144,s5.353965033534834,s6.744371095973544,s175.590975760892007
153_145,s6.038383407153853,s6.842544006974537,s184.113681085862396
153_146,s6.783727241215065,s6.762656343299223,s182.057587690882087
153_147,s-0.143756049068214,s6.866521112684789,s-14.428199567177980
153_148,s0.540113727436827,s6.909949274180595,s4.296282903385108
153_149,s1.521714005035533,s6.857537861743576,s0.953578677804531
153_150,s2.060223942024592,s6.879046887478959,s4.398616146261740
153_151,s2.777501373995702,s6.920854955018772,s-2.092815515254393
153_152,s3.542965724503834,s6.872481714760953,s-3.641817700067985
154_0,s0.000000000000000,s0.000000000000000,s0.000000000000000
154_1,s0.700000000000000,s0.000000000000000,s0.000000000000000
154_2,s1.400000000000000,s0.000000000000000,s0.000000000000000
154_3,s2.100000000000000,s0.000000000000000,s0.000000000000000
154_4,s2.800000000000000,s0.000000000000000,s0.000000000000000
154_5,s3.500000000000000,s0.000000000000000,s0.000000000000000
154_6,s4.200000000000000,s0.000000000000000,s0.000000000000000
154_7,s4.900000000000000,s0.000000000000000,s0.000000000000000
154_8,s5.600000000000000,s0.000000000000000,s0.000000000000000
154_9,s6.300000000000000,s0.000000000000000,s0.000000000000000
154_10,s7.000000000000000,s0.000000000000000,s0.000000000000000
154_11,s0.350000000000000,s0.800000000000000,s180.000000000000000
154_12,s1.050000000000000,s0.800000000000000,s180.000000000000000
154_13,s1.750000000000000,s0.800000000000000,s180.000000000000000
154_14,s2.450000000000000,s0.800000000000000,s180.000000000000000
154_15,s3.150000000000000,s0.800000000000000,s180.000000000000000
154_16,s3.850000000000000,s0.800000000000000,s180.000000000000000
154_17,s4.550000000000000,s0.800000000000000,s180.000000000000000
154_18,s5.250000000000000,s0.800000000000000,s180.000000000000000
154_19,s5.950000000000000,s0.800000000000000,s180.000000000000000
154_20,s6.650000000000000,s0.800000000000000,s180.000000000000000
154_21,s0.000000000000000,s1.000000000000000,s0.000000000000000
154_22,s0.700000000000000,s1.000000000000000,s0.000000000000000
154_23,s1.400000000000000,s1.000000000000000,s0.000000000000000
154_24,s2.100000000000000,s1.000000000000000,s0.000000000000000
154_25,s2.800000000000000,s1.000000000000000,s0.000000000000000
154_26,s3.500000000000000,s1.000000000000000,s0.000000000000000
154_27,s4.200000000000000,s1.000000000000000,s0.000000000000000
154_28,s4.900000000000000,s1.000000000000000,s0.000000000000000
154_29,s5.600000000000000,s1.000000000000000,s0.000000000000000
154_30,s6.300000000000000,s1.000000000000000,s0.000000000000000
154_31,s7.000000000000000,s1.000000000000000,s0.000000000000000
154_32,s0.350000000000000,s1.800000000000000,s180.000000000000000
154_33,s1.050000000000000,s1.800000000000000,s180.000000000000000
154_34,s1.750000000000000,s1.800000000000000,s180.000000000000000
154_35,s2.450000000000000,s1.800000000000000,s180.000000000000000
154_36,s3.150000000000000,s1.800000000000000,s180.000000000000000
154_37,s3.850000000000000,s1.800000000000000,s180.000000000000000
154_38,s4.550000000000000,s1.800000000000000,s180.000000000000000
154_39,s5.250000000000000,s1.800000000000000,s180.000000000000000
154_40,s5.950000000000000,s1.800000000000000,s180.000000000000000
154_41,s6.650000000000000,s1.800000000000000,s180.000000000000000
154_42,s0.000000000000000,s2.000000000000000,s0.000000000000000
154_43,s0.700000000000000,s2.000000000000000,s0.000000000000000
154_44,s1.400000000000000,s2.000000000000000,s0.000000000000000
154_45,s2.100000000000000,s2.000000000000000,s0.000000000000000
154_46,s2.800000000000000,s2.000000000000000,s0.000000000000000
154_47,s3.500000000000000,s2.000000000000000,s0.000000000000000
154_48,s4.200000000000000,s2.000000000000000,s0.000000000000000
154_49,s4.900000000000000,s2.000000000000000,s0.000000000000000
154_50,s5.600000000000000,s2.000000000000000,s0.000000000000000
154_51,s6.300000000000000,s2.000000000000000,s0.000000000000000
154_52,s7.000000000000000,s2.000000000000000,s0.000000000000000
154_53,s0.350000000000000,s2.800000000000000,s180.000000000000000
154_54,s1.050000000000000,s2.800000000000000,s180.000000000000000
154_55,s1.750000000000000,s2.800000000000000,s180.000000000000000
154_56,s2.450000000000000,s2.800000000000000,s180.000000000000000
154_57,s3.150000000000000,s2.800000000000000,s180.000000000000000
154_58,s3.850000000000000,s2.800000000000000,s180.000000000000000
154_59,s4.550000000000000,s2.800000000000000,s180.000000000000000
154_60,s5.250000000000000,s2.800000000000000,s180.000000000000000
154_61,s5.950000000000000,s2.800000000000000,s180.000000000000000
154_62,s6.650000000000000,s2.800000000000000,s180.000000000000000
154_63,s0.000000000000000,s3.000000000000000,s0.000000000000000
154_64,s0.700000000000000,s3.000000000000000,s0.000000000000000
154_65,s1.400000000000000,s3.000000000000000,s0.000000000000000
154_66,s2.100000000000000,s3.000000000000000,s0.000000000000000
154_67,s2.800000000000000,s3.000000000000000,s0.000000000000000
154_68,s3.500000000000000,s3.000000000000000,s0.000000000000000
154_69,s4.200000000000000,s3.000000000000000,s0.000000000000000
154_70,s4.900000000000000,s3.000000000000000,s0.000000000000000
154_71,s5.600000000000000,s3.000000000000000,s0.000000000000000
154_72,s6.300000000000000,s3.000000000000000,s0.000000000000000
154_73,s7.000000000000000,s3.000000000000000,s0.000000000000000
154_74,s0.350000000000000,s3.800000000000000,s180.000000000000000
154_75,s1.050000000000000,s3.800000000000000,s180.000000000000000
154_76,s1.750000000000000,s3.800000000000000,s180.000000000000000
154_77,s2.450000000000000,s3.800000000000000,s180.000000000000000
154_78,s3.150000000000000,s3.800000000000000,s180.000000000000000
154_79,s3.850000000000000,s3.800000000000000,s180.000000000000000
154_80,s4.550000000000000,s3.800000000000000,s180.000000000000000
154_81,s5.250000000000000,s3.800000000000000,s180.000000000000000
154_82,s5.950000000000000,s3.800000000000000,s180.000000000000000
154_83,s6.650000000000000,s3.800000000000000,s180.000000000000000
154_84,s0.000000000000000,s4.000000000000000,s0.000000000000000
154_85,s0.700000000000000,s4.000000000000000,s0.000000000000000
154_86,s1.400000000000000,s4.000000000000000,s0.000000000000000
154_87,s2.100000000000000,s4.000000000000000,s0.000000000000000
154_88,s2.800000000000000,s4.000000000000000,s0.000000000000000
154_89,s3.500000000000000,s4.000000000000000,s0.000000000000000
154_90,s4.200000000000000,s4.000000000000000,s0.000000000000000
154_91,s4.900000000000000,s4.000000000000000,s0.000000000000000
154_92,s5.600000000000000,s4.000000000000000,s0.000000000000000
154_93,s6.300000000000000,s4.000000000000000,s0.000000000000000
154_94,s7.000000000000000,s4.000000000000000,s0.000000000000000
154_95,s0.350000000000000,s4.800000000000000,s180.000000000000000
154_96,s1.050000000000000,s4.800000000000000,s180.000000000000000
154_97,s1.750000000000000,s4.800000000000000,s180.000000000000000
154_98,s2.450000000000000,s4.800000000000000,s180.000000000000000
154_99,s3.150000000000000,s4.800000000000000,s180.000000000000000
154_100,s3.850000000000000,s4.800000000000000,s180.000000000000000
154_101,s4.550000000000000,s4.800000000000000,s180.000000000000000
154_102,s5.250000000000000,s4.800000000000000,s180.000000000000000
154_103,s5.950000000000000,s4.800000000000000,s180.000000000000000
154_104,s6.650000000000000,s4.800000000000000,s180.000000000000000
154_105,s0.000000000000000,s5.000000000000000,s0.000000000000000
154_106,s0.700000000000000,s5.000000000000000,s0.000000000000000
154_107,s1.400000000000000,s5.000000000000000,s0.000000000000000
154_108,s2.100000000000000,s5.000000000000000,s0.000000000000000
154_109,s2.800000000000000,s5.000000000000000,s0.000000000000000
154_110,s3.500000000000000,s5.000000000000000,s0.000000000000000
154_111,s4.200000000000000,s5.000000000000000,s0.000000000000000
154_112,s4.900000000000000,s5.000000000000000,s0.000000000000000
154_113,s5.600000000000000,s5.000000000000000,s0.000000000000000
154_114,s6.300000000000000,s5.000000000000000,s0.000000000000000
154_115,s7.000000000000000,s5.000000000000000,s0.000000000000000
154_116,s0.350000000000000,s5.800000000000000,s180.000000000000000
154_117,s1.050000000000000,s5.800000000000000,s180.000000000000000
154_118,s1.750000000000000,s5.800000000000000,s180.000000000000000
154_119,s2.450000000000000,s5.800000000000000,s180.000000000000000
154_120,s3.150000000000000,s5.800000000000000,s180.000000000000000
154_121,s3.850000000000000,s5.800000000000000,s180.000000000000000
154_122,s4.550000000000000,s5.800000000000000,s180.000000000000000
154_123,s5.250000000000000,s5.800000000000000,s180.000000000000000
154_124,s5.950000000000000,s5.800000000000000,s180.000000000000000
154_125,s6.650000000000000,s5.800000000000000,s180.000000000000000
154_126,s0.000000000000000,s6.000000000000000,s0.000000000000000
154_127,s0.700000000000000,s6.000000000000000,s0.000000000000000
154_128,s1.400000000000000,s6.000000000000000,s0.000000000000000
154_129,s2.100000000000000,s6.000000000000000,s0.000000000000000
154_130,s2.800000000000000,s6.000000000000000,s0.000000000000000
154_131,s3.500000000000000,s6.000000000000000,s0.000000000000000
154_132,s4.200000000000000,s6.000000000000000,s0.000000000000000
154_133,s4.900000000000000,s6.000000000000000,s0.000000000000000
154_134,s5.600000000000000,s6.000000000000000,s0.000000000000000
154_135,s6.300000000000000,s6.000000000000000,s0.000000000000000
154_136,s7.000000000000000,s6.000000000000000,s0.000000000000000
154_137,s0.350000000000000,s6.800000000000000,s180.000000000000000
154_138,s1.050000000000000,s6.800000000000000,s180.000000000000000
154_139,s1.750000000000000,s6.800000000000000,s180.000000000000000
154_140,s2.450000000000000,s6.800000000000000,s180.000000000000000
154_141,s3.150000000000000,s6.800000000000000,s180.000000000000000
154_142,s3.850000000000000,s6.800000000000000,s180.000000000000000
154_143,s4.550000000000000,s6.800000000000000,s180.000000000000000
154_144,s5.250000000000000,s6.800000000000000,s180.000000000000000
154_145,s5.950000000000000,s6.800000000000000,s180.000000000000000
154_146,s6.650000000000000,s6.800000000000000,s180.000000000000000
154_147,s0.000000000000000,s7.000000000000000,s0.000000000000000
154_148,s0.700000000000000,s7.000000000000000,s0.000000000000000
154_149,s1.400000000000000,s7.000000000000000,s0.000000000000000
154_150,s2.100000000000000,s7.000000000000000,s0.000000000000000
154_151,s2.800000000000000,s7.000000000000000,s0.000000000000000
154_152,s3.500000000000000,s7.000000000000000,s0.000000000000000
154_153,s4.200000000000000,s7.000000000000000,s0.000000000000000
155_0,s0.000000000000000,s0.000000000000000,s0.000000000000000
155_1,s0.700000000000000,s0.000000000000000,s0.000000000000000
155_2,s1.400000000000000,s0.000000000000000,s0.000000000000000
155_3,s2.100000000000000,s0.000000000000000,s0.000000000000000
155_4,s2.800000000000000,s0.000000000000000,s0.000000000000000
155_5,s3.500000000000000,s0.000000000000000,s0.000000000000000
155_6,s4.200000000000000,s0.000000000000000,s0.000000000000000
155_7,s4.900000000000000,s0.000000000000000,s0.000000000000000
155_8,s5.600000000000000,s0.000000000000000,s0.000000000000000
155_9,s6.300000000000000,s0.000000000000000,s0.000000000000000
155_10,s7.000000000000000,s0.000000000000000,s0.000000000000000
155_11,s0.350000000000000,s0.800000000000000,s180.000000000000000
155_12,s1.050000000000000,s0.800000000000000,s180.000000000000000
155_13,s1.750000000000000,s0.800000000000000,s180.000000000000000
155_14,s2.450000000000000,s0.800000000000000,s180.000000000000000
155_15,s3.150000000000000,s0.800000000000000,s180.000000000000000
155_16,s3.850000000000000,s0.800000000000000,s180.000000000000000
155_17,s4.550000000000000,s0.800000000000000,s180.000000000000000
155_18,s5.250000000000000,s0.800000000000000,s180.000000000000000
155_19,s5.950000000000000,s0.800000000000000,s180.000000000000000
155_20,s6.650000000000000,s0.800000000000000,s180.000000000000000
155_21,s0.000000000000000,s1.000000000000000,s0.000000000000000
155_22,s0.700000000000000,s1.000000000000000,s0.000000000000000
155_23,s1.400000000000000,s1.000000000000000,s0.000000000000000
155_24,s2.100000000000000,s1.000000000000000,s0.000000000000000
155_25,s2.800000000000000,s1.000000000000000,s0.000000000000000
155_26,s3.500000000000000,s1.000000000000000,s0.000000000000000
155_27,s4.200000000000000,s1.000000000000000,s0.000000000000000
155_28,s4.900000000000000,s1.000000000000000,s0.000000000000000
155_29,s5.600000000000000,s1.000000000000000,s0.000000000000000
155_30,s6.300000000000000,s1.000000000000000,s0.000000000000000
155_31,s7.000000000000000,s1.000000000000000,s0.000000000000000
155_32,s0.350000000000000,s1.800000000000000,s180.000000000000000
155_33,s1.050000000000000,s1.800000000000000,s180.000000000000000
155_34,s1.750000000000000,s1.800000000000000,s180.000000000000000
155_35,s2.450000000000000,s1.800000000000000,s180.000000000000000
155_36,s3.150000000000000,s1.800000000000000,s180.000000000000000
155_37,s3.850000000000000,s1.800000000000000,s180.000000000000000
155_38,s4.550000000000000,s1.800000000000000,s180.000000000000000
155_39,s5.250000000000000,s1.800000000000000,s180.000000000000000
155_40,s5.950000000000000,s1.800000000000000,s180.000000000000000
155_41,s6.650000000000000,s1.800000000000000,s180.000000000000000
155_42,s0.000000000000000,s2.000000000000000,s0.000000000000000
155_43,s0.700000000000000,s2.000000000000000,s0.000000000000000
155_44,s1.400000000000000,s2.000000000000000,s0.000000000000000
155_45,s2.100000000000000,s2.000000000000000,s0.000000000000000
155_46,s2.800000000000000,s2.000000000000000,s0.000000000000000
155_47,s3.500000000000000,s2.000000000000000,s0.000000000000000
155_48,s4.200000000000000,s2.000000000000000,s0.000000000000000
155_49,s4.900000000000000,s2.000000000000000,s0.000000000000000
155_50,s5.600000000000000,s2.000000000000000,s0.000000000000000
155_51,s6.300000000000000,s2.000000000000000,s0.000000000000000
155_52,s7.000000000000000,s2.000000000000000,s0.000000000000000
155_53,s0.350000000000000,s2.800000000000000,s180.000000000000000
155_54,s1.050000000000000,s2.800000000000000,s180.000000000000000
155_55,s1.750000000000000,s2.800000000000000,s180.000000000000000
155_56,s2.450000000000000,s2.800000000000000,s180.000000000000000
155_57,s3.150000000000000,s2.800000000000000,s180.000000000000000
155_58,s3.850000000000000,s2.800000000000000,s180.000000000000000
155_59,s4.550000000000000,s2.800000000000000,s180.000000000000000
155_60,s5.250000000000000,s2.800000000000000,s180.000000000000000
155_61,s5.950000000000000,s2.800000000000000,s180.000000000000000
155_62,s6.650000000000000,s2.800000000000000,s180.000000000000000
155_63,s0.000000000000000,s3.000000000000000,s0.000000000000000
155_64,s0.700000000000000,s3.000000000000000,s0.000000000000000
155_65,s1.400000000000000,s3.000000000000000,s0.000000000000000
155_66,s2.100000000000000,s3.000000000000000,s0.000000000000000
155_67,s2.800000000000000,s3.000000000000000,s0.000000000000000
155_68,s3.500000000000000,s3.000000000000000,s0.000000000000000
155_69,s4.200000000000000,s3.000000000000000,s0.000000000000000
155_70,s4.900000000000000,s3.000000000000000,s0.000000000000000
155_71,s5.600000000000000,s3.000000000000000,s0.000000000000000
155_72,s6.300000000000000,s3.000000000000000,s0.000000000000000
155_73,s7.000000000000000,s3.000000000000000,s0.000000000000000
155_74,s0.350000000000000,s3.800000000000000,s180.000000000000000
155_75,s1.050000000000000,s3.800000000000000,s180.000000000000000
155_76,s1.750000000000000,s3.800000000000000,s180.000000000000000
155_77,s2.450000000000000,s3.800000000000000,s180.000000000000000
155_78,s3.150000000000000,s3.800000000000000,s180.000000000000000
155_79,s3.850000000000000,s3.800000000000000,s180.000000000000000
155_80,s4.550000000000000,s3.800000000000000,s180.000000000000000
155_81,s5.250000000000000,s3.800000000000000,s180.000000000000000
155_82,s5.950000000000000,s3.800000000000000,s180.000000000000000
155_83,s6.650000000000000,s3.800000000000000,s180.000000000000000
155_84,s0.000000000000000,s4.000000000000000,s0.000000000000000
155_85,s0.700000000000000,s4.000000000000000,s0.000000000000000
155_86,s1.400000000000000,s4.000000000000000,s0.000000000000000
155_87,s2.100000000000000,s4.000000000000000,s0.000000000000000
155_88,s2.800000000000000,s4.000000000000000,s0.000000000000000
155_89,s3.500000000000000,s4.000000000000000,s0.000000000000000
155_90,s4.200000000000000,s4.000000000000000,s0.000000000000000
155_91,s4.900000000000000,s4.000000000000000,s0.000000000000000
155_92,s5.600000000000000,s4.000000000000000,s0.000000000000000
155_93,s6.300000000000000,s4.000000000000000,s0.000000000000000
155_94,s7.000000000000000,s4.000000000000000,s0.000000000000000
155_95,s0.350000000000000,s4.800000000000000,s180.000000000000000
155_96,s1.050000000000000,s4.800000000000000,s180.000000000000000
155_97,s1.750000000000000,s4.800000000000000,s180.000000000000000
155_98,s2.450000000000000,s4.800000000000000,s180.000000000000000
155_99,s3.150000000000000,s4.800000000000000,s180.000000000000000
155_100,s3.850000000000000,s4.800000000000000,s180.000000000000000
155_101,s4.550000000000000,s4.800000000000000,s180.000000000000000
155_102,s5.250000000000000,s4.800000000000000,s180.000000000000000
155_103,s5.950000000000000,s4.800000000000000,s180.000000000000000
155_104,s6.650000000000000,s4.800000000000000,s180.000000000000000
155_105,s0.000000000000000,s5.000000000000000,s0.000000000000000
155_106,s0.700000000000000,s5.000000000000000,s0.000000000000000
155_107,s1.400000000000000,s5.000000000000000,s0.000000000000000
155_108,s2.100000000000000,s5.000000000000000,s0.000000000000000
155_109,s2.800000000000000,s5.000000000000000,s0.000000000000000
155_110,s3.500000000000000,s5.000000000000000,s0.000000000000000
155_111,s4.200000000000000,s5.000000000000000,s0.000000000000000
155_112,s4.900000000000000,s5.000000000000000,s0.000000000000000
155_113,s5.600000000000000,s5.000000000000000,s0.000000000000000
155_114,s6.300000000000000,s5.000000000000000,s0.000000000000000
155_115,s7.000000000000000,s5.000000000000000,s0.000000000000000
155_116,s0.350000000000000,s5.800000000000000,s180.000000000000000
155_117,s1.050000000000000,s5.800000000000000,s180.000000000000000
155_118,s1.750000000000000,s5.800000000000000,s180.000000000000000
155_119,s2.450000000000000,s5.800000000000000,s180.000000000000000
155_120,s3.150000000000000,s5.800000000000000,s180.000000000000000
155_121,s3.850000000000000,s5.800000000000000,s180.000000000000000
155_122,s4.550000000000000,s5.800000000000000,s180.000000000000000
155_123,s5.250000000000000,s5.800000000000000,s180.000000000000000
155_124,s5.950000000000000,s5.800000000000000,s180.000000000000000
155_125,s6.650000000000000,s5.800000000000000,s180.000000000000000
155_126,s0.000000000000000,s6.000000000000000,s0.000000000000000
155_127,s0.700000000000000,s6.000000000000000,s0.000000000000000
155_128,s1.400000000000000,s6.000000000000000,s0.000000000000000
155_129,s2.100000000000000,s6.000000000000000,s0.000000000000000
155_130,s2.800000000000000,s6.000000000000000,s0.000000000000000
155_131,s3.500000000000000,s6.000000000000000,s0.000000000000000
155_132,s4.200000000000000,s6.000000000000000,s0.000000000000000
155_133,s4.900000000000000,s6.000000000000000,s0.000000000000000
155_134,s5.600000000000000,s6.000000000000000,s0.000000000000000
155_135,s6.300000000000000,s6.000000000000000,s0.000000000000000
155_136,s7.000000000000000,s6.000000000000000,s0.000000000000000
155_137,s0.350000000000000,s6.800000000000000,s180.000000000000000
155_138,s1.050000000000000,s6.800000000000000,s180.000000000000000
155_139,s1.750000000000000,s6.800000000000000,s180.000000000000000
155_140,s2.450000000000000,s6.800000000000000,s180.000000000000000
155_141,s3.150000000000000,s6.800000000000000,s180.000000000000000
155_142,s3.850000000000000,s6.800000000000000,s180.000000000000000
155_143,s4.550000000000000,s6.800000000000000,s180.000000000000000
155_144,s5.250000000000000,s6.800000000000000,s180.000000000000000
155_145,s5.950000000000000,s6.800000000000000,s180.000000000000000
155_146,s6.650000000000000,s6.800000000000000,s180.000000000000000
155_147,s0.000000000000000,s7.000000000000000,s0.000000000000000
155_148,s0.700000000000000,s7.000000000000000,s0.000000000000000
155_149,s1.400000000000000,s7.000000000000000,s0.000000000000000
155_150,s2.100000000000000,s7.000000000000000,s0.000000000000000
155_151,s2.800000000000000,s7.000000000000000,s0.000000000000000
155_152,s3.500000000000000,s7.000000000000000,s0.000000000000000
155_153,s4.200000000000000,s7.000000000000000,s0.000000000000000
155_154,s4.900000000000000,s7.000000000000000,s0.000000000000000
156_0,s0.000000000000000,s0.000000000000000,s0.000000000000000
156_1,s0.700000000000000,s0.000000000000000,s0.000000000000000
156_2,s1.400000000000000,s0.000000000000000,s0.000000000000000
156_3,s2.100000000000000,s0.000000000000000,s0.000000000000000
156_4,s2.800000000000000,s0.000000000000000,s0.000000000000000
156_5,s3.500000000000000,s0.000000000000000,s0.000000000000000
156_6,s4.200000000000000,s0.000000000000000,s0.000000000000000
156_7,s4.900000000000000,s0.000000000000000,s0.000000000000000
156_8,s5.600000000000000,s0.000000000000000,s0.000000000000000
156_9,s6.300000000000000,s0.000000000000000,s0.000000000000000
156_10,s7.000000000000000,s0.000000000000000,s0.000000000000000
156_11,s0.350000000000000,s0.800000000000000,s180.000000000000000
156_12,s1.050000000000000,s0.800000000000000,s180.000000000000000
156_13,s1.750000000000000,s0.800000000000000,s180.000000000000000
156_14,s2.450000000000000,s0.800000000000000,s180.000000000000000
156_15,s3.150000000000000,s0.800000000000000,s180.000000000000000
156_16,s3.850000000000000,s0.800000000000000,s180.000000000000000
156_17,s4.550000000000000,s0.800000000000000,s180.000000000000000
156_18,s5.250000000000000,s0.800000000000000,s180.000000000000000
156_19,s5.950000000000000,s0.800000000000000,s180.000000000000000
156_20,s6.650000000000000,s0.800000000000000,s180.000000000000000
156_21,s0.000000000000000,s1.000000000000000,s0.000000000000000
156_22,s0.700000000000000,s1.000000000000000,s0.000000000000000
156_23,s1.400000000000000,s1.000000000000000,s0.000000000000000
156_24,s2.100000000000000,s1.000000000000000,s0.000000000000000
156_25,s2.800000000000000,s1.000000000000000,s0.000000000000000
156_26,s3.500000000000000,s1.000000000000000,s0.000000000000000
156_27,s4.200000000000000,s1.000000000000000,s0.000000000000000
156_28,s4.900000000000000,s1.000000000000000,s0.000000000000000
156_29,s5.600000000000000,s1.000000000000000,s0.000000000000000
156_30,s6.300000000000000,s1.000000000000000,s0.000000000000000
156_31,s7.000000000000000,s1.000000000000000,s0.000000000000000
156_32,s0.350000000000000,s1.800000000000000,s180.000000000000000
156_33,s1.050000000000000,s1.800000000000000,s180.000000000000000
156_34,s1.750000000000000,s1.800000000000000,s180.000000000000000
156_35,s2.450000000000000,s1.800000000000000,s180.000000000000000
156_36,s3.150000000000000,s1.800000000000000,s180.000000000000000
156_37,s3.850000000000000,s1.800000000000000,s180.000000000000000
156_38,s4.550000000000000,s1.800000000000000,s180.000000000000000
156_39,s5.250000000000000,s1.800000000000000,s180.000000000000000
156_40,s5.950000000000000,s1.800000000000000,s180.000000000000000
156_41,s6.650000000000000,s1.800000000000000,s180.000000000000000
156_42,s0.000000000000000,s2.000000000000000,s0.000000000000000
156_43,s0.700000000000000,s2.000000000000000,s0.000000000000000
156_44,s1.400000000000000,s2.000000000000000,s0.000000000000000
156_45,s2.100000000000000,s2.000000000000000,s0.000000000000000
156_46,s2.800000000000000,s2.000000000000000,s0.000000000000000
156_47,s3.500000000000000,s2.000000000000000,s0.000000000000000
156_48,s4.200000000000000,s2.000000000000000,s0.000000000000000
156_49,s4.900000000000000,s2.000000000000000,s0.000000000000000
156_50,s5.600000000000000,s2.000000000000000,s0.000000000000000
156_51,s6.300000000000000,s2.000000000000000,s0.000000000000000
156_52,s7.000000000000000,s2.000000000000000,s0.000000000000000
156_53,s0.350000000000000,s2.800000000000000,s180.000000000000000
156_54,s1.050000000000000,s2.800000000000000,s180.000000000000000
156_55,s1.750000000000000,s2.800000000000000,s180.000000000000000
156_56,s2.450000000000000,s2.800000000000000,s180.000000000000000
156_57,s3.150000000000000,s2.800000000000000,s180.000000000000000
156_58,s3.850000000000000,s2.800000000000000,s180.000000000000000
156_59,s4.550000000000000,s2.800000000000000,s180.000000000000000
156_60,s5.250000000000000,s2.800000000000000,s180.000000000000000
156_61,s5.950000000000000,s2.800000000000000,s180.000000000000000
156_62,s6.650000000000000,s2.800000000000000,s180.000000000000000
156_63,s0.000000000000000,s3.000000000000000,s0.000000000000000
156_64,s0.700000000000000,s3.000000000000000,s0.000000000000000
156_65,s1.400000000000000,s3.000000000000000,s0.000000000000000
156_66,s2.100000000000000,s3.000000000000000,s0.000000000000000
156_67,s2.800000000000000,s3.000000000000000,s0.000000000000000
156_68,s3.500000000000000,s3.000000000000000,s0.000000000000000
156_69,s4.200000000000000,s3.000000000000000,s0.000000000000000
156_70,s4.900000000000000,s3.000000000000000,s0.000000000000000
156_71,s5.600000000000000,s3.000000000000000,s0.000000000000000
156_72,s6.300000000000000,s3.000000000000000,s0.000000000000000
156_73,s7.000000000000000,s3.000000000000000,s0.000000000000000
156_74,s0.350000000000000,s3.800000000000000,s180.000000000000000
156_75,s1.050000000000000,s3.800000000000000,s180.000000000000000
156_76,s1.750000000000000,s3.800000000000000,s180.000000000000000
156_77,s2.450000000000000,s3.800000000000000,s180.000000000000000
156_78,s3.150000000000000,s3.800000000000000,s180.000000000000000
156_79,s3.850000000000000,s3.800000000000000,s180.000000000000000
156_80,s4.550000000000000,s3.800000000000000,s180.000000000000000
156_81,s5.250000000000000,s3.800000000000000,s180.000000000000000
156_82,s5.950000000000000,s3.800000000000000,s180.000000000000000
156_83,s6.650000000000000,s3.800000000000000,s180.000000000000000
156_84,s0.000000000000000,s4.000000000000000,s0.000000000000000
156_85,s0.700000000000000,s4.000000000000000,s0.000000000000000
156_86,s1.400000000000000,s4.000000000000000,s0.000000000000000
156_87,s2.100000000000000,s4.000000000000000,s0.000000000000000
156_88,s2.800000000000000,s4.000000000000000,s0.000000000000000
156_89,s3.500000000000000,s4.000000000000000,s0.000000000000000
156_90,s4.200000000000000,s4.000000000000000,s0.000000000000000
156_91,s4.900000000000000,s4.000000000000000,s0.000000000000000
156_92,s5.600000000000000,s4.000000000000000,s0.000000000000000
156_93,s6.300000000000000,s4.000000000000000,s0.000000000000000
156_94,s7.000000000000000,s4.000000000000000,s0.000000000000000
156_95,s0.350000000000000,s4.800000000000000,s180.000000000000000
156_96,s1.050000000000000,s4.800000000000000,s180.000000000000000
156_97,s1.750000000000000,s4.800000000000000,s180.000000000000000
156_98,s2.450000000000000,s4.800000000000000,s180.000000000000000
156_99,s3.150000000000000,s4.800000000000000,s180.000000000000000
156_100,s3.850000000000000,s4.800000000000000,s180.000000000000000
156_101,s4.550000000000000,s4.800000000000000,s180.000000000000000
156_102,s5.250000000000000,s4.800000000000000,s180.000000000000000
156_103,s5.950000000000000,s4.800000000000000,s180.000000000000000
156_104,s6.650000000000000,s4.800000000000000,s180.000000000000000
156_105,s0.000000000000000,s5.000000000000000,s0.000000000000000
156_106,s0.700000000000000,s5.000000000000000,s0.000000000000000
156_107,s1.400000000000000,s5.000000000000000,s0.000000000000000
156_108,s2.100000000000000,s5.000000000000000,s0.000000000000000
156_109,s2.800000000000000,s5.000000000000000,s0.000000000000000
156_110,s3.500000000000000,s5.000000000000000,s0.000000000000000
156_111,s4.200000000000000,s5.000000000000000,s0.000000000000000
156_112,s4.900000000000000,s5.000000000000000,s0.000000000000000
156_113,s5.600000000000000,s5.000000000000000,s0.000000000000000
156_114,s6.300000000000000,s5.000000000000000,s0.000000000000000
156_115,s7.000000000000000,s5.000000000000000,s0.000000000000000
156_116,s0.350000000000000,s5.800000000000000,s180.000000000000000
156_117,s1.050000000000000,s5.800000000000000,s180.000000000000000
156_118,s1.750000000000000,s5.800000000000000,s180.000000000000000
156_119,s2.450000000000000,s5.800000000000000,s180.000000000000000
156_120,s3.150000000000000,s5.800000000000000,s180.000000000000000
156_121,s3.850000000000000,s5.800000000000000,s180.000000000000000
156_122,s4.550000000000000,s5.800000000000000,s180.000000000000000
156_123,s5.250000000000000,s5.800000000000000,s180.000000000000000
156_124,s5.950000000000000,s5.800000000000000,s180.000000000000000
156_125,s6.650000000000000,s5.800000000000000,s180.000000000000000
156_126,s0.000000000000000,s6.000000000000000,s0.000000000000000
156_127,s0.700000000000000,s6.000000000000000,s0.000000000000000
156_128,s1.400000000000000,s6.000000000000000,s0.000000000000000
156_129,s2.100000000000000,s6.000000000000000,s0.000000000000000
156_130,s2.800000000000000,s6.000000000000000,s0.000000000000000
156_131,s3.500000000000000,s6.000000000000000,s0.000000000000000
156_132,s4.200000000000000,s6.000000000000000,s0.000000000000000
156_133,s4.900000000000000,s6.000000000000000,s0.000000000000000
156_134,s5.600000000000000,s6.000000000000000,s0.000000000000000
156_135,s6.300000000000000,s6.000000000000000,s0.000000000000000
156_136,s7.000000000000000,s6.000000000000000,s0.000000000000000
156_137,s0.350000000000000,s6.800000000000000,s180.000000000000000
156_138,s1.050000000000000,s6.800000000000000,s180.000000000000000
156_139,s1.750000000000000,s6.800000000000000,s180.000000000000000
156_140,s2.450000000000000,s6.800000000000000,s180.000000000000000
156_141,s3.150000000000000,s6.800000000000000,s180.000000000000000
156_142,s3.850000000000000,s6.800000000000000,s180.000000000000000
156_143,s4.550000000000000,s6.800000000000000,s180.000000000000000
156_144,s5.250000000000000,s6.800000000000000,s180.000000000000000
156_145,s5.950000000000000,s6.800000000000000,s180.000000000000000
156_146,s6.650000000000000,s6.800000000000000,s180.000000000000000
156_147,s0.000000000000000,s7.000000000000000,s0.000000000000000
156_148,s0.700000000000000,s7.000000000000000,s0.000000000000000
156_149,s1.400000000000000,s7.000000000000000,s0.000000000000000
156_150,s2.100000000000000,s7.000000000000000,s0.000000000000000
156_151,s2.800000000000000,s7.000000000000000,s0.000000000000000
156_152,s3.500000000000000,s7.000000000000000,s0.000000000000000
156_153,s4.200000000000000,s7.000000000000000,s0.000000000000000
156_154,s4.900000000000000,s7.000000000000000,s0.000000000000000
156_155,s5.600000000000000,s7.000000000000000,s0.000000000000000
157_0,s0.000000000000000,s0.000000000000000,s0.000000000000000
157_1,s0.700000000000000,s0.000000000000000,s0.000000000000000
157_2,s1.400000000000000,s0.000000000000000,s0.000000000000000
157_3,s2.100000000000000,s0.000000000000000,s0.000000000000000
157_4,s2.800000000000000,s0.000000000000000,s0.000000000000000
157_5,s3.500000000000000,s0.000000000000000,s0.000000000000000
157_6,s4.200000000000000,s0.000000000000000,s0.000000000000000
157_7,s4.900000000000000,s0.000000000000000,s0.000000000000000
157_8,s5.600000000000000,s0.000000000000000,s0.000000000000000
157_9,s6.300000000000000,s0.000000000000000,s0.000000000000000
157_10,s7.000000000000000,s0.000000000000000,s0.000000000000000
157_11,s0.350000000000000,s0.800000000000000,s180.000000000000000
157_12,s1.050000000000000,s0.800000000000000,s180.000000000000000
157_13,s1.750000000000000,s0.800000000000000,s180.000000000000000
157_14,s2.450000000000000,s0.800000000000000,s180.000000000000000
157_15,s3.150000000000000,s0.800000000000000,s180.000000000000000
157_16,s3.850000000000000,s0.800000000000000,s180.000000000000000
157_17,s4.550000000000000,s0.800000000000000,s180.000000000000000
157_18,s5.250000000000000,s0.800000000000000,s180.000000000000000
157_19,s5.950000000000000,s0.800000000000000,s180.000000000000000
157_20,s6.650000000000000,s0.800000000000000,s180.000000000000000
157_21,s0.000000000000000,s1.000000000000000,s0.000000000000000
157_22,s0.700000000000000,s1.000000000000000,s0.000000000000000
157_23,s1.400000000000000,s1.000000000000000,s0.000000000000000
157_24,s2.100000000000000,s1.000000000000000,s0.000000000000000
157_25,s2.800000000000000,s1.000000000000000,s0.000000000000000
157_26,s3.500000000000000,s1.000000000000000,s0.000000000000000
157_27,s4.200000000000000,s1.000000000000000,s0.000000000000000
157_28,s4.900000000000000,s1.000000000000000,s0.000000000000000
157_29,s5.600000000000000,s1.000000000000000,s0.000000000000000
157_30,s6.300000000000000,s1.000000000000000,s0.000000000000000
157_31,s7.000000000000000,s1.000000000000000,s0.000000000000000
157_32,s0.350000000000000,s1.800000000000000,s180.000000000000000
157_33,s1.050000000000000,s1.800000000000000,s180.000000000000000
157_34,s1.750000000000000,s1.800000000000000,s180.000000000000000
157_35,s2.450000000000000,s1.800000000000000,s180.000000000000000
157_36,s3.150000000000000,s1.800000000000000,s180.000000000000000
157_37,s3.850000000000000,s1.800000000000000,s180.000000000000000
157_38,s4.550000000000000,s1.800000000000000,s180.000000000000000
157_39,s5.250000000000000,s1.800000000000000,s180.000000000000000
157_40,s5.950000000000000,s1.800000000000000,s180.000000000000000
157_41,s6.650000000000000,s1.800000000000000,s180.000000000000000
157_42,s0.000000000000000,s2.000000000000000,s0.000000000000000
157_43,s0.700000000000000,s2.000000000000000,s0.000000000000000
157_44,s1.400000000000000,s2.000000000000000,s0.000000000000000
157_45,s2.100000000000000,s2.000000000000000,s0.000000000000000
157_46,s2.800000000000000,s2.000000000000000,s0.000000000000000
157_47,s3.500000000000000,s2.000000000000000,s0.000000000000000
157_48,s4.200000000000000,s2.000000000000000,s0.000000000000000
157_49,s4.900000000000000,s2.000000000000000,s0.000000000000000
157_50,s5.600000000000000,s2.000000000000000,s0.000000000000000
157_51,s6.300000000000000,s2.000000000000000,s0.000000000000000
157_52,s7.000000000000000,s2.000000000000000,s0.000000000000000
157_53,s0.350000000000000,s2.800000000000000,s180.000000000000000
157_54,s1.050000000000000,s2.800000000000000,s180.000000000000000
157_55,s1.750000000000000,s2.800000000000000,s180.000000000000000
157_56,s2.450000000000000,s2.800000000000000,s180.000000000000000
157_57,s3.150000000000000,s2.800000000000000,s180.000000000000000
157_58,s3.850000000000000,s2.800000000000000,s180.000000000000000
157_59,s4.550000000000000,s2.800000000000000,s180.000000000000000
157_60,s5.250000000000000,s2.800000000000000,s180.000000000000000
157_61,s5.950000000000000,s2.800000000000000,s180.000000000000000
157_62,s6.650000000000000,s2.800000000000000,s180.000000000000000
157_63,s0.000000000000000,s3.000000000000000,s0.000000000000000
157_64,s0.700000000000000,s3.000000000000000,s0.000000000000000
157_65,s1.400000000000000,s3.000000000000000,s0.000000000000000
157_66,s2.100000000000000,s3.000000000000000,s0.000000000000000
157_67,s2.800000000000000,s3.000000000000000,s0.000000000000000
157_68,s3.500000000000000,s3.000000000000000,s0.000000000000000
157_69,s4.200000000000000,s3.000000000000000,s0.000000000000000
157_70,s4.900000000000000,s3.000000000000000,s0.000000000000000
157_71,s5.600000000000000,s3.000000000000000,s0.000000000000000
157_72,s6.300000000000000,s3.000000000000000,s0.000000000000000
157_73,s7.000000000000000,s3.000000000000000,s0.000000000000000
157_74,s0.350000000000000,s3.800000000000000,s180.000000000000000
157_75,s1.050000000000000,s3.800000000000000,s180.000000000000000
157_76,s1.750000000000000,s3.800000000000000,s180.000000000000000
157_77,s2.450000000000000,s3.800000000000000,s180.000000000000000
157_78,s3.150000000000000,s3.800000000000000,s180.000000000000000
157_79,s3.850000000000000,s3.800000000000000,s180.000000000000000
157_80,s4.550000000000000,s3.800000000000000,s180.000000000000000
157_81,s5.250000000000000,s3.800000000000000,s180.000000000000000
157_82,s5.950000000000000,s3.800000000000000,s180.000000000000000
157_83,s6.650000000000000,s3.800000000000000,s180.000000000000000
157_84,s0.000000000000000,s4.000000000000000,s0.000000000000000
157_85,s0.700000000000000,s4.000000000000000,s0.000000000000000
157_86,s1.400000000000000,s4.000000000000000,s0.000000000000000
157_87,s2.100000000000000,s4.000000000000000,s0.000000000000000
157_88,s2.800000000000000,s4.000000000000000,s0.000000000000000
157_89,s3.500000000000000,s4.000000000000000,s0.000000000000000
157_90,s4.200000000000000,s4.000000000000000,s0.000000000000000
157_91,s4.900000000000000,s4.000000000000000,s0.000000000000000
157_92,s5.600000000000000,s4.000000000000000,s0.000000000000000
157_93,s6.300000000000000,s4.000000000000000,s0.000000000000000
157_94,s7.000000000000000,s4.000000000000000,s0.000000000000000
157_95,s0.350000000000000,s4.800000000000000,s180.000000000000000
157_96,s1.050000000000000,s4.800000000000000,s180.000000000000000
157_97,s1.750000000000000,s4.800000000000000,s180.000000000000000
157_98,s2.450000000000000,s4.800000000000000,s180.000000000000000
157_99,s3.150000000000000,s4.800000000000000,s180.000000000000000
157_100,s3.850000000000000,s4.800000000000000,s180.000000000000000
157_101,s4.550000000000000,s4.800000000000000,s180.000000000000000
157_102,s5.250000000000000,s4.800000000000000,s180.000000000000000
157_103,s5.950000000000000,s4.800000000000000,s180.000000000000000
157_104,s6.650000000000000,s4.800000000000000,s180.000000000000000
157_105,s0.000000000000000,s5.000000000000000,s0.000000000000000
157_106,s0.700000000000000,s5.000000000000000,s0.000000000000000
157_107,s1.400000000000000,s5.000000000000000,s0.000000000000000
157_108,s2.100000000000000,s5.000000000000000,s0.000000000000000
157_109,s2.800000000000000,s5.000000000000000,s0.000000000000000
157_110,s3.500000000000000,s5.000000000000000,s0.000000000000000
157_111,s4.200000000000000,s5.000000000000000,s0.000000000000000
157_112,s4.900000000000000,s5.000000000000000,s0.000000000000000
157_113,s5.600000000000000,s5.000000000000000,s0.000000000000000
157_114,s6.300000000000000,s5.000000000000000,s0.000000000000000
157_115,s7.000000000000000,s5.000000000000000,s0.000000000000000
157_116,s0.350000000000000,s5.800000000000000,s180.000000000000000
157_117,s1.050000000000000,s5.800000000000000,s180.000000000000000
157_118,s1.750000000000000,s5.800000000000000,s180.000000000000000
157_119,s2.450000000000000,s5.800000000000000,s180.000000000000000
157_120,s3.150000000000000,s5.800000000000000,s180.000000000000000
157_121,s3.850000000000000,s5.800000000000000,s180.000000000000000
157_122,s4.550000000000000,s5.800000000000000,s180.000000000000000
157_123,s5.250000000000000,s5.800000000000000,s180.000000000000000
157_124,s5.950000000000000,s5.800000000000000,s180.000000000000000
157_125,s6.650000000000000,s5.800000000000000,s180.000000000000000
157_126,s0.000000000000000,s6.000000000000000,s0.000000000000000
157_127,s0.700000000000000,s6.000000000000000,s0.000000000000000
157_128,s1.400000000000000,s6.000000000000000,s0.000000000000000
157_129,s2.100000000000000,s6.000000000000000,s0.000000000000000
157_130,s2.800000000000000,s6.000000000000000,s0.000000000000000
157_131,s3.500000000000000,s6.000000000000000,s0.000000000000000
157_132,s4.200000000000000,s6.000000000000000,s0.000000000000000
157_133,s4.900000000000000,s6.000000000000000,s0.000000000000000
157_134,s5.600000000000000,s6.000000000000000,s0.000000000000000
157_135,s6.300000000000000,s6.000000000000000,s0.000000000000000
157_136,s7.000000000000000,s6.000000000000000,s0.000000000000000
157_137,s0.350000000000000,s6.800000000000000,s180.000000000000000
157_138,s1.050000000000000,s6.800000000000000,s180.000000000000000
157_139,s1.750000000000000,s6.800000000000000,s180.000000000000000
157_140,s2.450000000000000,s6.800000000000000,s180.000000000000000
157_141,s3.150000000000000,s6.800000000000000,s180.000000000000000
157_142,s3.850000000000000,s6.800000000000000,s180.000000000000000
157_143,s4.550000000000000,s6.800000000000000,s180.000000000000000
157_144,s5.250000000000000,s6.800000000000000,s180.000000000000000
157_145,s5.950000000000000,s6.800000000000000,s180.000000000000000
157_146,s6.650000000000000,s6.800000000000000,s180.000000000000000
157_147,s0.000000000000000,s7.000000000000000,s0.000000000000000
157_148,s0.700000000000000,s7.000000000000000,s0.000000000000000
157_149,s1.400000000000000,s7.000000000000000,s0.000000000000000
157_150,s2.100000000000000,s7.000000000000000,s0.000000000000000
157_151,s2.800000000000000,s7.000000000000000,s0.000000000000000
157_152,s3.500000000000000,s7.000000000000000,s0.000000000000000
157_153,s4.200000000000000,s7.000000000000000,s0.000000000000000
157_154,s4.900000000000000,s7.000000000000000,s0.000000000000000
157_155,s5.600000000000000,s7.000000000000000,s0.000000000000000
157_156,s6.300000000000000,s7.000000000000000,s0.000000000000000
158_0,s0.000000000000000,s0.000000000000000,s0.000000000000000
158_1,s0.700000000000000,s0.000000000000000,s0.000000000000000
158_2,s1.400000000000000,s0.000000000000000,s0.000000000000000
158_3,s2.100000000000000,s0.000000000000000,s0.000000000000000
158_4,s2.800000000000000,s0.000000000000000,s0.000000000000000
158_5,s3.500000000000000,s0.000000000000000,s0.000000000000000
158_6,s4.200000000000000,s0.000000000000000,s0.000000000000000
158_7,s4.900000000000000,s0.000000000000000,s0.000000000000000
158_8,s5.600000000000000,s0.000000000000000,s0.000000000000000
158_9,s6.300000000000000,s0.000000000000000,s0.000000000000000
158_10,s7.000000000000000,s0.000000000000000,s0.000000000000000
158_11,s0.350000000000000,s0.800000000000000,s180.000000000000000
158_12,s1.050000000000000,s0.800000000000000,s180.000000000000000
158_13,s1.750000000000000,s0.800000000000000,s180.000000000000000
158_14,s2.450000000000000,s0.800000000000000,s180.000000000000000
158_15,s3.150000000000000,s0.800000000000000,s180.000000000000000
158_16,s3.850000000000000,s0.800000000000000,s180.000000000000000
158_17,s4.550000000000000,s0.800000000000000,s180.000000000000000
158_18,s5.250000000000000,s0.800000000000000,s180.000000000000000
158_19,s5.950000000000000,s0.800000000000000,s180.000000000000000
158_20,s6.650000000000000,s0.800000000000000,s180.000000000000000
158_21,s0.000000000000000,s1.000000000000000,s0.000000000000000
158_22,s0.700000000000000,s1.000000000000000,s0.000000000000000
158_23,s1.400000000000000,s1.000000000000000,s0.000000000000000
158_24,s2.100000000000000,s1.000000000000000,s0.000000000000000
158_25,s2.800000000000000,s1.000000000000000,s0.000000000000000
158_26,s3.500000000000000,s1.000000000000000,s0.000000000000000
158_27,s4.200000000000000,s1.000000000000000,s0.000000000000000
158_28,s4.900000000000000,s1.000000000000000,s0.000000000000000
158_29,s5.600000000000000,s1.000000000000000,s0.000000000000000
158_30,s6.300000000000000,s1.000000000000000,s0.000000000000000
158_31,s7.000000000000000,s1.000000000000000,s0.000000000000000
158_32,s0.350000000000000,s1.800000000000000,s180.000000000000000
158_33,s1.050000000000000,s1.800000000000000,s180.000000000000000
158_34,s1.750000000000000,s1.800000000000000,s180.000000000000000
158_35,s2.450000000000000,s1.800000000000000,s180.000000000000000
158_36,s3.150000000000000,s1.800000000000000,s180.000000000000000
158_37,s3.850000000000000,s1.800000000000000,s180.000000000000000
158_38,s4.550000000000000,s1.800000000000000,s180.000000000000000
158_39,s5.250000000000000,s1.800000000000000,s180.000000000000000
158_40,s5.950000000000000,s1.800000000000000,s180.000000000000000
158_41,s6.650000000000000,s1.800000000000000,s180.000000000000000
158_42,s0.000000000000000,s2.000000000000000,s0.000000000000000
158_43,s0.700000000000000,s2.000000000000000,s0.000000000000000
158_44,s1.400000000000000,s2.000000000000000,s0.000000000000000
158_45,s2.100000000000000,s2.000000000000000,s0.000000000000000
158_46,s2.800000000000000,s2.000000000000000,s0.000000000000000
158_47,s3.500000000000000,s2.000000000000000,s0.000000000000000
158_48,s4.200000000000000,s2.000000000000000,s0.000000000000000
158_49,s4.900000000000000,s2.000000000000000,s0.000000000000000
158_50,s5.600000000000000,s2.000000000000000,s0.000000000000000
158_51,s6.300000000000000,s2.000000000000000,s0.000000000000000
158_52,s7.000000000000000,s2.000000000000000,s0.000000000000000
158_53,s0.350000000000000,s2.800000000000000,s180.000000000000000
158_54,s1.050000000000000,s2.800000000000000,s180.000000000000000
158_55,s1.750000000000000,s2.800000000000000,s180.000000000000000
158_56,s2.450000000000000,s2.800000000000000,s180.000000000000000
158_57,s3.150000000000000,s2.800000000000000,s180.000000000000000
158_58,s3.850000000000000,s2.800000000000000,s180.000000000000000
158_59,s4.550000000000000,s2.800000000000000,s180.000000000000000
158_60,s5.250000000000000,s2.800000000000000,s180.000000000000000
158_61,s5.950000000000000,s2.800000000000000,s180.000000000000000
158_62,s6.650000000000000,s2.800000000000000,s180.000000000000000
158_63,s0.000000000000000,s3.000000000000000,s0.000000000000000
158_64,s0.700000000000000,s3.000000000000000,s0.000000000000000
158_65,s1.400000000000000,s3.000000000000000,s0.000000000000000
158_66,s2.100000000000000,s3.000000000000000,s0.000000000000000
158_67,s2.800000000000000,s3.000000000000000,s0.000000000000000
158_68,s3.500000000000000,s3.000000000000000,s0.000000000000000
158_69,s4.200000000000000,s3.000000000000000,s0.000000000000000
158_70,s4.900000000000000,s3.000000000000000,s0.000000000000000
158_71,s5.600000000000000,s3.000000000000000,s0.000000000000000
158_72,s6.300000000000000,s3.000000000000000,s0.000000000000000
158_73,s7.000000000000000,s3.000000000000000,s0.000000000000000
158_74,s0.350000000000000,s3.800000000000000,s180.000000000000000
158_75,s1.050000000000000,s3.800000000000000,s180.000000000000000
158_76,s1.750000000000000,s3.800000000000000,s180.000000000000000
158_77,s2.450000000000000,s3.800000000000000,s180.000000000000000
158_78,s3.150000000000000,s3.800000000000000,s180.000000000000000
158_79,s3.850000000000000,s3.800000000000000,s180.000000000000000
158_80,s4.550000000000000,s3.800000000000000,s180.000000000000000
158_81,s5.250000000000000,s3.800000000000000,s180.000000000000000
158_82,s5.950000000000000,s3.800000000000000,s180.000000000000000
158_83,s6.650000000000000,s3.800000000000000,s180.000000000000000
158_84,s0.000000000000000,s4.000000000000000,s0.000000000000000
158_85,s0.700000000000000,s4.000000000000000,s0.000000000000000
158_86,s1.400000000000000,s4.000000000000000,s0.000000000000000
158_87,s2.100000000000000,s4.000000000000000,s0.000000000000000
158_88,s2.800000000000000,s4.000000000000000,s0.000000000000000
158_89,s3.500000000000000,s4.000000000000000,s0.000000000000000
158_90,s4.200000000000000,s4.000000000000000,s0.000000000000000
158_91,s4.900000000000000,s4.000000000000000,s0.000000000000000
158_92,s5.600000000000000,s4.000000000000000,s0.000000000000000
158_93,s6.300000000000000,s4.000000000000000,s0.000000000000000
158_94,s7.000000000000000,s4.000000000000000,s0.000000000000000
158_95,s0.350000000000000,s4.800000000000000,s180.000000000000000
158_96,s1.050000000000000,s4.800000000000000,s180.000000000000000
158_97,s1.750000000000000,s4.800000000000000,s180.000000000000000
158_98,s2.450000000000000,s4.800000000000000,s180.000000000000000
158_99,s3.150000000000000,s4.800000000000000,s180.000000000000000
158_100,s3.850000000000000,s4.800000000000000,s180.000000000000000
158_101,s4.550000000000000,s4.800000000000000,s180.000000000000000
158_102,s5.250000000000000,s4.800000000000000,s180.000000000000000
158_103,s5.950000000000000,s4.800000000000000,s180.000000000000000
158_104,s6.650000000000000,s4.800000000000000,s180.000000000000000
158_105,s0.000000000000000,s5.000000000000000,s0.000000000000000
158_106,s0.700000000000000,s5.000000000000000,s0.000000000000000
158_107,s1.400000000000000,s5.000000000000000,s0.000000000000000
158_108,s2.100000000000000,s5.000000000000000,s0.000000000000000
158_109,s2.800000000000000,s5.000000000000000,s0.000000000000000
158_110,s3.500000000000000,s5.000000000000000,s0.000000000000000
158_111,s4.200000000000000,s5.000000000000000,s0.000000000000000
158_112,s4.900000000000000,s5.000000000000000,s0.000000000000000
158_113,s5.600000000000000,s5.000000000000000,s0.000000000000000
158_114,s6.300000000000000,s5.000000000000000,s0.000000000000000
158_115,s7.000000000000000,s5.000000000000000,s0.000000000000000
158_116,s0.350000000000000,s5.800000000000000,s180.000000000000000
158_117,s1.050000000000000,s5.800000000000000,s180.000000000000000
158_118,s1.750000000000000,s5.800000000000000,s180.000000000000000
158_119,s2.450000000000000,s5.800000000000000,s180.000000000000000
158_120,s3.150000000000000,s5.800000000000000,s180.000000000000000
158_121,s3.850000000000000,s5.800000000000000,s180.000000000000000
158_122,s4.550000000000000,s5.800000000000000,s180.000000000000000
158_123,s5.250000000000000,s5.800000000000000,s180.000000000000000
158_124,s5.950000000000000,s5.800000000000000,s180.000000000000000
158_125,s6.650000000000000,s5.800000000000000,s180.000000000000000
158_126,s0.000000000000000,s6.000000000000000,s0.000000000000000
158_127,s0.700000000000000,s6.000000000000000,s0.000000000000000
158_128,s1.400000000000000,s6.000000000000000,s0.000000000000000
158_129,s2.100000000000000,s6.000000000000000,s0.000000000000000
158_130,s2.800000000000000,s6.000000000000000,s0.000000000000000
158_131,s3.500000000000000,s6.000000000000000,s0.000000000000000
158_132,s4.200000000000000,s6.000000000000000,s0.000000000000000
158_133,s4.900000000000000,s6.000000000000000,s0.000000000000000
158_134,s5.600000000000000,s6.000000000000000,s0.000000000000000
158_135,s6.300000000000000,s6.000000000000000,s0.000000000000000
158_136,s7.000000000000000,s6.000000000000000,s0.000000000000000
158_137,s0.350000000000000,s6.800000000000000,s180.000000000000000
158_138,s1.050000000000000,s6.800000000000000,s180.000000000000000
158_139,s1.750000000000000,s6.800000000000000,s180.000000000000000
158_140,s2.450000000000000,s6.800000000000000,s180.000000000000000
158_141,s3.150000000000000,s6.800000000000000,s180.000000000000000
158_142,s3.850000000000000,s6.800000000000000,s180.000000000000000
158_143,s4.550000000000000,s6.800000000000000,s180.000000000000000
158_144,s5.250000000000000,s6.800000000000000,s180.000000000000000
158_145,s5.950000000000000,s6.800000000000000,s180.000000000000000
158_146,s6.650000000000000,s6.800000000000000,s180.000000000000000
158_147,s0.000000000000000,s7.000000000000000,s0.000000000000000
158_148,s0.700000000000000,s7.000000000000000,s0.000000000000000
158_149,s1.400000000000000,s7.000000000000000,s0.000000000000000
158_150,s2.100000000000000,s7.000000000000000,s0.000000000000000
158_151,s2.800000000000000,s7.000000000000000,s0.000000000000000
158_152,s3.500000000000000,s7.000000000000000,s0.000000000000000
158_153,s4.200000000000000,s7.000000000000000,s0.000000000000000
158_154,s4.900000000000000,s7.000000000000000,s0.000000000000000
158_155,s5.600000000000000,s7.000000000000000,s0.000000000000000
158_156,s6.300000000000000,s7.000000000000000,s0.000000000000000
158_157,s7.000000000000000,s7.000000000000000,s0.000000000000000
159_0,s0.000000000000000,s0.000000000000000,s0.000000000000000
159_1,s0.700000000000000,s0.000000000000000,s0.000000000000000
159_2,s1.400000000000000,s0.000000000000000,s0.000000000000000
159_3,s2.100000000000000,s0.000000000000000,s0.000000000000000
159_4,s2.800000000000000,s0.000000000000000,s0.000000000000000
159_5,s3.500000000000000,s0.000000000000000,s0.000000000000000
159_6,s4.200000000000000,s0.000000000000000,s0.000000000000000
159_7,s4.900000000000000,s0.000000000000000,s0.000000000000000
159_8,s5.600000000000000,s0.000000000000000,s0.000000000000000
159_9,s6.300000000000000,s0.000000000000000,s0.000000000000000
159_10,s7.000000000000000,s0.000000000000000,s0.000000000000000
159_11,s0.350000000000000,s0.800000000000000,s180.000000000000000
159_12,s1.050000000000000,s0.800000000000000,s180.000000000000000
159_13,s1.750000000000000,s0.800000000000000,s180.000000000000000
159_14,s2.450000000000000,s0.800000000000000,s180.000000000000000
159_15,s3.150000000000000,s0.800000000000000,s180.000000000000000
159_16,s3.850000000000000,s0.800000000000000,s180.000000000000000
159_17,s4.550000000000000,s0.800000000000000,s180.000000000000000
159_18,s5.250000000000000,s0.800000000000000,s180.000000000000000
159_19,s5.950000000000000,s0.800000000000000,s180.000000000000000
159_20,s6.650000000000000,s0.800000000000000,s180.000000000000000
159_21,s7.350000000000000,s0.800000000000000,s180.000000000000000
159_22,s0.000000000000000,s1.000000000000000,s0.000000000000000
159_23,s0.700000000000000,s1.000000000000000,s0.000000000000000
159_24,s1.400000000000000,s1.000000000000000,s0.000000000000000
159_25,s2.100000000000000,s1.000000000000000,s0.000000000000000
159_26,s2.800000000000000,s1.000000000000000,s0.000000000000000
159_27,s3.500000000000000,s1.000000000000000,s0.000000000000000
159_28,s4.200000000000000,s1.000000000000000,s0.000000000000000
159_29,s4.900000000000000,s1.000000000000000,s0.000000000000000
159_30,s5.600000000000000,s1.000000000000000,s0.000000000000000
159_31,s6.300000000000000,s1.000000000000000,s0.000000000000000
159_32,s7.000000000000000,s1.000000000000000,s0.000000000000000
159_33,s0.350000000000000,s1.800000000000000,s180.000000000000000
159_34,s1.050000000000000,s1.800000000000000,s180.000000000000000
159_35,s1.750000000000000,s1.800000000000000,s180.000000000000000
159_36,s2.450000000000000,s1.800000000000000,s180.000000000000000
159_37,s3.150000000000000,s1.800000000000000,s180.000000000000000
159_38,s3.850000000000000,s1.800000000000000,s180.000000000000000
159_39,s4.550000000000000,s1.800000000000000,s180.000000000000000
159_40,s5.250000000000000,s1.800000000000000,s180.000000000000000
159_41,s5.950000000000000,s1.800000000000000,s180.000000000000000
159_42,s6.650000000000000,s1.800000000000000,s180.000000000000000
159_43,s7.350000000000000,s1.800000000000000,s180.000000000000000
159_44,s0.000000000000000,s2.000000000000000,s0.000000000000000
159_45,s0.700000000000000,s2.000000000000000,s0.000000000000000
159_46,s1.400000000000000,s2.000000000000000,s0.000000000000000
159_47,s2.100000000000000,s2.000000000000000,s0.000000000000000
159_48,s2.800000000000000,s2.000000000000000,s0.000000000000000
159_49,s3.500000000000000,s2.000000000000000,s0.000000000000000
159_50,s4.200000000000000,s2.000000000000000,s0.000000000000000
159_51,s4.900000000000000,s2.000000000000000,s0.000000000000000
159_52,s5.600000000000000,s2.000000000000000,s0.000000000000000
159_53,s6.300000000000000,s2.000000000000000,s0.000000000000000
159_54,s7.000000000000000,s2.000000000000000,s0.000000000000000
159_55,s0.350000000000000,s2.800000000000000,s180.000000000000000
159_56,s1.050000000000000,s2.800000000000000,s180.000000000000000
159_57,s1.750000000000000,s2.800000000000000,s180.000000000000000
159_58,s2.450000000000000,s2.800000000000000,s180.000000000000000
159_59,s3.150000000000000,s2.800000000000000,s180.000000000000000
159_60,s3.850000000000000,s2.800000000000000,s180.000000000000000
159_61,s4.550000000000000,s2.800000000000000,s180.000000000000000
159_62,s5.250000000000000,s2.800000000000000,s180.000000000000000
159_63,s5.950000000000000,s2.800000000000000,s180.000000000000000
159_64,s6.650000000000000,s2.800000000000000,s180.000000000000000
159_65,s7.350000000000000,s2.800000000000000,s180.000000000000000
159_66,s0.000000000000000,s3.000000000000000,s0.000000000000000
159_67,s0.700000000000000,s3.000000000000000,s0.000000000000000
159_68,s1.400000000000000,s3.000000000000000,s0.000000000000000
159_69,s2.100000000000000,s3.000000000000000,s0.000000000000000
159_70,s2.800000000000000,s3.000000000000000,s0.000000000000000
159_71,s3.500000000000000,s3.000000000000000,s0.000000000000000
159_72,s4.200000000000000,s3.000000000000000,s0.000000000000000
159_73,s4.900000000000000,s3.000000000000000,s0.000000000000000
159_74,s5.600000000000000,s3.000000000000000,s0.000000000000000
159_75,s6.300000000000000,s3.000000000000000,s0.000000000000000
159_76,s7.000000000000000,s3.000000000000000,s0.000000000000000
159_77,s0.350000000000000,s3.800000000000000,s180.000000000000000
159_78,s1.050000000000000,s3.800000000000000,s180.000000000000000
159_79,s1.750000000000000,s3.800000000000000,s180.000000000000000
159_80,s2.450000000000000,s3.800000000000000,s180.000000000000000
159_81,s3.150000000000000,s3.800000000000000,s180.000000000000000
159_82,s3.850000000000000,s3.800000000000000,s180.000000000000000
159_83,s4.550000000000000,s3.800000000000000,s180.000000000000000
159_84,s5.250000000000000,s3.800000000000000,s180.000000000000000
159_85,s5.950000000000000,s3.800000000000000,s180.000000000000000
159_86,s6.650000000000000,s3.800000000000000,s180.000000000000000
159_87,s7.350000000000000,s3.800000000000000,s180.000000000000000
159_88,s0.000000000000000,s4.000000000000000,s0.000000000000000
159_89,s0.700000000000000,s4.000000000000000,s0.000000000000000
159_90,s1.400000000000000,s4.000000000000000,s0.000000000000000
159_91,s2.100000000000000,s4.000000000000000,s0.000000000000000
159_92,s2.800000000000000,s4.000000000000000,s0.000000000000000
159_93,s3.500000000000000,s4.000000000000000,s0.000000000000000
159_94,s4.200000000000000,s4.000000000000000,s0.000000000000000
159_95,s4.900000000000000,s4.000000000000000,s0.000000000000000
159_96,s5.600000000000000,s4.000000000000000,s0.000000000000000
159_97,s6.300000000000000,s4.000000000000000,s0.000000000000000
159_98,s7.000000000000000,s4.000000000000000,s0.000000000000000
159_99,s0.350000000000000,s4.800000000000000,s180.000000000000000
159_100,s1.050000000000000,s4.800000000000000,s180.000000000000000
159_101,s1.750000000000000,s4.800000000000000,s180.000000000000000
159_102,s2.450000000000000,s4.800000000000000,s180.000000000000000
159_103,s3.150000000000000,s4.800000000000000,s180.000000000000000
159_104,s3.850000000000000,s4.800000000000000,s180.000000000000000
159_105,s4.550000000000000,s4.800000000000000,s180.000000000000000
159_106,s5.250000000000000,s4.800000000000000,s180.000000000000000
159_107,s5.950000000000000,s4.800000000000000,s180.000000000000000
159_108,s6.650000000000000,s4.800000000000000,s180.000000000000000
159_109,s7.350000000000000,s4.800000000000000,s180.000000000000000
159_110,s0.000000000000000,s5.000000000000000,s0.000000000000000
159_111,s0.700000000000000,s5.000000000000000,s0.000000000000000
159_112,s1.400000000000000,s5.000000000000000,s0.000000000000000
159_113,s2.100000000000000,s5.000000000000000,s0.000000000000000
159_114,s2.800000000000000,s5.000000000000000,s0.000000000000000
159_115,s3.500000000000000,s5.000000000000000,s0.000000000000000
159_116,s4.200000000000000,s5.000000000000000,s0.000000000000000
159_117,s4.900000000000000,s5.000000000000000,s0.000000000000000
159_118,s5.600000000000000,s5.000000000000000,s0.000000000000000
159_119,s6.300000000000000,s5.000000000000000,s0.000000000000000
159_120,s7.000000000000000,s5.000000000000000,s0.000000000000000
159_121,s0.350000000000000,s5.800000000000000,s180.000000000000000
159_122,s1.050000000000000,s5.800000000000000,s180.000000000000000
159_123,s1.750000000000000,s5.800000000000000,s180.000000000000000
159_124,s2.450000000000000,s5.800000000000000,s180.000000000000000
159_125,s3.150000000000000,s5.800000000000000,s180.000000000000000
159_126,s3.850000000000000,s5.800000000000000,s180.000000000000000
159_127,s4.550000000000000,s5.800000000000000,s180.000000000000000
159_128,s5.250000000000000,s5.800000000000000,s180.000000000000000
159_129,s5.950000000000000,s5.800000000000000,s180.000000000000000
159_130,s6.650000000000000,s5.800000000000000,s180.000000000000000
159_131,s7.350000000000000,s5.800000000000000,s180.000000000000000
159_132,s0.000000000000000,s6.000000000000000,s0.000000000000000
159_133,s0.700000000000000,s6.000000000000000,s0.000000000000000
159_134,s1.400000000000000,s6.000000000000000,s0.000000000000000
159_135,s2.100000000000000,s6.000000000000000,s0.000000000000000
159_136,s2.800000000000000,s6.000000000000000,s0.000000000000000
159_137,s3.500000000000000,s6.000000000000000,s0.000000000000000
159_138,s4.200000000000000,s6.000000000000000,s0.000000000000000
159_139,s4.900000000000000,s6.000000000000000,s0.000000000000000
159_140,s5.600000000000000,s6.000000000000000,s0.000000000000000
159_141,s6.300000000000000,s6.000000000000000,s0.000000000000000
159_142,s7.000000000000000,s6.000000000000000,s0.000000000000000
159_143,s0.350000000000000,s6.800000000000000,s180.000000000000000
159_144,s1.050000000000000,s6.800000000000000,s180.000000000000000
159_145,s1.750000000000000,s6.800000000000000,s180.000000000000000
159_146,s2.450000000000000,s6.800000000000000,s180.000000000000000
159_147,s3.150000000000000,s6.800000000000000,s180.000000000000000
159_148,s3.850000000000000,s6.800000000000000,s180.000000000000000
159_149,s4.550000000000000,s6.800000000000000,s180.000000000000000
159_150,s5.250000000000000,s6.800000000000000,s180.000000000000000
159_151,s5.950000000000000,s6.800000000000000,s180.000000000000000
159_152,s6.650000000000000,s6.800000000000000,s180.000000000000000
159_153,s7.350000000000000,s6.800000000000000,s180.000000000000000
159_154,s0.000000000000000,s7.000000000000000,s0.000000000000000
159_155,s0.700000000000000,s7.000000000000000,s0.000000000000000
159_156,s1.400000000000000,s7.000000000000000,s0.000000000000000
159_157,s2.100000000000000,s7.000000000000000,s0.000000000000000
159_158,s2.800000000000000,s7.000000000000000,s0.000000000000000
160_0,s0.000000000000000,s0.000000000000000,s0.000000000000000
160_1,s0.700000000000000,s0.000000000000000,s0.000000000000000
160_2,s1.400000000000000,s0.000000000000000,s0.000000000000000
160_3,s2.100000000000000,s0.000000000000000,s0.000000000000000
160_4,s2.800000000000000,s0.000000000000000,s0.000000000000000
160_5,s3.500000000000000,s0.000000000000000,s0.000000000000000
160_6,s4.200000000000000,s0.000000000000000,s0.000000000000000
160_7,s4.900000000000000,s0.000000000000000,s0.000000000000000
160_8,s5.600000000000000,s0.000000000000000,s0.000000000000000
160_9,s6.300000000000000,s0.000000000000000,s0.000000000000000
160_10,s7.000000000000000,s0.000000000000000,s0.000000000000000
160_11,s0.350000000000000,s0.800000000000000,s180.000000000000000
160_12,s1.050000000000000,s0.800000000000000,s180.000000000000000
160_13,s1.750000000000000,s0.800000000000000,s180.000000000000000
160_14,s2.450000000000000,s0.800000000000000,s180.000000000000000
160_15,s3.150000000000000,s0.800000000000000,s180.000000000000000
160_16,s3.850000000000000,s0.800000000000000,s180.000000000000000
160_17,s4.550000000000000,s0.800000000000000,s180.000000000000000
160_18,s5.250000000000000,s0.800000000000000,s180.000000000000000
160_19,s5.950000000000000,s0.800000000000000,s180.000000000000000
160_20,s6.650000000000000,s0.800000000000000,s180.000000000000000
160_21,s7.350000000000000,s0.800000000000000,s180.000000000000000
160_22,s0.000000000000000,s1.000000000000000,s0.000000000000000
160_23,s0.700000000000000,s1.000000000000000,s0.000000000000000
160_24,s1.400000000000000,s1.000000000000000,s0.000000000000000
160_25,s2.100000000000000,s1.000000000000000,s0.000000000000000
160_26,s2.800000000000000,s1.000000000000000,s0.000000000000000
160_27,s3.500000000000000,s1.000000000000000,s0.000000000000000
160_28,s4.200000000000000,s1.000000000000000,s0.000000000000000
160_29,s4.900000000000000,s1.000000000000000,s0.000000000000000
160_30,s5.600000000000000,s1.000000000000000,s0.000000000000000
160_31,s6.300000000000000,s1.000000000000000,s0.000000000000000
160_32,s7.000000000000000,s1.000000000000000,s0.000000000000000
160_33,s0.350000000000000,s1.800000000000000,s180.000000000000000
160_34,s1.050000000000000,s1.800000000000000,s180.000000000000000
160_35,s1.750000000000000,s1.800000000000000,s180.000000000000000
160_36,s2.450000000000000,s1.800000000000000,s180.000000000000000
160_37,s3.150000000000000,s1.800000000000000,s180.000000000000000
160_38,s3.850000000000000,s1.800000000000000,s180.000000000000000
160_39,s4.550000000000000,s1.800000000000000,s180.000000000000000
160_40,s5.250000000000000,s1.800000000000000,s180.000000000000000
160_41,s5.950000000000000,s1.800000000000000,s180.000000000000000
160_42,s6.650000000000000,s1.800000000000000,s180.000000000000000
160_43,s7.350000000000000,s1.800000000000000,s180.000000000000000
160_44,s0.000000000000000,s2.000000000000000,s0.000000000000000
160_45,s0.700000000000000,s2.000000000000000,s0.000000000000000
160_46,s1.400000000000000,s2.000000000000000,s0.000000000000000
160_47,s2.100000000000000,s2.000000000000000,s0.000000000000000
160_48,s2.800000000000000,s2.000000000000000,s0.000000000000000
160_49,s3.500000000000000,s2.000000000000000,s0.000000000000000
160_50,s4.200000000000000,s2.000000000000000,s0.000000000000000
160_51,s4.900000000000000,s2.000000000000000,s0.000000000000000
160_52,s5.600000000000000,s2.000000000000000,s0.000000000000000
160_53,s6.300000000000000,s2.000000000000000,s0.000000000000000
160_54,s7.000000000000000,s2.000000000000000,s0.000000000000000
160_55,s0.350000000000000,s2.800000000000000,s180.000000000000000
160_56,s1.050000000000000,s2.800000000000000,s180.000000000000000
160_57,s1.750000000000000,s2.800000000000000,s180.000000000000000
160_58,s2.450000000000000,s2.800000000000000,s180.000000000000000
160_59,s3.150000000000000,s2.800000000000000,s180.000000000000000
160_60,s3.850000000000000,s2.800000000000000,s180.000000000000000
160_61,s4.550000000000000,s2.800000000000000,s180.000000000000000
160_62,s5.250000000000000,s2.800000000000000,s180.000000000000000
160_63,s5.950000000000000,s2.800000000000000,s180.000000000000000
160_64,s6.650000000000000,s2.800000000000000,s180.000000000000000
160_65,s7.350000000000000,s2.800000000000000,s180.000000000000000
160_66,s0.000000000000000,s3.000000000000000,s0.000000000000000
160_67,s0.700000000000000,s3.000000000000000,s0.000000000000000
160_68,s1.400000000000000,s3.000000000000000,s0.000000000000000
160_69,s2.100000000000000,s3.000000000000000,s0.000000000000000
160_70,s2.800000000000000,s3.000000000000000,s0.000000000000000
160_71,s3.500000000000000,s3.000000000000000,s0.000000000000000
160_72,s4.200000000000000,s3.000000000000000,s0.000000000000000
160_73,s4.900000000000000,s3.000000000000000,s0.000000000000000
160_74,s5.600000000000000,s3.000000000000000,s0.000000000000000
160_75,s6.300000000000000,s3.000000000000000,s0.000000000000000
160_76,s7.000000000000000,s3.000000000000000,s0.000000000000000
160_77,s0.350000000000000,s3.800000000000000,s180.000000000000000
160_78,s1.050000000000000,s3.800000000000000,s180.000000000000000
160_79,s1.750000000000000,s3.800000000000000,s180.000000000000000
160_80,s2.450000000000000,s3.800000000000000,s180.000000000000000
160_81,s3.150000000000000,s3.800000000000000,s180.000000000000000
160_82,s3.850000000000000,s3.800000000000000,s180.000000000000000
160_83,s4.550000000000000,s3.800000000000000,s180.000000000000000
160_84,s5.250000000000000,s3.800000000000000,s180.000000000000000
160_85,s5.950000000000000,s3.800000000000000,s180.000000000000000
160_86,s6.650000000000000,s3.800000000000000,s180.000000000000000
160_87,s7.350000000000000,s3.800000000000000,s180.000000000000000
160_88,s0.000000000000000,s4.000000000000000,s0.000000000000000
160_89,s0.700000000000000,s4.000000000000000,s0.000000000000000
160_90,s1.400000000000000,s4.000000000000000,s0.000000000000000
160_91,s2.100000000000000,s4.000000000000000,s0.000000000000000
160_92,s2.800000000000000,s4.000000000000000,s0.000000000000000
160_93,s3.500000000000000,s4.000000000000000,s0.000000000000000
160_94,s4.200000000000000,s4.000000000000000,s0.000000000000000
160_95,s4.900000000000000,s4.000000000000000,s0.000000000000000
160_96,s5.600000000000000,s4.000000000000000,s0.000000000000000
160_97,s6.300000000000000,s4.000000000000000,s0.000000000000000
160_98,s7.000000000000000,s4.000000000000000,s0.000000000000000
160_99,s0.350000000000000,s4.800000000000000,s180.000000000000000
160_100,s1.050000000000000,s4.800000000000000,s180.000000000000000
160_101,s1.750000000000000,s4.800000000000000,s180.000000000000000
160_102,s2.450000000000000,s4.800000000000000,s180.000000000000000
160_103,s3.150000000000000,s4.800000000000000,s180.000000000000000
160_104,s3.850000000000000,s4.800000000000000,s180.000000000000000
160_105,s4.550000000000000,s4.800000000000000,s180.000000000000000
160_106,s5.250000000000000,s4.800000000000000,s180.000000000000000
160_107,s5.950000000000000,s4.800000000000000,s180.000000000000000
160_108,s6.650000000000000,s4.800000000000000,s180.000000000000000
160_109,s7.350000000000000,s4.800000000000000,s180.000000000000000
160_110,s0.000000000000000,s5.000000000000000,s0.000000000000000
160_111,s0.700000000000000,s5.000000000000000,s0.000000000000000
160_112,s1.400000000000000,s5.000000000000000,s0.000000000000000
160_113,s2.100000000000000,s5.000000000000000,s0.000000000000000
160_114,s2.800000000000000,s5.000000000000000,s0.000000000000000
160_115,s3.500000000000000,s5.000000000000000,s0.000000000000000
160_116,s4.200000000000000,s5.000000000000000,s0.000000000000000
160_117,s4.900000000000000,s5.000000000000000,s0.000000000000000
160_118,s5.600000000000000,s5.000000000000000,s0.000000000000000
160_119,s6.300000000000000,s5.000000000000000,s0.000000000000000
160_120,s7.000000000000000,s5.000000000000000,s0.000000000000000
160_121,s0.350000000000000,s5.800000000000000,s180.000000000000000
160_122,s1.050000000000000,s5.800000000000000,s180.000000000000000
160_123,s1.750000000000000,s5.800000000000000,s180.000000000000000
160_124,s2.450000000000000,s5.800000000000000,s180.000000000000000
160_125,s3.150000000000000,s5.800000000000000,s180.000000000000000
160_126,s3.850000000000000,s5.800000000000000,s180.000000000000000
160_127,s4.550000000000000,s5.800000000000000,s180.000000000000000
160_128,s5.250000000000000,s5.800000000000000,s180.000000000000000
160_129,s5.950000000000000,s5.800000000000000,s180.000000000000000
160_130,s6.650000000000000,s5.800000000000000,s180.000000000000000
160_131,s7.350000000000000,s5.800000000000000,s180.000000000000000
160_132,s0.000000000000000,s6.000000000000000,s0.000000000000000
160_133,s0.700000000000000,s6.000000000000000,s0.000000000000000
160_134,s1.400000000000000,s6.000000000000000,s0.000000000000000
160_135,s2.100000000000000,s6.000000000000000,s0.000000000000000
160_136,s2.800000000000000,s6.000000000000000,s0.000000000000000
160_137,s3.500000000000000,s6.000000000000000,s0.000000000000000
160_138,s4.200000000000000,s6.000000000000000,s0.000000000000000
160_139,s4.900000000000000,s6.000000000000000,s0.000000000000000
160_140,s5.600000000000000,s6.000000000000000,s0.000000000000000
160_141,s6.300000000000000,s6.000000000000000,s0.000000000000000
160_142,s7.000000000000000,s6.000000000000000,s0.000000000000000
160_143,s0.350000000000000,s6.800000000000000,s180.000000000000000
160_144,s1.050000000000000,s6.800000000000000,s180.000000000000000
160_145,s1.750000000000000,s6.800000000000000,s180.000000000000000
160_146,s2.450000000000000,s6.800000000000000,s180.000000000000000
160_147,s3.150000000000000,s6.800000000000000,s180.000000000000000
160_148,s3.850000000000000,s6.800000000000000,s180.000000000000000
160_149,s4.550000000000000,s6.800000000000000,s180.000000000000000
160_150,s5.250000000000000,s6.800000000000000,s180.000000000000000
160_151,s5.950000000000000,s6.800000000000000,s180.000000000000000
160_152,s6.650000000000000,s6.800000000000000,s180.000000000000000
160_153,s7.350000000000000,s6.800000000000000,s180.000000000000000
160_154,s0.000000000000000,s7.000000000000000,s0.000000000000000
160_155,s0.700000000000000,s7.000000000000000,s0.000000000000000
160_156,s1.400000000000000,s7.000000000000000,s0.000000000000000
160_157,s2.100000000000000,s7.000000000000000,s0.000000000000000
160_158,s2.800000000000000,s7.000000000000000,s0.000000000000000
160_159,s3.500000000000000,s7.000000000000000,s0.000000000000000
161_0,s0.000000000000000,s0.000000000000000,s0.000000000000000
161_1,s0.700000000000000,s0.000000000000000,s0.000000000000000
161_2,s1.400000000000000,s0.000000000000000,s0.000000000000000
161_3,s2.100000000000000,s0.000000000000000,s0.000000000000000
161_4,s2.800000000000000,s0.000000000000000,s0.000000000000000
161_5,s3.500000000000000,s0.000000000000000,s0.000000000000000
161_6,s4.200000000000000,s0.000000000000000,s0.000000000000000
161_7,s4.900000000000000,s0.000000000000000,s0.000000000000000
161_8,s5.600000000000000,s0.000000000000000,s0.000000000000000
161_9,s6.300000000000000,s0.000000000000000,s0.000000000000000
161_10,s7.000000000000000,s0.000000000000000,s0.000000000000000
161_11,s0.350000000000000,s0.800000000000000,s180.000000000000000
161_12,s1.050000000000000,s0.800000000000000,s180.000000000000000
161_13,s1.750000000000000,s0.800000000000000,s180.000000000000000
161_14,s2.450000000000000,s0.800000000000000,s180.000000000000000
161_15,s3.150000000000000,s0.800000000000000,s180.000000000000000
161_16,s3.850000000000000,s0.800000000000000,s180.000000000000000
161_17,s4.550000000000000,s0.800000000000000,s180.000000000000000
161_18,s5.250000000000000,s0.800000000000000,s180.000000000000000
161_19,s5.950000000000000,s0.800000000000000,s180.000000000000000
161_20,s6.650000000000000,s0.800000000000000,s180.000000000000000
161_21,s7.350000000000000,s0.800000000000000,s180.000000000000000
161_22,s0.000000000000000,s1.000000000000000,s0.000000000000000
161_23,s0.700000000000000,s1.000000000000000,s0.000000000000000
161_24,s1.400000000000000,s1.000000000000000,s0.000000000000000
161_25,s2.100000000000000,s1.000000000000000,s0.000000000000000
161_26,s2.800000000000000,s1.000000000000000,s0.000000000000000
161_27,s3.500000000000000,s1.000000000000000,s0.000000000000000
161_28,s4.200000000000000,s1.000000000000000,s0.000000000000000
161_29,s4.900000000000000,s1.000000000000000,s0.000000000000000
161_30,s5.600000000000000,s1.000000000000000,s0.000000000000000
161_31,s6.300000000000000,s1.000000000000000,s0.000000000000000
161_32,s7.000000000000000,s1.000000000000000,s0.000000000000000
161_33,s0.350000000000000,s1.800000000000000,s180.000000000000000
161_34,s1.050000000000000,s1.800000000000000,s180.000000000000000
161_35,s1.750000000000000,s1.800000000000000,s180.000000000000000
161_36,s2.450000000000000,s1.800000000000000,s180.000000000000000
161_37,s3.150000000000000,s1.800000000000000,s180.000000000000000
161_38,s3.850000000000000,s1.800000000000000,s180.000000000000000
161_39,s4.550000000000000,s1.800000000000000,s180.000000000000000
161_40,s5.250000000000000,s1.800000000000000,s180.000000000000000
161_41,s5.950000000000000,s1.800000000000000,s180.000000000000000
161_42,s6.650000000000000,s1.800000000000000,s180.000000000000000
161_43,s7.350000000000000,s1.800000000000000,s180.000000000000000
161_44,s0.000000000000000,s2.000000000000000,s0.000000000000000
161_45,s0.700000000000000,s2.000000000000000,s0.000000000000000
161_46,s1.400000000000000,s2.000000000000000,s0.000000000000000
161_47,s2.100000000000000,s2.000000000000000,s0.000000000000000
161_48,s2.800000000000000,s2.000000000000000,s0.000000000000000
161_49,s3.500000000000000,s2.000000000000000,s0.000000000000000
161_50,s4.200000000000000,s2.000000000000000,s0.000000000000000
161_51,s4.900000000000000,s2.000000000000000,s0.000000000000000
161_52,s5.600000000000000,s2.000000000000000,s0.000000000000000
161_53,s6.300000000000000,s2.000000000000000,s0.000000000000000
161_54,s7.000000000000000,s2.000000000000000,s0.000000000000000
161_55,s0.350000000000000,s2.800000000000000,s180.000000000000000
161_56,s1.050000000000000,s2.800000000000000,s180.000000000000000
161_57,s1.750000000000000,s2.800000000000000,s180.000000000000000
161_58,s2.450000000000000,s2.800000000000000,s180.000000000000000
161_59,s3.150000000000000,s2.800000000000000,s180.000000000000000
161_60,s3.850000000000000,s2.800000000000000,s180.000000000000000
161_61,s4.550000000000000,s2.800000000000000,s180.000000000000000
161_62,s5.250000000000000,s2.800000000000000,s180.000000000000000
161_63,s5.950000000000000,s2.800000000000000,s180.000000000000000
161_64,s6.650000000000000,s2.800000000000000,s180.000000000000000
161_65,s7.350000000000000,s2.800000000000000,s180.000000000000000
161_66,s0.000000000000000,s3.000000000000000,s0.000000000000000
161_67,s0.700000000000000,s3.000000000000000,s0.000000000000000
161_68,s1.400000000000000,s3.000000000000000,s0.000000000000000
161_69,s2.100000000000000,s3.000000000000000,s0.000000000000000
161_70,s2.800000000000000,s3.000000000000000,s0.000000000000000
161_71,s3.500000000000000,s3.000000000000000,s0.000000000000000
161_72,s4.200000000000000,s3.000000000000000,s0.000000000000000
161_73,s4.900000000000000,s3.000000000000000,s0.000000000000000
161_74,s5.600000000000000,s3.000000000000000,s0.000000000000000
161_75,s6.300000000000000,s3.000000000000000,s0.000000000000000
161_76,s7.000000000000000,s3.000000000000000,s0.000000000000000
161_77,s0.350000000000000,s3.800000000000000,s180.000000000000000
161_78,s1.050000000000000,s3.800000000000000,s180.000000000000000
161_79,s1.750000000000000,s3.800000000000000,s180.000000000000000
161_80,s2.450000000000000,s3.800000000000000,s180.000000000000000
161_81,s3.150000000000000,s3.800000000000000,s180.000000000000000
161_82,s3.850000000000000,s3.800000000000000,s180.000000000000000
161_83,s4.550000000000000,s3.800000000000000,s180.000000000000000
161_84,s5.250000000000000,s3.800000000000000,s180.000000000000000
161_85,s5.950000000000000,s3.800000000000000,s180.000000000000000
161_86,s6.650000000000000,s3.800000000000000,s180.000000000000000
161_87,s7.350000000000000,s3.800000000000000,s180.000000000000000
161_88,s0.000000000000000,s4.000000000000000,s0.000000000000000
161_89,s0.700000000000000,s4.000000000000000,s0.000000000000000
161_90,s1.400000000000000,s4.000000000000000,s0.000000000000000
161_91,s2.100000000000000,s4.000000000000000,s0.000000000000000
161_92,s2.800000000000000,s4.000000000000000,s0.000000000000000
161_93,s3.500000000000000,s4.000000000000000,s0.000000000000000
161_94,s4.200000000000000,s4.000000000000000,s0.000000000000000
161_95,s4.900000000000000,s4.000000000000000,s0.000000000000000
161_96,s5.600000000000000,s4.000000000000000,s0.000000000000000
161_97,s6.300000000000000,s4.000000000000000,s0.000000000000000
161_98,s7.000000000000000,s4.000000000000000,s0.000000000000000
161_99,s0.350000000000000,s4.800000000000000,s180.000000000000000
161_100,s1.050000000000000,s4.800000000000000,s180.000000000000000
161_101,s1.750000000000000,s4.800000000000000,s180.000000000000000
161_102,s2.450000000000000,s4.800000000000000,s180.000000000000000
161_103,s3.150000000000000,s4.800000000000000,s180.000000000000000
161_104,s3.850000000000000,s4.800000000000000,s180.000000000000000
161_105,s4.550000000000000,s4.800000000000000,s180.000000000000000
161_106,s5.250000000000000,s4.800000000000000,s180.000000000000000
161_107,s5.950000000000000,s4.800000000000000,s180.000000000000000
161_108,s6.650000000000000,s4.800000000000000,s180.000000000000000
161_109,s7.350000000000000,s4.800000000000000,s180.000000000000000
161_110,s0.000000000000000,s5.000000000000000,s0.000000000000000
161_111,s0.700000000000000,s5.000000000000000,s0.000000000000000
161_112,s1.400000000000000,s5.000000000000000,s0.000000000000000
161_113,s2.100000000000000,s5.000000000000000,s0.000000000000000
161_114,s2.800000000000000,s5.000000000000000,s0.000000000000000
161_115,s3.500000000000000,s5.000000000000000,s0.000000000000000
161_116,s4.200000000000000,s5.000000000000000,s0.000000000000000
161_117,s4.900000000000000,s5.000000000000000,s0.000000000000000
161_118,s5.600000000000000,s5.000000000000000,s0.000000000000000
161_119,s6.300000000000000,s5.000000000000000,s0.000000000000000
161_120,s7.000000000000000,s5.000000000000000,s0.000000000000000
161_121,s0.350000000000000,s5.800000000000000,s180.000000000000000
161_122,s1.050000000000000,s5.800000000000000,s180.000000000000000
161_123,s1.750000000000000,s5.800000000000000,s180.000000000000000
161_124,s2.450000000000000,s5.800000000000000,s180.000000000000000
161_125,s3.150000000000000,s5.800000000000000,s180.000000000000000
161_126,s3.850000000000000,s5.800000000000000,s180.000000000000000
161_127,s4.550000000000000,s5.800000000000000,s180.000000000000000
161_128,s5.250000000000000,s5.800000000000000,s180.000000000000000
161_129,s5.950000000000000,s5.800000000000000,s180.000000000000000
161_130,s6.650000000000000,s5.800000000000000,s180.000000000000000
161_131,s7.350000000000000,s5.800000000000000,s180.000000000000000
161_132,s0.000000000000000,s6.000000000000000,s0.000000000000000
161_133,s0.700000000000000,s6.000000000000000,s0.000000000000000
161_134,s1.400000000000000,s6.000000000000000,s0.000000000000000
161_135,s2.100000000000000,s6.000000000000000,s0.000000000000000
161_136,s2.800000000000000,s6.000000000000000,s0.000000000000000
161_137,s3.500000000000000,s6.000000000000000,s0.000000000000000
161_138,s4.200000000000000,s6.000000000000000,s0.000000000000000
161_139,s4.900000000000000,s6.000000000000000,s0.000000000000000
161_140,s5.600000000000000,s6.000000000000000,s0.000000000000000
161_141,s6.300000000000000,s6.000000000000000,s0.000000000000000
161_142,s7.000000000000000,s6.000000000000000,s0.000000000000000
161_143,s0.350000000000000,s6.800000000000000,s180.000000000000000
161_144,s1.050000000000000,s6.800000000000000,s180.000000000000000
161_145,s1.750000000000000,s6.800000000000000,s180.000000000000000
161_146,s2.450000000000000,s6.800000000000000,s180.000000000000000
161_147,s3.150000000000000,s6.800000000000000,s180.000000000000000
161_148,s3.850000000000000,s6.800000000000000,s180.000000000000000
161_149,s4.550000000000000,s6.800000000000000,s180.000000000000000
161_150,s5.250000000000000,s6.800000000000000,s180.000000000000000
161_151,s5.950000000000000,s6.800000000000000,s180.000000000000000
161_152,s6.650000000000000,s6.800000000000000,s180.000000000000000
161_153,s7.350000000000000,s6.800000000000000,s180.000000000000000
161_154,s0.000000000000000,s7.000000000000000,s0.000000000000000
161_155,s0.700000000000000,s7.000000000000000,s0.000000000000000
161_156,s1.400000000000000,s7.000000000000000,s0.000000000000000
161_157,s2.100000000000000,s7.000000000000000,s0.000000000000000
161_158,s2.800000000000000,s7.000000000000000,s0.000000000000000
161_159,s3.500000000000000,s7.000000000000000,s0.000000000000000
161_160,s4.200000000000000,s7.000000000000000,s0.000000000000000
162_0,s0.000000000000000,s0.000000000000000,s0.000000000000000
162_1,s0.700000000000000,s0.000000000000000,s0.000000000000000
162_2,s1.400000000000000,s0.000000000000000,s0.000000000000000
162_3,s2.100000000000000,s0.000000000000000,s0.000000000000000
162_4,s2.800000000000000,s0.000000000000000,s0.000000000000000
162_5,s3.500000000000000,s0.000000000000000,s0.000000000000000
162_6,s4.200000000000000,s0.000000000000000,s0.000000000000000
162_7,s4.900000000000000,s0.000000000000000,s0.000000000000000
162_8,s5.600000000000000,s0.000000000000000,s0.000000000000000
162_9,s6.300000000000000,s0.000000000000000,s0.000000000000000
162_10,s7.000000000000000,s0.000000000000000,s0.000000000000000
162_11,s0.350000000000000,s0.800000000000000,s180.000000000000000
162_12,s1.050000000000000,s0.800000000000000,s180.000000000000000
162_13,s1.750000000000000,s0.800000000000000,s180.000000000000000
162_14,s2.450000000000000,s0.800000000000000,s180.000000000000000
162_15,s3.150000000000000,s0.800000000000000,s180.000000000000000
162_16,s3.850000000000000,s0.800000000000000,s180.000000000000000
162_17,s4.550000000000000,s0.800000000000000,s180.000000000000000
162_18,s5.250000000000000,s0.800000000000000,s180.000000000000000
162_19,s5.950000000000000,s0.800000000000000,s180.000000000000000
162_20,s6.650000000000000,s0.800000000000000,s180.000000000000000
162_21,s7.350000000000000,s0.800000000000000,s180.000000000000000
162_22,s0.000000000000000,s1.000000000000000,s0.000000000000000
162_23,s0.700000000000000,s1.000000000000000,s0.000000000000000
162_24,s1.400000000000000,s1.000000000000000,s0.000000000000000
162_25,s2.100000000000000,s1.000000000000000,s0.000000000000000
162_26,s2.800000000000000,s1.000000000000000,s0.000000000000000
162_27,s3.500000000000000,s1.000000000000000,s0.000000000000000
162_28,s4.200000000000000,s1.000000000000000,s0.000000000000000
162_29,s4.900000000000000,s1.000000000000000,s0.000000000000000
162_30,s5.600000000000000,s1.000000000000000,s0.000000000000000
162_31,s6.300000000000000,s1.000000000000000,s0.000000000000000
162_32,s7.000000000000000,s1.000000000000000,s0.000000000000000
162_33,s0.350000000000000,s1.800000000000000,s180.000000000000000
162_34,s1.050000000000000,s1.800000000000000,s180.000000000000000
162_35,s1.750000000000000,s1.800000000000000,s180.000000000000000
162_36,s2.450000000000000,s1.800000000000000,s180.000000000000000
162_37,s3.150000000000000,s1.800000000000000,s180.000000000000000
162_38,s3.850000000000000,s1.800000000000000,s180.000000000000000
162_39,s4.550000000000000,s1.800000000000000,s180.000000000000000
162_40,s5.250000000000000,s1.800000000000000,s180.000000000000000
162_41,s5.950000000000000,s1.800000000000000,s180.000000000000000
162_42,s6.650000000000000,s1.800000000000000,s180.000000000000000
162_43,s7.350000000000000,s1.800000000000000,s180.000000000000000
162_44,s0.000000000000000,s2.000000000000000,s0.000000000000000
162_45,s0.700000000000000,s2.000000000000000,s0.000000000000000
162_46,s1.400000000000000,s2.000000000000000,s0.000000000000000
162_47,s2.100000000000000,s2.000000000000000,s0.000000000000000
162_48,s2.800000000000000,s2.000000000000000,s0.000000000000000
162_49,s3.500000000000000,s2.000000000000000,s0.000000000000000
162_50,s4.200000000000000,s2.000000000000000,s0.000000000000000
162_51,s4.900000000000000,s2.000000000000000,s0.000000000000000
162_52,s5.600000000000000,s2.000000000000000,s0.000000000000000
162_53,s6.300000000000000,s2.000000000000000,s0.000000000000000
162_54,s7.000000000000000,s2.000000000000000,s0.000000000000000
162_55,s0.350000000000000,s2.800000000000000,s180.000000000000000
162_56,s1.050000000000000,s2.800000000000000,s180.000000000000000
162_57,s1.750000000000000,s2.800000000000000,s180.000000000000000
162_58,s2.450000000000000,s2.800000000000000,s180.000000000000000
162_59,s3.150000000000000,s2.800000000000000,s180.000000000000000
162_60,s3.850000000000000,s2.800000000000000,s180.000000000000000
162_61,s4.550000000000000,s2.800000000000000,s180.000000000000000
162_62,s5.250000000000000,s2.800000000000000,s180.000000000000000
162_63,s5.950000000000000,s2.800000000000000,s180.000000000000000
162_64,s6.650000000000000,s2.800000000000000,s180.000000000000000
162_65,s7.350000000000000,s2.800000000000000,s180.000000000000000
162_66,s0.000000000000000,s3.000000000000000,s0.000000000000000
162_67,s0.700000000000000,s3.000000000000000,s0.000000000000000
162_68,s1.400000000000000,s3.000000000000000,s0.000000000000000
162_69,s2.100000000000000,s3.000000000000000,s0.000000000000000
162_70,s2.800000000000000,s3.000000000000000,s0.000000000000000
162_71,s3.500000000000000,s3.000000000000000,s0.000000000000000
162_72,s4.200000000000000,s3.000000000000000,s0.000000000000000
162_73,s4.900000000000000,s3.000000000000000,s0.000000000000000
162_74,s5.600000000000000,s3.000000000000000,s0.000000000000000
162_75,s6.300000000000000,s3.000000000000000,s0.000000000000000
162_76,s7.000000000000000,s3.000000000000000,s0.000000000000000
162_77,s0.350000000000000,s3.800000000000000,s180.000000000000000
162_78,s1.050000000000000,s3.800000000000000,s180.000000000000000
162_79,s1.750000000000000,s3.800000000000000,s180.000000000000000
162_80,s2.450000000000000,s3.800000000000000,s180.000000000000000
162_81,s3.150000000000000,s3.800000000000000,s180.000000000000000
162_82,s3.850000000000000,s3.800000000000000,s180.000000000000000
162_83,s4.550000000000000,s3.800000000000000,s180.000000000000000
162_84,s5.250000000000000,s3.800000000000000,s180.000000000000000
162_85,s5.950000000000000,s3.800000000000000,s180.000000000000000
162_86,s6.650000000000000,s3.800000000000000,s180.000000000000000
162_87,s7.350000000000000,s3.800000000000000,s180.000000000000000
162_88,s0.000000000000000,s4.000000000000000,s0.000000000000000
162_89,s0.700000000000000,s4.000000000000000,s0.000000000000000
162_90,s1.400000000000000,s4.000000000000000,s0.000000000000000
162_91,s2.100000000000000,s4.000000000000000,s0.000000000000000
162_92,s2.800000000000000,s4.000000000000000,s0.000000000000000
162_93,s3.500000000000000,s4.000000000000000,s0.000000000000000
162_94,s4.200000000000000,s4.000000000000000,s0.000000000000000
162_95,s4.900000000000000,s4.000000000000000,s0.000000000000000
162_96,s5.600000000000000,s4.000000000000000,s0.000000000000000
162_97,s6.300000000000000,s4.000000000000000,s0.000000000000000
162_98,s7.000000000000000,s4.000000000000000,s0.000000000000000
162_99,s0.350000000000000,s4.800000000000000,s180.000000000000000
162_100,s1.050000000000000,s4.800000000000000,s180.000000000000000
162_101,s1.750000000000000,s4.800000000000000,s180.000000000000000
162_102,s2.450000000000000,s4.800000000000000,s180.000000000000000
162_103,s3.150000000000000,s4.800000000000000,s180.000000000000000
162_104,s3.850000000000000,s4.800000000000000,s180.000000000000000
162_105,s4.550000000000000,s4.800000000000000,s180.000000000000000
162_106,s5.250000000000000,s4.800000000000000,s180.000000000000000
162_107,s5.950000000000000,s4.800000000000000,s180.000000000000000
162_108,s6.650000000000000,s4.800000000000000,s180.000000000000000
162_109,s7.350000000000000,s4.800000000000000,s180.000000000000000
162_110,s0.000000000000000,s5.000000000000000,s0.000000000000000
162_111,s0.700000000000000,s5.000000000000000,s0.000000000000000
162_112,s1.400000000000000,s5.000000000000000,s0.000000000000000
162_113,s2.100000000000000,s5.000000000000000,s0.000000000000000
162_114,s2.800000000000000,s5.000000000000000,s0.000000000000000
162_115,s3.500000000000000,s5.000000000000000,s0.000000000000000
162_116,s4.200000000000000,s5.000000000000000,s0.000000000000000
162_117,s4.900000000000000,s5.000000000000000,s0.000000000000000
162_118,s5.600000000000000,s5.000000000000000,s0.000000000000000
162_119,s6.300000000000000,s5.000000000000000,s0.000000000000000
162_120,s7.000000000000000,s5.000000000000000,s0.000000000000000
162_121,s0.350000000000000,s5.800000000000000,s180.000000000000000
162_122,s1.050000000000000,s5.800000000000000,s180.000000000000000
162_123,s1.750000000000000,s5.800000000000000,s180.000000000000000
162_124,s2.450000000000000,s5.800000000000000,s180.000000000000000
162_125,s3.150000000000000,s5.800000000000000,s180.000000000000000
162_126,s3.850000000000000,s5.800000000000000,s180.000000000000000
162_127,s4.550000000000000,s5.800000000000000,s180.000000000000000
162_128,s5.250000000000000,s5.800000000000000,s180.000000000000000
162_129,s5.950000000000000,s5.800000000000000,s180.000000000000000
162_130,s6.650000000000000,s5.800000000000000,s180.000000000000000
162_131,s7.350000000000000,s5.800000000000000,s180.000000000000000
162_132,s0.000000000000000,s6.000000000000000,s0.000000000000000
162_133,s0.700000000000000,s6.000000000000000,s0.000000000000000
162_134,s1.400000000000000,s6.000000000000000,s0.000000000000000
162_135,s2.100000000000000,s6.000000000000000,s0.000000000000000
162_136,s2.800000000000000,s6.000000000000000,s0.000000000000000
162_137,s3.500000000000000,s6.000000000000000,s0.000000000000000
162_138,s4.200000000000000,s6.000000000000000,s0.000000000000000
162_139,s4.900000000000000,s6.000000000000000,s0.000000000000000
162_140,s5.600000000000000,s6.000000000000000,s0.000000000000000
162_141,s6.300000000000000,s6.000000000000000,s0.000000000000000
162_142,s7.000000000000000,s6.000000000000000,s0.000000000000000
162_143,s0.350000000000000,s6.800000000000000,s180.000000000000000
162_144,s1.050000000000000,s6.800000000000000,s180.000000000000000
162_145,s1.750000000000000,s6.800000000000000,s180.000000000000000
162_146,s2.450000000000000,s6.800000000000000,s180.000000000000000
162_147,s3.150000000000000,s6.800000000000000,s180.000000000000000
162_148,s3.850000000000000,s6.800000000000000,s180.000000000000000
162_149,s4.550000000000000,s6.800000000000000,s180.000000000000000
162_150,s5.250000000000000,s6.800000000000000,s180.000000000000000
162_151,s5.950000000000000,s6.800000000000000,s180.000000000000000
162_152,s6.650000000000000,s6.800000000000000,s180.000000000000000
162_153,s7.350000000000000,s6.800000000000000,s180.000000000000000
162_154,s0.000000000000000,s7.000000000000000,s0.000000000000000
162_155,s0.700000000000000,s7.000000000000000,s0.000000000000000
162_156,s1.400000000000000,s7.000000000000000,s0.000000000000000
162_157,s2.100000000000000,s7.000000000000000,s0.000000000000000
162_158,s2.800000000000000,s7.000000000000000,s0.000000000000000
162_159,s3.500000000000000,s7.000000000000000,s0.000000000000000
162_160,s4.200000000000000,s7.000000000000000,s0.000000000000000
162_161,s4.900000000000000,s7.000000000000000,s0.000000000000000
163_0,s0.000000000000000,s0.000000000000000,s0.000000000000000
163_1,s0.700000000000000,s0.000000000000000,s0.000000000000000
163_2,s1.400000000000000,s0.000000000000000,s0.000000000000000
163_3,s2.100000000000000,s0.000000000000000,s0.000000000000000
163_4,s2.800000000000000,s0.000000000000000,s0.000000000000000
163_5,s3.500000000000000,s0.000000000000000,s0.000000000000000
163_6,s4.200000000000000,s0.000000000000000,s0.000000000000000
163_7,s4.900000000000000,s0.000000000000000,s0.000000000000000
163_8,s5.600000000000000,s0.000000000000000,s0.000000000000000
163_9,s6.300000000000000,s0.000000000000000,s0.000000000000000
163_10,s7.000000000000000,s0.000000000000000,s0.000000000000000
163_11,s0.350000000000000,s0.800000000000000,s180.000000000000000
163_12,s1.050000000000000,s0.800000000000000,s180.000000000000000
163_13,s1.750000000000000,s0.800000000000000,s180.000000000000000
163_14,s2.450000000000000,s0.800000000000000,s180.000000000000000
163_15,s3.150000000000000,s0.800000000000000,s180.000000000000000
163_16,s3.850000000000000,s0.800000000000000,s180.000000000000000
163_17,s4.550000000000000,s0.800000000000000,s180.000000000000000
163_18,s5.250000000000000,s0.800000000000000,s180.000000000000000
163_19,s5.950000000000000,s0.800000000000000,s180.000000000000000
163_20,s6.650000000000000,s0.800000000000000,s180.000000000000000
163_21,s7.350000000000000,s0.800000000000000,s180.000000000000000
163_22,s0.000000000000000,s1.000000000000000,s0.000000000000000
163_23,s0.700000000000000,s1.000000000000000,s0.000000000000000
163_24,s1.400000000000000,s1.000000000000000,s0.000000000000000
163_25,s2.100000000000000,s1.000000000000000,s0.000000000000000
163_26,s2.800000000000000,s1.000000000000000,s0.000000000000000
163_27,s3.500000000000000,s1.000000000000000,s0.000000000000000
163_28,s4.200000000000000,s1.000000000000000,s0.000000000000000
163_29,s4.900000000000000,s1.000000000000000,s0.000000000000000
163_30,s5.600000000000000,s1.000000000000000,s0.000000000000000
163_31,s6.300000000000000,s1.000000000000000,s0.000000000000000
163_32,s7.000000000000000,s1.000000000000000,s0.000000000000000
163_33,s0.350000000000000,s1.800000000000000,s180.000000000000000
163_34,s1.050000000000000,s1.800000000000000,s180.000000000000000
163_35,s1.750000000000000,s1.800000000000000,s180.000000000000000
163_36,s2.450000000000000,s1.800000000000000,s180.000000000000000
163_37,s3.150000000000000,s1.800000000000000,s180.000000000000000
163_38,s3.850000000000000,s1.800000000000000,s180.000000000000000
163_39,s4.550000000000000,s1.800000000000000,s180.000000000000000
163_40,s5.250000000000000,s1.800000000000000,s180.000000000000000
163_41,s5.950000000000000,s1.800000000000000,s180.000000000000000
163_42,s6.650000000000000,s1.800000000000000,s180.000000000000000
163_43,s7.350000000000000,s1.800000000000000,s180.000000000000000
163_44,s0.000000000000000,s2.000000000000000,s0.000000000000000
163_45,s0.700000000000000,s2.000000000000000,s0.000000000000000
163_46,s1.400000000000000,s2.000000000000000,s0.000000000000000
163_47,s2.100000000000000,s2.000000000000000,s0.000000000000000
163_48,s2.800000000000000,s2.000000000000000,s0.000000000000000
163_49,s3.500000000000000,s2.000000000000000,s0.000000000000000
163_50,s4.200000000000000,s2.000000000000000,s0.000000000000000
163_51,s4.900000000000000,s2.000000000000000,s0.000000000000000
163_52,s5.600000000000000,s2.000000000000000,s0.000000000000000
163_53,s6.300000000000000,s2.000000000000000,s0.000000000000000
163_54,s7.000000000000000,s2.000000000000000,s0.000000000000000
163_55,s0.350000000000000,s2.800000000000000,s180.000000000000000
163_56,s1.050000000000000,s2.800000000000000,s180.000000000000000
163_57,s1.750000000000000,s2.800000000000000,s180.000000000000000
163_58,s2.450000000000000,s2.800000000000000,s180.000000000000000
163_59,s3.150000000000000,s2.800000000000000,s180.000000000000000
163_60,s3.850000000000000,s2.800000000000000,s180.000000000000000
163_61,s4.550000000000000,s2.800000000000000,s180.000000000000000
163_62,s5.250000000000000,s2.800000000000000,s180.000000000000000
163_63,s5.950000000000000,s2.800000000000000,s180.000000000000000
163_64,s6.650000000000000,s2.800000000000000,s180.000000000000000
163_65,s7.350000000000000,s2.800000000000000,s180.000000000000000
163_66,s0.000000000000000,s3.000000000000000,s0.000000000000000
163_67,s0.700000000000000,s3.000000000000000,s0.000000000000000
163_68,s1.400000000000000,s3.000000000000000,s0.000000000000000
163_69,s2.100000000000000,s3.000000000000000,s0.000000000000000
163_70,s2.800000000000000,s3.000000000000000,s0.000000000000000
163_71,s3.500000000000000,s3.000000000000000,s0.000000000000000
163_72,s4.200000000000000,s3.000000000000000,s0.000000000000000
163_73,s4.900000000000000,s3.000000000000000,s0.000000000000000
163_74,s5.600000000000000,s3.000000000000000,s0.000000000000000
163_75,s6.300000000000000,s3.000000000000000,s0.000000000000000
163_76,s7.000000000000000,s3.000000000000000,s0.000000000000000
163_77,s0.350000000000000,s3.800000000000000,s180.000000000000000
163_78,s1.050000000000000,s3.800000000000000,s180.000000000000000
163_79,s1.750000000000000,s3.800000000000000,s180.000000000000000
163_80,s2.450000000000000,s3.800000000000000,s180.000000000000000
163_81,s3.150000000000000,s3.800000000000000,s180.000000000000000
163_82,s3.850000000000000,s3.800000000000000,s180.000000000000000
163_83,s4.550000000000000,s3.800000000000000,s180.000000000000000
163_84,s5.250000000000000,s3.800000000000000,s180.000000000000000
163_85,s5.950000000000000,s3.800000000000000,s180.000000000000000
163_86,s6.650000000000000,s3.800000000000000,s180.000000000000000
163_87,s7.350000000000000,s3.800000000000000,s180.000000000000000
163_88,s0.000000000000000,s4.000000000000000,s0.000000000000000
163_89,s0.700000000000000,s4.000000000000000,s0.000000000000000
163_90,s1.400000000000000,s4.000000000000000,s0.000000000000000
163_91,s2.100000000000000,s4.000000000000000,s0.000000000000000
163_92,s2.800000000000000,s4.000000000000000,s0.000000000000000
163_93,s3.500000000000000,s4.000000000000000,s0.000000000000000
163_94,s4.200000000000000,s4.000000000000000,s0.000000000000000
163_95,s4.900000000000000,s4.000000000000000,s0.000000000000000
163_96,s5.600000000000000,s4.000000000000000,s0.000000000000000
163_97,s6.300000000000000,s4.000000000000000,s0.000000000000000
163_98,s7.000000000000000,s4.000000000000000,s0.000000000000000
163_99,s0.350000000000000,s4.800000000000000,s180.000000000000000
163_100,s1.050000000000000,s4.800000000000000,s180.000000000000000
163_101,s1.750000000000000,s4.800000000000000,s180.000000000000000
163_102,s2.450000000000000,s4.800000000000000,s180.000000000000000
163_103,s3.150000000000000,s4.800000000000000,s180.000000000000000
163_104,s3.850000000000000,s4.800000000000000,s180.000000000000000
163_105,s4.550000000000000,s4.800000000000000,s180.000000000000000
163_106,s5.250000000000000,s4.800000000000000,s180.000000000000000
163_107,s5.950000000000000,s4.800000000000000,s180.000000000000000
163_108,s6.650000000000000,s4.800000000000000,s180.000000000000000
163_109,s7.350000000000000,s4.800000000000000,s180.000000000000000
163_110,s0.000000000000000,s5.000000000000000,s0.000000000000000
163_111,s0.700000000000000,s5.000000000000000,s0.000000000000000
163_112,s1.400000000000000,s5.000000000000000,s0.000000000000000
163_113,s2.100000000000000,s5.000000000000000,s0.000000000000000
163_114,s2.800000000000000,s5.000000000000000,s0.000000000000000
163_115,s3.500000000000000,s5.000000000000000,s0.000000000000000
163_116,s4.200000000000000,s5.000000000000000,s0.000000000000000
163_117,s4.900000000000000,s5.000000000000000,s0.000000000000000
163_118,s5.600000000000000,s5.000000000000000,s0.000000000000000
163_119,s6.300000000000000,s5.000000000000000,s0.000000000000000
163_120,s7.000000000000000,s5.000000000000000,s0.000000000000000
163_121,s0.350000000000000,s5.800000000000000,s180.000000000000000
163_122,s1.050000000000000,s5.800000000000000,s180.000000000000000
163_123,s1.750000000000000,s5.800000000000000,s180.000000000000000
163_124,s2.450000000000000,s5.800000000000000,s180.000000000000000
163_125,s3.150000000000000,s5.800000000000000,s180.000000000000000
163_126,s3.850000000000000,s5.800000000000000,s180.000000000000000
163_127,s4.550000000000000,s5.800000000000000,s180.000000000000000
163_128,s5.250000000000000,s5.800000000000000,s180.000000000000000
163_129,s5.950000000000000,s5.800000000000000,s180.000000000000000
163_130,s6.650000000000000,s5.800000000000000,s180.000000000000000
163_131,s7.350000000000000,s5.800000000000000,s180.000000000000000
163_132,s0.000000000000000,s6.000000000000000,s0.000000000000000
163_133,s0.700000000000000,s6.000000000000000,s0.000000000000000
163_134,s1.400000000000000,s6.000000000000000,s0.000000000000000
163_135,s2.100000000000000,s6.000000000000000,s0.000000000000000
163_136,s2.800000000000000,s6.000000000000000,s0.000000000000000
163_137,s3.500000000000000,s6.000000000000000,s0.000000000000000
163_138,s4.200000000000000,s6.000000000000000,s0.000000000000000
163_139,s4.900000000000000,s6.000000000000000,s0.000000000000000
163_140,s5.600000000000000,s6.000000000000000,s0.000000000000000
163_141,s6.300000000000000,s6.000000000000000,s0.000000000000000
163_142,s7.000000000000000,s6.000000000000000,s0.000000000000000
163_143,s0.350000000000000,s6.800000000000000,s180.000000000000000
163_144,s1.050000000000000,s6.800000000000000,s180.000000000000000
163_145,s1.750000000000000,s6.800000000000000,s180.000000000000000
163_146,s2.450000000000000,s6.800000000000000,s180.000000000000000
163_147,s3.150000000000000,s6.800000000000000,s180.000000000000000
163_148,s3.850000000000000,s6.800000000000000,s180.000000000000000
163_149,s4.550000000000000,s6.800000000000000,s180.000000000000000
163_150,s5.250000000000000,s6.800000000000000,s180.000000000000000
163_151,s5.950000000000000,s6.800000000000000,s180.000000000000000
163_152,s6.650000000000000,s6.800000000000000,s180.000000000000000
163_153,s7.350000000000000,s6.800000000000000,s180.000000000000000
163_154,s0.000000000000000,s7.000000000000000,s0.000000000000000
163_155,s0.700000000000000,s7.000000000000000,s0.000000000000000
163_156,s1.400000000000000,s7.000000000000000,s0.000000000000000
163_157,s2.100000000000000,s7.000000000000000,s0.000000000000000
163_158,s2.800000000000000,s7.000000000000000,s0.000000000000000
163_159,s3.500000000000000,s7.000000000000000,s0.000000000000000
163_160,s4.200000000000000,s7.000000000000000,s0.000000000000000
163_161,s4.900000000000000,s7.000000000000000,s0.000000000000000
163_162,s5.600000000000000,s7.000000000000000,s0.000000000000000
164_0,s0.000000000000000,s0.000000000000000,s0.000000000000000
164_1,s0.700000000000000,s0.000000000000000,s0.000000000000000
164_2,s1.400000000000000,s0.000000000000000,s0.000000000000000
164_3,s2.100000000000000,s0.000000000000000,s0.000000000000000
164_4,s2.800000000000000,s0.000000000000000,s0.000000000000000
164_5,s3.500000000000000,s0.000000000000000,s0.000000000000000
164_6,s4.200000000000000,s0.000000000000000,s0.000000000000000
164_7,s4.900000000000000,s0.000000000000000,s0.000000000000000
164_8,s5.600000000000000,s0.000000000000000,s0.000000000000000
164_9,s6.300000000000000,s0.000000000000000,s0.000000000000000
164_10,s7.000000000000000,s0.000000000000000,s0.000000000000000
164_11,s0.350000000000000,s0.800000000000000,s180.000000000000000
164_12,s1.050000000000000,s0.800000000000000,s180.000000000000000
164_13,s1.750000000000000,s0.800000000000000,s180.000000000000000
164_14,s2.450000000000000,s0.800000000000000,s180.000000000000000
164_15,s3.150000000000000,s0.800000000000000,s180.000000000000000
164_16,s3.850000000000000,s0.800000000000000,s180.000000000000000
164_17,s4.550000000000000,s0.800000000000000,s180.000000000000000
164_18,s5.250000000000000,s0.800000000000000,s180.000000000000000
164_19,s5.950000000000000,s0.800000000000000,s180.000000000000000
164_20,s6.650000000000000,s0.800000000000000,s180.000000000000000
164_21,s7.350000000000000,s0.800000000000000,s180.000000000000000
164_22,s0.000000000000000,s1.000000000000000,s0.000000000000000
164_23,s0.700000000000000,s1.000000000000000,s0.000000000000000
164_24,s1.400000000000000,s1.000000000000000,s0.000000000000000
164_25,s2.100000000000000,s1.000000000000000,s0.000000000000000
164_26,s2.800000000000000,s1.000000000000000,s0.000000000000000
164_27,s3.500000000000000,s1.000000000000000,s0.000000000000000
164_28,s4.200000000000000,s1.000000000000000,s0.000000000000000
164_29,s4.900000000000000,s1.000000000000000,s0.000000000000000
164_30,s5.600000000000000,s1.000000000000000,s0.000000000000000
164_31,s6.300000000000000,s1.000000000000000,s0.000000000000000
164_32,s7.000000000000000,s1.000000000000000,s0.000000000000000
164_33,s0.350000000000000,s1.800000000000000,s180.000000000000000
164_34,s1.050000000000000,s1.800000000000000,s180.000000000000000
164_35,s1.750000000000000,s1.800000000000000,s180.000000000000000
164_36,s2.450000000000000,s1.800000000000000,s180.000000000000000
164_37,s3.150000000000000,s1.800000000000000,s180.000000000000000
164_38,s3.850000000000000,s1.800000000000000,s180.000000000000000
164_39,s4.550000000000000,s1.800000000000000,s180.000000000000000
164_40,s5.250000000000000,s1.800000000000000,s180.000000000000000
164_41,s5.950000000000000,s1.800000000000000,s180.000000000000000
164_42,s6.650000000000000,s1.800000000000000,s180.000000000000000
164_43,s7.350000000000000,s1.800000000000000,s180.000000000000000
164_44,s0.000000000000000,s2.000000000000000,s0.000000000000000
164_45,s0.700000000000000,s2.000000000000000,s0.000000000000000
164_46,s1.400000000000000,s2.000000000000000,s0.000000000000000
164_47,s2.100000000000000,s2.000000000000000,s0.000000000000000
164_48,s2.800000000000000,s2.000000000000000,s0.000000000000000
164_49,s3.500000000000000,s2.000000000000000,s0.000000000000000
164_50,s4.200000000000000,s2.000000000000000,s0.000000000000000
164_51,s4.900000000000000,s2.000000000000000,s0.000000000000000
164_52,s5.600000000000000,s2.000000000000000,s0.000000000000000
164_53,s6.300000000000000,s2.000000000000000,s0.000000000000000
164_54,s7.000000000000000,s2.000000000000000,s0.000000000000000
164_55,s0.350000000000000,s2.800000000000000,s180.000000000000000
164_56,s1.050000000000000,s2.800000000000000,s180.000000000000000
164_57,s1.750000000000000,s2.800000000000000,s180.000000000000000
164_58,s2.450000000000000,s2.800000000000000,s180.000000000000000
164_59,s3.150000000000000,s2.800000000000000,s180.000000000000000
164_60,s3.850000000000000,s2.800000000000000,s180.000000000000000
164_61,s4.550000000000000,s2.800000000000000,s180.000000000000000
164_62,s5.250000000000000,s2.800000000000000,s180.000000000000000
164_63,s5.950000000000000,s2.800000000000000,s180.000000000000000
164_64,s6.650000000000000,s2.800000000000000,s180.000000000000000
164_65,s7.350000000000000,s2.800000000000000,s180.000000000000000
164_66,s0.000000000000000,s3.000000000000000,s0.000000000000000
164_67,s0.700000000000000,s3.000000000000000,s0.000000000000000
164_68,s1.400000000000000,s3.000000000000000,s0.000000000000000
164_69,s2.100000000000000,s3.000000000000000,s0.000000000000000
164_70,s2.800000000000000,s3.000000000000000,s0.000000000000000
164_71,s3.500000000000000,s3.000000000000000,s0.000000000000000
164_72,s4.200000000000000,s3.000000000000000,s0.000000000000000
164_73,s4.900000000000000,s3.000000000000000,s0.000000000000000
164_74,s5.600000000000000,s3.000000000000000,s0.000000000000000
164_75,s6.300000000000000,s3.000000000000000,s0.000000000000000
164_76,s7.000000000000000,s3.000000000000000,s0.000000000000000
164_77,s0.350000000000000,s3.800000000000000,s180.000000000000000
164_78,s1.050000000000000,s3.800000000000000,s180.000000000000000
164_79,s1.750000000000000,s3.800000000000000,s180.000000000000000
164_80,s2.450000000000000,s3.800000000000000,s180.000000000000000
164_81,s3.150000000000000,s3.800000000000000,s180.000000000000000
164_82,s3.850000000000000,s3.800000000000000,s180.000000000000000
164_83,s4.550000000000000,s3.800000000000000,s180.000000000000000
164_84,s5.250000000000000,s3.800000000000000,s180.000000000000000
164_85,s5.950000000000000,s3.800000000000000,s180.000000000000000
164_86,s6.650000000000000,s3.800000000000000,s180.000000000000000
164_87,s7.350000000000000,s3.800000000000000,s180.000000000000000
164_88,s0.000000000000000,s4.000000000000000,s0.000000000000000
164_89,s0.700000000000000,s4.000000000000000,s0.000000000000000
164_90,s1.400000000000000,s4.000000000000000,s0.000000000000000
164_91,s2.100000000000000,s4.000000000000000,s0.000000000000000
164_92,s2.800000000000000,s4.000000000000000,s0.000000000000000
164_93,s3.500000000000000,s4.000000000000000,s0.000000000000000
164_94,s4.200000000000000,s4.000000000000000,s0.000000000000000
164_95,s4.900000000000000,s4.000000000000000,s0.000000000000000
164_96,s5.600000000000000,s4.000000000000000,s0.000000000000000
164_97,s6.300000000000000,s4.000000000000000,s0.000000000000000
164_98,s7.000000000000000,s4.000000000000000,s0.000000000000000
164_99,s0.350000000000000,s4.800000000000000,s180.000000000000000
164_100,s1.050000000000000,s4.800000000000000,s180.000000000000000
164_101,s1.750000000000000,s4.800000000000000,s180.000000000000000
164_102,s2.450000000000000,s4.800000000000000,s180.000000000000000
164_103,s3.150000000000000,s4.800000000000000,s180.000000000000000
164_104,s3.850000000000000,s4.800000000000000,s180.000000000000000
164_105,s4.550000000000000,s4.800000000000000,s180.000000000000000
164_106,s5.250000000000000,s4.800000000000000,s180.000000000000000
164_107,s5.950000000000000,s4.800000000000000,s180.000000000000000
164_108,s6.650000000000000,s4.800000000000000,s180.000000000000000
164_109,s7.350000000000000,s4.800000000000000,s180.000000000000000
164_110,s0.000000000000000,s5.000000000000000,s0.000000000000000
164_111,s0.700000000000000,s5.000000000000000,s0.000000000000000
164_112,s1.400000000000000,s5.000000000000000,s0.000000000000000
164_113,s2.100000000000000,s5.000000000000000,s0.000000000000000
164_114,s2.800000000000000,s5.000000000000000,s0.000000000000000
164_115,s3.500000000000000,s5.000000000000000,s0.000000000000000
164_116,s4.200000000000000,s5.000000000000000,s0.000000000000000
164_117,s4.900000000000000,s5.000000000000000,s0.000000000000000
164_118,s5.600000000000000,s5.000000000000000,s0.000000000000000
164_119,s6.300000000000000,s5.000000000000000,s0.000000000000000
164_120,s7.000000000000000,s5.000000000000000,s0.000000000000000
164_121,s0.350000000000000,s5.800000000000000,s180.000000000000000
164_122,s1.050000000000000,s5.800000000000000,s180.000000000000000
164_123,s1.750000000000000,s5.800000000000000,s180.000000000000000
164_124,s2.450000000000000,s5.800000000000000,s180.000000000000000
164_125,s3.150000000000000,s5.800000000000000,s180.000000000000000
164_126,s3.850000000000000,s5.800000000000000,s180.000000000000000
164_127,s4.550000000000000,s5.800000000000000,s180.000000000000000
164_128,s5.250000000000000,s5.800000000000000,s180.000000000000000
164_129,s5.950000000000000,s5.800000000000000,s180.000000000000000
164_130,s6.650000000000000,s5.800000000000000,s180.000000000000000
164_131,s7.350000000000000,s5.800000000000000,s180.000000000000000
164_132,s0.000000000000000,s6.000000000000000,s0.000000000000000
164_133,s0.700000000000000,s6.000000000000000,s0.000000000000000
164_134,s1.400000000000000,s6.000000000000000,s0.000000000000000
164_135,s2.100000000000000,s6.000000000000000,s0.000000000000000
164_136,s2.800000000000000,s6.000000000000000,s0.000000000000000
164_137,s3.500000000000000,s6.000000000000000,s0.000000000000000
164_138,s4.200000000000000,s6.000000000000000,s0.000000000000000
164_139,s4.900000000000000,s6.000000000000000,s0.000000000000000
164_140,s5.600000000000000,s6.000000000000000,s0.000000000000000
164_141,s6.300000000000000,s6.000000000000000,s0.000000000000000
164_142,s7.000000000000000,s6.000000000000000,s0.000000000000000
164_143,s0.350000000000000,s6.800000000000000,s180.000000000000000
164_144,s1.050000000000000,s6.800000000000000,s180.000000000000000
164_145,s1.750000000000000,s6.800000000000000,s180.000000000000000
164_146,s2.450000000000000,s6.800000000000000,s180.000000000000000
164_147,s3.150000000000000,s6.800000000000000,s180.000000000000000
164_148,s3.850000000000000,s6.800000000000000,s180.000000000000000
164_149,s4.550000000000000,s6.800000000000000,s180.000000000000000
164_150,s5.250000000000000,s6.800000000000000,s180.000000000000000
164_151,s5.950000000000000,s6.800000000000000,s180.000000000000000
164_152,s6.650000000000000,s6.800000000000000,s180.000000000000000
164_153,s7.350000000000000,s6.800000000000000,s180.000000000000000
164_154,s0.000000000000000,s7.000000000000000,s0.000000000000000
164_155,s0.700000000000000,s7.000000000000000,s0.000000000000000
164_156,s1.400000000000000,s7.000000000000000,s0.000000000000000
164_157,s2.100000000000000,s7.000000000000000,s0.000000000000000
164_158,s2.800000000000000,s7.000000000000000,s0.000000000000000
164_159,s3.500000000000000,s7.000000000000000,s0.000000000000000
164_160,s4.200000000000000,s7.000000000000000,s0.000000000000000
164_161,s4.900000000000000,s7.000000000000000,s0.000000000000000
164_162,s5.600000000000000,s7.000000000000000,s0.000000000000000
164_163,s6.300000000000000,s7.000000000000000,s0.000000000000000
165_0,s0.000000000000000,s0.000000000000000,s0.000000000000000
165_1,s0.700000000000000,s0.000000000000000,s0.000000000000000
165_2,s1.400000000000000,s0.000000000000000,s0.000000000000000
165_3,s2.100000000000000,s0.000000000000000,s0.000000000000000
165_4,s2.800000000000000,s0.000000000000000,s0.000000000000000
165_5,s3.500000000000000,s0.000000000000000,s0.000000000000000
165_6,s4.200000000000000,s0.000000000000000,s0.000000000000000
165_7,s4.900000000000000,s0.000000000000000,s0.000000000000000
165_8,s5.600000000000000,s0.000000000000000,s0.000000000000000
165_9,s6.300000000000000,s0.000000000000000,s0.000000000000000
165_10,s7.000000000000000,s0.000000000000000,s0.000000000000000
165_11,s0.350000000000000,s0.800000000000000,s180.000000000000000
165_12,s1.050000000000000,s0.800000000000000,s180.000000000000000
165_13,s1.750000000000000,s0.800000000000000,s180.000000000000000
165_14,s2.450000000000000,s0.800000000000000,s180.000000000000000
165_15,s3.150000000000000,s0.800000000000000,s180.000000000000000
165_16,s3.850000000000000,s0.800000000000000,s180.000000000000000
165_17,s4.550000000000000,s0.800000000000000,s180.000000000000000
165_18,s5.250000000000000,s0.800000000000000,s180.000000000000000
165_19,s5.950000000000000,s0.800000000000000,s180.000000000000000
165_20,s6.650000000000000,s0.800000000000000,s180.000000000000000
165_21,s7.350000000000000,s0.800000000000000,s180.000000000000000
165_22,s0.000000000000000,s1.000000000000000,s0.000000000000000
165_23,s0.700000000000000,s1.000000000000000,s0.000000000000000
165_24,s1.400000000000000,s1.000000000000000,s0.000000000000000
165_25,s2.100000000000000,s1.000000000000000,s0.000000000000000
165_26,s2.800000000000000,s1.000000000000000,s0.000000000000000
165_27,s3.500000000000000,s1.000000000000000,s0.000000000000000
165_28,s4.200000000000000,s1.000000000000000,s0.000000000000000
165_29,s4.900000000000000,s1.000000000000000,s0.000000000000000
165_30,s5.600000000000000,s1.000000000000000,s0.000000000000000
165_31,s6.300000000000000,s1.000000000000000,s0.000000000000000
165_32,s7.000000000000000,s1.000000000000000,s0.000000000000000
165_33,s0.350000000000000,s1.800000000000000,s180.000000000000000
165_34,s1.050000000000000,s1.800000000000000,s180.000000000000000
165_35,s1.750000000000000,s1.800000000000000,s180.000000000000000
165_36,s2.450000000000000,s1.800000000000000,s180.000000000000000
165_37,s3.150000000000000,s1.800000000000000,s180.000000000000000
165_38,s3.850000000000000,s1.800000000000000,s180.000000000000000
165_39,s4.550000000000000,s1.800000000000000,s180.000000000000000
165_40,s5.250000000000000,s1.800000000000000,s180.000000000000000
165_41,s5.950000000000000,s1.800000000000000,s180.000000000000000
165_42,s6.650000000000000,s1.800000000000000,s180.000000000000000
165_43,s7.350000000000000,s1.800000000000000,s180.000000000000000
165_44,s0.000000000000000,s2.000000000000000,s0.000000000000000
165_45,s0.700000000000000,s2.000000000000000,s0.000000000000000
165_46,s1.400000000000000,s2.000000000000000,s0.000000000000000
165_47,s2.100000000000000,s2.000000000000000,s0.000000000000000
165_48,s2.800000000000000,s2.000000000000000,s0.000000000000000
165_49,s3.500000000000000,s2.000000000000000,s0.000000000000000
165_50,s4.200000000000000,s2.000000000000000,s0.000000000000000
165_51,s4.900000000000000,s2.000000000000000,s0.000000000000000
165_52,s5.600000000000000,s2.000000000000000,s0.000000000000000
165_53,s6.300000000000000,s2.000000000000000,s0.000000000000000
165_54,s7.000000000000000,s2.000000000000000,s0.000000000000000
165_55,s0.350000000000000,s2.800000000000000,s180.000000000000000
165_56,s1.050000000000000,s2.800000000000000,s180.000000000000000
165_57,s1.750000000000000,s2.800000000000000,s180.000000000000000
165_58,s2.450000000000000,s2.800000000000000,s180.000000000000000
165_59,s3.150000000000000,s2.800000000000000,s180.000000000000000
165_60,s3.850000000000000,s2.800000000000000,s180.000000000000000
165_61,s4.550000000000000,s2.800000000000000,s180.000000000000000
165_62,s5.250000000000000,s2.800000000000000,s180.000000000000000
165_63,s5.950000000000000,s2.800000000000000,s180.000000000000000
165_64,s6.650000000000000,s2.800000000000000,s180.000000000000000
165_65,s7.350000000000000,s2.800000000000000,s180.000000000000000
165_66,s0.000000000000000,s3.000000000000000,s0.000000000000000
165_67,s0.700000000000000,s3.000000000000000,s0.000000000000000
165_68,s1.400000000000000,s3.000000000000000,s0.000000000000000
165_69,s2.100000000000000,s3.000000000000000,s0.000000000000000
165_70,s2.800000000000000,s3.000000000000000,s0.000000000000000
165_71,s3.500000000000000,s3.000000000000000,s0.000000000000000
165_72,s4.200000000000000,s3.000000000000000,s0.000000000000000
165_73,s4.900000000000000,s3.000000000000000,s0.000000000000000
165_74,s5.600000000000000,s3.000000000000000,s0.000000000000000
165_75,s6.300000000000000,s3.000000000000000,s0.000000000000000
165_76,s7.000000000000000,s3.000000000000000,s0.000000000000000
165_77,s0.350000000000000,s3.800000000000000,s180.000000000000000
165_78,s1.050000000000000,s3.800000000000000,s180.000000000000000
165_79,s1.750000000000000,s3.800000000000000,s180.000000000000000
165_80,s2.450000000000000,s3.800000000000000,s180.000000000000000
165_81,s3.150000000000000,s3.800000000000000,s180.000000000000000
165_82,s3.850000000000000,s3.800000000000000,s180.000000000000000
165_83,s4.550000000000000,s3.800000000000000,s180.000000000000000
165_84,s5.250000000000000,s3.800000000000000,s180.000000000000000
165_85,s5.950000000000000,s3.800000000000000,s180.000000000000000
165_86,s6.650000000000000,s3.800000000000000,s180.000000000000000
165_87,s7.350000000000000,s3.800000000000000,s180.000000000000000
165_88,s0.000000000000000,s4.000000000000000,s0.000000000000000
165_89,s0.700000000000000,s4.000000000000000,s0.000000000000000
165_90,s1.400000000000000,s4.000000000000000,s0.000000000000000
165_91,s2.100000000000000,s4.000000000000000,s0.000000000000000
165_92,s2.800000000000000,s4.000000000000000,s0.000000000000000
165_93,s3.500000000000000,s4.000000000000000,s0.000000000000000
165_94,s4.200000000000000,s4.000000000000000,s0.000000000000000
165_95,s4.900000000000000,s4.000000000000000,s0.000000000000000
165_96,s5.600000000000000,s4.000000000000000,s0.000000000000000
165_97,s6.300000000000000,s4.000000000000000,s0.000000000000000
165_98,s7.000000000000000,s4.000000000000000,s0.000000000000000
165_99,s0.350000000000000,s4.800000000000000,s180.000000000000000
165_100,s1.050000000000000,s4.800000000000000,s180.000000000000000
165_101,s1.750000000000000,s4.800000000000000,s180.000000000000000
165_102,s2.450000000000000,s4.800000000000000,s180.000000000000000
165_103,s3.150000000000000,s4.800000000000000,s180.000000000000000
165_104,s3.850000000000000,s4.800000000000000,s180.000000000000000
165_105,s4.550000000000000,s4.800000000000000,s180.000000000000000
165_106,s5.250000000000000,s4.800000000000000,s180.000000000000000
165_107,s5.950000000000000,s4.800000000000000,s180.000000000000000
165_108,s6.650000000000000,s4.800000000000000,s180.000000000000000
165_109,s7.350000000000000,s4.800000000000000,s180.000000000000000
165_110,s0.000000000000000,s5.000000000000000,s0.000000000000000
165_111,s0.700000000000000,s5.000000000000000,s0.000000000000000
165_112,s1.400000000000000,s5.000000000000000,s0.000000000000000
165_113,s2.100000000000000,s5.000000000000000,s0.000000000000000
165_114,s2.800000000000000,s5.000000000000000,s0.000000000000000
165_115,s3.500000000000000,s5.000000000000000,s0.000000000000000
165_116,s4.200000000000000,s5.000000000000000,s0.000000000000000
165_117,s4.900000000000000,s5.000000000000000,s0.000000000000000
165_118,s5.600000000000000,s5.000000000000000,s0.000000000000000
165_119,s6.300000000000000,s5.000000000000000,s0.000000000000000
165_120,s7.000000000000000,s5.000000000000000,s0.000000000000000
165_121,s0.350000000000000,s5.800000000000000,s180.000000000000000
165_122,s1.050000000000000,s5.800000000000000,s180.000000000000000
165_123,s1.750000000000000,s5.800000000000000,s180.000000000000000
165_124,s2.450000000000000,s5.800000000000000,s180.000000000000000
165_125,s3.150000000000000,s5.800000000000000,s180.000000000000000
165_126,s3.850000000000000,s5.800000000000000,s180.000000000000000
165_127,s4.550000000000000,s5.800000000000000,s180.000000000000000
165_128,s5.250000000000000,s5.800000000000000,s180.000000000000000
165_129,s5.950000000000000,s5.800000000000000,s180.000000000000000
165_130,s6.650000000000000,s5.800000000000000,s180.000000000000000
165_131,s7.350000000000000,s5.800000000000000,s180.000000000000000
165_132,s0.000000000000000,s6.000000000000000,s0.000000000000000
165_133,s0.700000000000000,s6.000000000000000,s0.000000000000000
165_134,s1.400000000000000,s6.000000000000000,s0.000000000000000
165_135,s2.100000000000000,s6.000000000000000,s0.000000000000000
165_136,s2.800000000000000,s6.000000000000000,s0.000000000000000
165_137,s3.500000000000000,s6.000000000000000,s0.000000000000000
165_138,s4.200000000000000,s6.000000000000000,s0.000000000000000
165_139,s4.900000000000000,s6.000000000000000,s0.000000000000000
165_140,s5.600000000000000,s6.000000000000000,s0.000000000000000
165_141,s6.300000000000000,s6.000000000000000,s0.000000000000000
165_142,s7.000000000000000,s6.000000000000000,s0.000000000000000
165_143,s0.350000000000000,s6.800000000000000,s180.000000000000000
165_144,s1.050000000000000,s6.800000000000000,s180.000000000000000
165_145,s1.750000000000000,s6.800000000000000,s180.000000000000000
165_146,s2.450000000000000,s6.800000000000000,s180.000000000000000
165_147,s3.150000000000000,s6.800000000000000,s180.000000000000000
165_148,s3.850000000000000,s6.800000000000000,s180.000000000000000
165_149,s4.550000000000000,s6.800000000000000,s180.000000000000000
165_150,s5.250000000000000,s6.800000000000000,s180.000000000000000
165_151,s5.950000000000000,s6.800000000000000,s180.000000000000000
165_152,s6.650000000000000,s6.800000000000000,s180.000000000000000
165_153,s7.350000000000000,s6.800000000000000,s180.000000000000000
165_154,s0.000000000000000,s7.000000000000000,s0.000000000000000
165_155,s0.700000000000000,s7.000000000000000,s0.000000000000000
165_156,s1.400000000000000,s7.000000000000000,s0.000000000000000
165_157,s2.100000000000000,s7.000000000000000,s0.000000000000000
165_158,s2.800000000000000,s7.000000000000000,s0.000000000000000
165_159,s3.500000000000000,s7.000000000000000,s0.000000000000000
165_160,s4.200000000000000,s7.000000000000000,s0.000000000000000
165_161,s4.900000000000000,s7.000000000000000,s0.000000000000000
165_162,s5.600000000000000,s7.000000000000000,s0.000000000000000
165_163,s6.300000000000000,s7.000000000000000,s0.000000000000000
165_164,s7.000000000000000,s7.000000000000000,s0.000000000000000
166_0,s-0.065642690340858,s0.013999044891529,s-2.721057721914313
166_1,s0.726397730424657,s-0.063502776584682,s0.959949224377805
166_2,s1.416125925733323,s0.031270318404459,s-1.026696496984463
166_3,s2.293582412139854,s0.131119258702747,s4.490721398987423
166_4,s2.809410082323414,s0.101503429733073,s-2.210964165761828
166_5,s3.560551768480234,s-0.031569423338747,s3.448453837989859
166_6,s4.403557988834864,s0.068797657864017,s8.280135165607359
166_7,s4.898915380573790,s-0.039651597509758,s6.014789562811778
166_8,s5.384485921910409,s-0.021116155040787,s-4.629519332806230
166_9,s6.277163179137776,s0.160382025357557,s-6.552747380955664
166_10,s7.016120028512579,s-0.045342318003688,s0.603502703082208
166_11,s0.377463411441128,s0.826472670446926,s182.965743639873097
166_12,s1.022078755039658,s0.798211137054783,s182.817726485830008
166_13,s1.751535619289716,s0.660322884815512,s183.374243311133711
166_14,s2.496637188601836,s0.890893373159295,s179.656427251210118
166_15,s3.139900931698633,s0.787034222450503,s181.163201334632646
166_16,s3.928665201259632,s0.843698689624866,s180.859782605860858
166_17,s4.653970714035805,s0.707343238144751,s185.943035889801365
166_18,s5.099345644770312,s0.850952817506619,s176.887653510594021
166_19,s5.912979074142538,s0.974380145221162,s182.989680864557158
166_20,s6.489356162350055,s0.836963270952053,s182.359056173542655
166_21,s7.363184347298739,s1.059877235325572,s180.636512146814056
166_22,s-0.026922198095360,s1.126116553654683,s3.424632279686513
166_23,s0.732258316280110,s0.959914157693834,s2.854315033374312
166_24,s1.429138031850032,s0.975124911420679,s-2.150133010001826
166_25,s1.986918326258142,s1.170368725110327,s-1.759082582397188
166_26,s2.722512392631195,s1.139816174223658,s-2.510303420031146
166_27,s3.417552939808908,s0.828802153192979,s3.207509472145928
166_28,s4.200449171041402,s1.023314645779363,s2.081961081550602
166_29,s4.736161770688737,s1.022751988430922,s2.070972196685970
166_30,s5.617203350291718,s1.014306088577966,s0.777761983249606
166_31,s6.244872691289930,s0.853328614644305,s-1.002000166098050
166_32,s6.854160638334845,s1.008025350853786,s-3.171601762063715
166_33,s0.110061065259239,s1.758282032278225,s179.853096944084911
166_34,s1.105939745987903,s1.679894436128486,s181.462121039244892
166_35,s1.765631956762898,s1.659364875853407,s178.056263985896067
166_36,s2.522975773296396,s1.571908950954231,s181.591612904225798
166_37,s3.235345929901517,s1.898346227123098,s178.174264162897487
166_38,s3.651583675602709,s1.937071334424113,s182.912076689587138
166_39,s4.615468991209766,s1.823826001833168,s176.632601886270237
166_40,s5.360214479722948,s1.844716028093995,s185.515869499874668
166_41,s6.035214173502045,s1.790759669749469,s176.409714764786003
166_42,s6.703999439514167,s1.768282485127216,s178.378970101423789
166_43,s7.339732386685652,s1.643471833597484,s179.349470666383041
166_44,s-0.080645231919940,s2.061352529215711,s-0.653430886921904
166_45,s0.796929585798651,s1.804257580996643,s-5.698722355358160
166_46,s1.337106062063537,s2.001508985850668,s-6.302554101684290
166_47,s2.034314020169354,s1.913248068251809,s-1.602420763183437
166_48,s2.910927798623522,s1.991768138440608,s-1.076124327652933
166_49,s3.425279398751844,s2.051602852740393,s1.976893020629078
166_50,s4.253240463131007,s1.957519062521151,s-0.535128078874044
166_51,s4.822462325666648,s2.034490367357815,s1.826718164424284
166_52,s5.823193655663257,s1.949486551346161,s1.535916140264749
166_53,s6.282821411903682,s1.963432232408099,s-0.159094579738438
166_54,s6.970987939880381,s1.886965787446880,s-2.458503375810947
166_55,s0.428203040631494,s2.639559390482559,s185.260410307351151
166_56,s0.988184829684379,s2.966195363125809,s179.319564283574891
166_57,s1.563189998481656,s2.689965986778627,s178.099901162829696
166_58,s2.509431948039653,s2.896643731293262,s179.315994145097193
166_59,s3.126933904421768,s2.735106672853201,s180.618904390362388
166_60,s4.069839511346811,s2.875799395653288,s180.575423781808240
166_61,s4.689445108254559,s2.666060782946670,s177.731398089195409
166_62,s5.275160209747445,s2.772345321285306,s179.613384851045993
166_63,s5.798888449820079,s2.657240654065268,s181.279017799061705
166_64,s6.711760868793059,s2.628721364544794,s179.394901186382839
166_65,s7.152057600102360,s2.870343911819589,s173.180635551711674
166_66,s-0.026356300872329,s3.030062694023982,s-0.449420361779950
166_67,s0.642399105065851,s2.985168665183084,s2.451615639093390
166_68,s1.329070872900726,s2.850804344835966,s-0.708118441779987
166_69,s2.109869641215186,s3.041392066361190,s2.097314293102662
166_70,s2.780221644338968,s3.066667503504837,s5.315119789617716
166_71,s3.671888225643683,s3.165947806525325,s2.686662995200363
166_72,s4.308459203105480,s3.090322427305228,s-3.323427414726977
166_73,s4.745729700014844,s3.052543029936843,s2.924146719707340
166_74,s5.626167967311331,s2.933731441089826,s-1.208354179055838
166_75,s6.274707631561076,s2.960376591882912,s-0.454447986064970
166_76,s7.052774707089118,s2.821207017281107,s-2.665834788179084
166_77,s0.542629496268185,s3.910068791430832,s181.041677623519263
166_78,s0.959446423930074,s3.908464134625257,s182.874840302688227
166_79,s1.891821956164238,s3.779282561226438,s176.148756743434689
166_80,s2.464711375058714,s3.826719779351744,s182.623779787877822
166_81,s3.255846788665071,s3.844644988067654,s176.843524394520188
166_82,s3.997145593742284,s3.797062971824387,s181.647673054038506
166_83,s4.669588016006766,s3.873370760347691,s178.840728658490576
166_84,s5.176450037192651,s3.641969922525874,s179.595576794276695
166_85,s5.993629340881742,s3.777035004002520,s182.395522693803485
166_86,s6.807045376295149,s3.763679595638202,s179.287447884547248
166_87,s7.323702019772737,s3.837054451103350,s177.499860844106820
166_88,s0.030723237117473,s4.006459952316374,s26.414645300352074
166_89,s0.830979064430220,s4.095608705065645,s4.196034582578373
166_90,s1.449822237826405,s3.961954556198674,s4.638241527655527
166_91,s2.288065979981986,s3.960517985553365,s-0.583385263919764
166_92,s2.691011950206782,s3.923526479378217,s2.768187951336975
166_93,s3.363775176073430,s3.945209517851101,s-2.366691324734779
166_94,s4.297729994003686,s4.066941059368243,s-0.364628038931449
166_95,s4.865869941896827,s3.858810607261954,s1.752417850461694
166_96,s5.640245823839679,s3.969162116939390,s2.397464293029152
166_97,s6.444415070818530,s3.998849361973776,s-1.937867841558493
166_98,s6.952221982338688,s3.950318432830376,s-3.457906951251990
166_99,s0.353409523302359,s4.897657106363321,s184.249106388738937
166_100,s0.973830856261099,s4.842990435322531,s181.002693708549913
166_101,s1.773828239286269,s4.968459158768976,s177.334969998753081
166_102,s2.420707624631812,s4.793372437130562,s174.815042827715530
166_103,s3.245364927935473,s4.653635397255554,s174.155444726371002
166_104,s3.937431518467301,s4.688173617069627,s180.997227023774144
166_105,s4.607787082663989,s4.908267181364538,s185.132016331602756
166_106,s5.409477566377563,s4.883785365151404,s180.859109824552576
166_107,s5.936529666690176,s4.603330683283728,s180.574235139759168
166_108,s6.758174289608016,s4.694074402333635,s175.370240702025114
166_109,s7.281275798846471,s4.640046707317604,s185.276713610598080
166_110,s0.185658951107598,s5.120734194523958,s-0.391619160000098
166_111,s0.711258600935599,s4.814452264676388,s3.578551052724642
166_112,s1.624841541698139,s4.750024377967075,s-4.308895035976961
166_113,s2.158105340208660,s4.889141483884712,s-1.204482632763072
166_114,s2.905194187783482,s5.161198689973245,s0.686779595205505
166_115,s3.491888243854343,s4.950983765260583,s-1.774268456048352
166_116,s4.182520895666590,s5.181468012818458,s2.679963620804074
166_117,s4.882272487474356,s4.976307028719628,s3.354331691715442
166_118,s5.768297822038892,s5.095268672017900,s-1.513500643046527
166_119,s6.186398632359976,s4.826401771149378,s1.989209103483519
166_120,s6.999802895800237,s4.976405759768389,s0.791912246653119
166_121,s0.356894875386804,s5.893843752111384,s185.378685830118314
166_122,s1.043852830063792,s5.856867308113383,s176.653809081912215
166_123,s1.807145126452159,s5.655899668178781,s176.815795710154191
166_124,s2.607649465953926,s6.024314025894225,s177.225183732573129
166_125,s3.030807413488380,s5.793458553832235,s183.316761872828749
166_126,s3.892227130254069,s5.792517778019842,s180.338223372675685
166_127,s4.534661578558763,s5.836247834368781,s176.025444213673381
166_128,s5.308562156516891,s5.696540603468597,s179.287476619582065
166_129,s5.823305062525818,s5.611038762578475,s184.558872813508344
166_130,s6.629730561144055,s5.839944714367543,s175.473594860738842
166_131,s7.346207146689787,s5.746065888827147,s177.359289557408403
166_132,s0.020266574078313,s5.866620366412544,s-3.496806633686121
166_133,s0.558711662477375,s5.935372256131968,s-1.247440395261148
166_134,s1.390822650232212,s6.022611463378279,s0.973823235697169
166_135,s2.048203172414620,s6.168285941150327,s4.885920616342903
166_136,s2.797907507874695,s6.089575378693570,s2.756864685887377
166_137,s3.591294572175264,s5.828983150225298,s-0.446040175337414
166_138,s4.143010307697572,s5.903635263519162,s3.401529570308171
166_139,s4.984385596676820,s6.102396673414554,s-0.544479002074479
166_140,s5.791057710655390,s6.070325751982271,s-7.701203447708823
166_141,s6.293212771423750,s6.064477104969315,s-5.679974977215288
166_142,s7.033285683057905,s5.791900208016535,s-3.570410909925422
166_143,s0.147674342611088,s6.787469361571635,s175.919838324914735
166_144,s1.103012780079349,s6.742956383376344,s183.863632661229104
166_145,s1.716038267590399,s6.849503876746083,s177.404473329431028
166_146,s2.220490352793913,s6.846639689819036,s183.783070695370043
166_147,s3.117270604299842,s6.704833590100519,s180.453018448750299
166_148,s3.861985340266336,s6.701966530439480,s182.247013552972362
166_149,s4.626503959554856,s6.972091993318212,s182.006155457694064
166_150,s5.231097028687639,s6.599635997739502,s184.422198919086725
166_151,s5.731046468171009,s6.570820029195529,s175.904901378422949
166_152,s6.636548530997313,s6.711350247731684,s177.027831665907627
166_153,s7.320176836263379,s6.703301061954980,s181.760857463516260
166_154,s0.082632787529982,s7.030659477013422,s0.187499678685329
166_155,s0.817162844580303,s6.825747695527002,s-1.729446960315278
166_156,s1.525249370167728,s7.041569896363035,s9.879183178928891
166_157,s1.966236517485419,s6.927589175215537,s-1.936119903931448
166_158,s2.840564705303543,s7.023500040525649,s-3.013516203247378
166_159,s3.582634492733394,s6.944898729955366,s-1.628735367401097
166_160,s4.117548119321426,s6.969875400577433,s-3.089770123812504
166_161,s4.848240540081731,s6.817105721156977,s1.325881658090596
166_162,s5.556802643037231,s6.800704406987120,s1.959179648801204
166_163,s6.316648015355213,s6.855577033443352,s-1.959265051175427
166_164,s6.977533968802710,s7.072162452895616,s-28.810766955067386
166_165,s0.408362767917999,s7.671603322677557,s179.165309472889874
167_0,s0.000000000000000,s0.000000000000000,s0.000000000000000
167_1,s0.700000000000000,s0.000000000000000,s0.000000000000000
167_2,s1.400000000000000,s0.000000000000000,s0.000000000000000
167_3,s2.100000000000000,s0.000000000000000,s0.000000000000000
167_4,s2.800000000000000,s0.000000000000000,s0.000000000000000
167_5,s3.500000000000000,s0.000000000000000,s0.000000000000000
167_6,s4.200000000000000,s0.000000000000000,s0.000000000000000
167_7,s4.900000000000000,s0.000000000000000,s0.000000000000000
167_8,s5.600000000000000,s0.000000000000000,s0.000000000000000
167_9,s6.300000000000000,s0.000000000000000,s0.000000000000000
167_10,s7.000000000000000,s0.000000000000000,s0.000000000000000
167_11,s0.350000000000000,s0.800000000000000,s180.000000000000000
167_12,s1.050000000000000,s0.800000000000000,s180.000000000000000
167_13,s1.750000000000000,s0.800000000000000,s180.000000000000000
167_14,s2.450000000000000,s0.800000000000000,s180.000000000000000
167_15,s3.150000000000000,s0.800000000000000,s180.000000000000000
167_16,s3.850000000000000,s0.800000000000000,s180.000000000000000
167_17,s4.550000000000000,s0.800000000000000,s180.000000000000000
167_18,s5.250000000000000,s0.800000000000000,s180.000000000000000
167_19,s5.950000000000000,s0.800000000000000,s180.000000000000000
167_20,s6.650000000000000,s0.800000000000000,s180.000000000000000
167_21,s7.350000000000000,s0.800000000000000,s180.000000000000000
167_22,s0.000000000000000,s1.000000000000000,s0.000000000000000
167_23,s0.700000000000000,s1.000000000000000,s0.000000000000000
167_24,s1.400000000000000,s1.000000000000000,s0.000000000000000
167_25,s2.100000000000000,s1.000000000000000,s0.000000000000000
167_26,s2.800000000000000,s1.000000000000000,s0.000000000000000
167_27,s3.500000000000000,s1.000000000000000,s0.000000000000000
167_28,s4.200000000000000,s1.000000000000000,s0.000000000000000
167_29,s4.900000000000000,s1.000000000000000,s0.000000000000000
167_30,s5.600000000000000,s1.000000000000000,s0.000000000000000
167_31,s6.300000000000000,s1.000000000000000,s0.000000000000000
167_32,s7.000000000000000,s1.000000000000000,s0.000000000000000
167_33,s0.350000000000000,s1.800000000000000,s180.000000000000000
167_34,s1.050000000000000,s1.800000000000000,s180.000000000000000
167_35,s1.750000000000000,s1.800000000000000,s180.000000000000000
167_36,s2.450000000000000,s1.800000000000000,s180.000000000000000
167_37,s3.150000000000000,s1.800000000000000,s180.000000000000000
167_38,s3.850000000000000,s1.800000000000000,s180.000000000000000
167_39,s4.550000000000000,s1.800000000000000,s180.000000000000000
167_40,s5.250000000000000,s1.800000000000000,s180.000000000000000
167_41,s5.950000000000000,s1.800000000000000,s180.000000000000000
167_42,s6.650000000000000,s1.800000000000000,s180.000000000000000
167_43,s7.350000000000000,s1.800000000000000,s180.000000000000000
167_44,s0.000000000000000,s2.000000000000000,s0.000000000000000
167_45,s0.700000000000000,s2.000000000000000,s0.000000000000000
167_46,s1.400000000000000,s2.000000000000000,s0.000000000000000
167_47,s2.100000000000000,s2.000000000000000,s0.000000000000000
167_48,s2.800000000000000,s2.000000000000000,s0.000000000000000
167_49,s3.500000000000000,s2.000000000000000,s0.000000000000000
167_50,s4.200000000000000,s2.000000000000000,s0.000000000000000
167_51,s4.900000000000000,s2.000000000000000,s0.000000000000000
167_52,s5.600000000000000,s2.000000000000000,s0.000000000000000
167_53,s6.300000000000000,s2.000000000000000,s0.000000000000000
167_54,s7.000000000000000,s2.000000000000000,s0.000000000000000
167_55,s0.350000000000000,s2.800000000000000,s180.000000000000000
167_56,s1.050000000000000,s2.800000000000000,s180.000000000000000
167_57,s1.750000000000000,s2.800000000000000,s180.000000000000000
167_58,s2.450000000000000,s2.800000000000000,s180.000000000000000
167_59,s3.150000000000000,s2.800000000000000,s180.000000000000000
167_60,s3.850000000000000,s2.800000000000000,s180.000000000000000
167_61,s4.550000000000000,s2.800000000000000,s180.000000000000000
167_62,s5.250000000000000,s2.800000000000000,s180.000000000000000
167_63,s5.950000000000000,s2.800000000000000,s180.000000000000000
167_64,s6.650000000000000,s2.800000000000000,s180.000000000000000
167_65,s7.350000000000000,s2.800000000000000,s180.000000000000000
167_66,s0.000000000000000,s3.000000000000000,s0.000000000000000
167_67,s0.700000000000000,s3.000000000000000,s0.000000000000000
167_68,s1.400000000000000,s3.000000000000000,s0.000000000000000
167_69,s2.100000000000000,s3.000000000000000,s0.000000000000000
167_70,s2.800000000000000,s3.000000000000000,s0.000000000000000
167_71,s3.500000000000000,s3.000000000000000,s0.000000000000000
167_72,s4.200000000000000,s3.000000000000000,s0.000000000000000
167_73,s4.900000000000000,s3.000000000000000,s0.000000000000000
167_74,s5.600000000000000,s3.000000000000000,s0.000000000000000
167_75,s6.300000000000000,s3.000000000000000,s0.000000000000000
167_76,s7.000000000000000,s3.000000000000000,s0.000000000000000
167_77,s0.350000000000000,s3.800000000000000,s180.000000000000000
167_78,s1.050000000000000,s3.800000000000000,s180.000000000000000
167_79,s1.750000000000000,s3.800000000000000,s180.000000000000000
167_80,s2.450000000000000,s3.800000000000000,s180.000000000000000
167_81,s3.150000000000000,s3.800000000000000,s180.000000000000000
167_82,s3.850000000000000,s3.800000000000000,s180.000000000000000
167_83,s4.550000000000000,s3.800000000000000,s180.000000000000000
167_84,s5.250000000000000,s3.800000000000000,s180.000000000000000
167_85,s5.950000000000000,s3.800000000000000,s180.000000000000000
167_86,s6.650000000000000,s3.800000000000000,s180.000000000000000
167_87,s7.350000000000000,s3.800000000000000,s180.000000000000000
167_88,s0.000000000000000,s4.000000000000000,s0.000000000000000
167_89,s0.700000000000000,s4.000000000000000,s0.000000000000000
167_90,s1.400000000000000,s4.000000000000000,s0.000000000000000
167_91,s2.100000000000000,s4.000000000000000,s0.000000000000000
167_92,s2.800000000000000,s4.000000000000000,s0.000000000000000
167_93,s3.500000000000000,s4.000000000000000,s0.000000000000000
167_94,s4.200000000000000,s4.000000000000000,s0.000000000000000
167_95,s4.900000000000000,s4.000000000000000,s0.000000000000000
167_96,s5.600000000000000,s4.000000000000000,s0.000000000000000
167_97,s6.300000000000000,s4.000000000000000,s0.000000000000000
167_98,s7.000000000000000,s4.000000000000000,s0.000000000000000
167_99,s0.350000000000000,s4.800000000000000,s180.000000000000000
167_100,s1.050000000000000,s4.800000000000000,s180.000000000000000
167_101,s1.750000000000000,s4.800000000000000,s180.000000000000000
167_102,s2.450000000000000,s4.800000000000000,s180.000000000000000
167_103,s3.150000000000000,s4.800000000000000,s180.000000000000000
167_104,s3.850000000000000,s4.800000000000000,s180.000000000000000
167_105,s4.550000000000000,s4.800000000000000,s180.000000000000000
167_106,s5.250000000000000,s4.800000000000000,s180.000000000000000
167_107,s5.950000000000000,s4.800000000000000,s180.000000000000000
167_108,s6.650000000000000,s4.800000000000000,s180.000000000000000
167_109,s7.350000000000000,s4.800000000000000,s180.000000000000000
167_110,s0.000000000000000,s5.000000000000000,s0.000000000000000
167_111,s0.700000000000000,s5.000000000000000,s0.000000000000000
167_112,s1.400000000000000,s5.000000000000000,s0.000000000000000
167_113,s2.100000000000000,s5.000000000000000,s0.000000000000000
167_114,s2.800000000000000,s5.000000000000000,s0.000000000000000
167_115,s3.500000000000000,s5.000000000000000,s0.000000000000000
167_116,s4.200000000000000,s5.000000000000000,s0.000000000000000
167_117,s4.900000000000000,s5.000000000000000,s0.000000000000000
167_118,s5.600000000000000,s5.000000000000000,s0.000000000000000
167_119,s6.300000000000000,s5.000000000000000,s0.000000000000000
167_120,s7.000000000000000,s5.000000000000000,s0.000000000000000
167_121,s0.350000000000000,s5.800000000000000,s180.000000000000000
167_122,s1.050000000000000,s5.800000000000000,s180.000000000000000
167_123,s1.750000000000000,s5.800000000000000,s180.000000000000000
167_124,s2.450000000000000,s5.800000000000000,s180.000000000000000
167_125,s3.150000000000000,s5.800000000000000,s180.000000000000000
167_126,s3.850000000000000,s5.800000000000000,s180.000000000000000
167_127,s4.550000000000000,s5.800000000000000,s180.000000000000000
167_128,s5.250000000000000,s5.800000000000000,s180.000000000000000
167_129,s5.950000000000000,s5.800000000000000,s180.000000000000000
167_130,s6.650000000000000,s5.800000000000000,s180.000000000000000
167_131,s7.350000000000000,s5.800000000000000,s180.000000000000000
167_132,s0.000000000000000,s6.000000000000000,s0.000000000000000
167_133,s0.700000000000000,s6.000000000000000,s0.000000000000000
167_134,s1.400000000000000,s6.000000000000000,s0.000000000000000
167_135,s2.100000000000000,s6.000000000000000,s0.000000000000000
167_136,s2.800000000000000,s6.000000000000000,s0.000000000000000
167_137,s3.500000000000000,s6.000000000000000,s0.000000000000000
167_138,s4.200000000000000,s6.000000000000000,s0.000000000000000
167_139,s4.900000000000000,s6.000000000000000,s0.000000000000000
167_140,s5.600000000000000,s6.000000000000000,s0.000000000000000
167_141,s6.300000000000000,s6.000000000000000,s0.000000000000000
167_142,s7.000000000000000,s6.000000000000000,s0.000000000000000
167_143,s0.350000000000000,s6.800000000000000,s180.000000000000000
167_144,s1.050000000000000,s6.800000000000000,s180.000000000000000
167_145,s1.750000000000000,s6.800000000000000,s180.000000000000000
167_146,s2.450000000000000,s6.800000000000000,s180.000000000000000
167_147,s3.150000000000000,s6.800000000000000,s180.000000000000000
167_148,s3.850000000000000,s6.800000000000000,s180.000000000000000
167_149,s4.550000000000000,s6.800000000000000,s180.000000000000000
167_150,s5.250000000000000,s6.800000000000000,s180.000000000000000
167_151,s5.950000000000000,s6.800000000000000,s180.000000000000000
167_152,s6.650000000000000,s6.800000000000000,s180.000000000000000
167_153,s7.350000000000000,s6.800000000000000,s180.000000000000000
167_154,s0.000000000000000,s7.000000000000000,s0.000000000000000
167_155,s0.700000000000000,s7.000000000000000,s0.000000000000000
167_156,s1.400000000000000,s7.000000000000000,s0.000000000000000
167_157,s2.100000000000000,s7.000000000000000,s0.000000000000000
167_158,s2.800000000000000,s7.000000000000000,s0.000000000000000
167_159,s3.500000000000000,s7.000000000000000,s0.000000000000000
167_160,s4.200000000000000,s7.000000000000000,s0.000000000000000
167_161,s4.900000000000000,s7.000000000000000,s0.000000000000000
167_162,s5.600000000000000,s7.000000000000000,s0.000000000000000
167_163,s6.300000000000000,s7.000000000000000,s0.000000000000000
167_164,s7.000000000000000,s7.000000000000000,s0.000000000000000
167_165,s0.350000000000000,s7.800000000000000,s180.000000000000000
167_166,s1.050000000000000,s7.800000000000000,s180.000000000000000
168_0,s0.000000000000000,s0.000000000000000,s0.000000000000000
168_1,s0.700000000000000,s0.000000000000000,s0.000000000000000
168_2,s1.400000000000000,s0.000000000000000,s0.000000000000000
168_3,s2.100000000000000,s0.000000000000000,s0.000000000000000
168_4,s2.800000000000000,s0.000000000000000,s0.000000000000000
168_5,s3.500000000000000,s0.000000000000000,s0.000000000000000
168_6,s4.200000000000000,s0.000000000000000,s0.000000000000000
168_7,s4.900000000000000,s0.000000000000000,s0.000000000000000
168_8,s5.600000000000000,s0.000000000000000,s0.000000000000000
168_9,s6.300000000000000,s0.000000000000000,s0.000000000000000
168_10,s7.000000000000000,s0.000000000000000,s0.000000000000000
168_11,s0.350000000000000,s0.800000000000000,s180.000000000000000
168_12,s1.050000000000000,s0.800000000000000,s180.000000000000000
168_13,s1.750000000000000,s0.800000000000000,s180.000000000000000
168_14,s2.450000000000000,s0.800000000000000,s180.000000000000000
168_15,s3.150000000000000,s0.800000000000000,s180.000000000000000
168_16,s3.850000000000000,s0.800000000000000,s180.000000000000000
168_17,s4.550000000000000,s0.800000000000000,s180.000000000000000
168_18,s5.250000000000000,s0.800000000000000,s180.000000000000000
168_19,s5.950000000000000,s0.800000000000000,s180.000000000000000
168_20,s6.650000000000000,s0.800000000000000,s180.000000000000000
168_21,s7.350000000000000,s0.800000000000000,s180.000000000000000
168_22,s0.000000000000000,s1.000000000000000,s0.000000000000000
168_23,s0.700000000000000,s1.000000000000000,s0.000000000000000
168_24,s1.400000000000000,s1.000000000000000,s0.000000000000000
168_25,s2.100000000000000,s1.000000000000000,s0.000000000000000
168_26,s2.800000000000000,s1.000000000000000,s0.000000000000000
168_27,s3.500000000000000,s1.000000000000000,s0.000000000000000
168_28,s4.200000000000000,s1.000000000000000,s0.000000000000000
168_29,s4.900000000000000,s1.000000000000000,s0.000000000000000
168_30,s5.600000000000000,s1.000000000000000,s0.000000000000000
168_31,s6.300000000000000,s1.000000000000000,s0.000000000000000
168_32,s7.000000000000000,s1.000000000000000,s0.000000000000000
168_33,s0.350000000000000,s1.800000000000000,s180.000000000000000
168_34,s1.050000000000000,s1.800000000000000,s180.000000000000000
168_35,s1.750000000000000,s1.800000000000000,s180.000000000000000
168_36,s2.450000000000000,s1.800000000000000,s180.000000000000000
168_37,s3.150000000000000,s1.800000000000000,s180.000000000000000
168_38,s3.850000000000000,s1.800000000000000,s180.000000000000000
168_39,s4.550000000000000,s1.800000000000000,s180.000000000000000
168_40,s5.250000000000000,s1.800000000000000,s180.000000000000000
168_41,s5.950000000000000,s1.800000000000000,s180.000000000000000
168_42,s6.650000000000000,s1.800000000000000,s180.000000000000000
168_43,s7.350000000000000,s1.800000000000000,s180.000000000000000
168_44,s0.000000000000000,s2.000000000000000,s0.000000000000000
168_45,s0.700000000000000,s2.000000000000000,s0.000000000000000
168_46,s1.400000000000000,s2.000000000000000,s0.000000000000000
168_47,s2.100000000000000,s2.000000000000000,s0.000000000000000
168_48,s2.800000000000000,s2.000000000000000,s0.000000000000000
168_49,s3.500000000000000,s2.000000000000000,s0.000000000000000
168_50,s4.200000000000000,s2.000000000000000,s0.000000000000000
168_51,s4.900000000000000,s2.000000000000000,s0.000000000000000
168_52,s5.600000000000000,s2.000000000000000,s0.000000000000000
168_53,s6.300000000000000,s2.000000000000000,s0.000000000000000
168_54,s7.000000000000000,s2.000000000000000,s0.000000000000000
168_55,s0.350000000000000,s2.800000000000000,s180.000000000000000
168_56,s1.050000000000000,s2.800000000000000,s180.000000000000000
168_57,s1.750000000000000,s2.800000000000000,s180.000000000000000
168_58,s2.450000000000000,s2.800000000000000,s180.000000000000000
168_59,s3.150000000000000,s2.800000000000000,s180.000000000000000
168_60,s3.850000000000000,s2.800000000000000,s180.000000000000000
168_61,s4.550000000000000,s2.800000000000000,s180.000000000000000
168_62,s5.250000000000000,s2.800000000000000,s180.000000000000000
168_63,s5.950000000000000,s2.800000000000000,s180.000000000000000
168_64,s6.650000000000000,s2.800000000000000,s180.000000000000000
168_65,s7.350000000000000,s2.800000000000000,s180.000000000000000
168_66,s0.000000000000000,s3.000000000000000,s0.000000000000000
168_67,s0.700000000000000,s3.000000000000000,s0.000000000000000
168_68,s1.400000000000000,s3.000000000000000,s0.000000000000000
168_69,s2.100000000000000,s3.000000000000000,s0.000000000000000
168_70,s2.800000000000000,s3.000000000000000,s0.000000000000000
168_71,s3.500000000000000,s3.000000000000000,s0.000000000000000
168_72,s4.200000000000000,s3.000000000000000,s0.000000000000000
168_73,s4.900000000000000,s3.000000000000000,s0.000000000000000
168_74,s5.600000000000000,s3.000000000000000,s0.000000000000000
168_75,s6.300000000000000,s3.000000000000000,s0.000000000000000
168_76,s7.000000000000000,s3.000000000000000,s0.000000000000000
168_77,s0.350000000000000,s3.800000000000000,s180.000000000000000
168_78,s1.050000000000000,s3.800000000000000,s180.000000000000000
168_79,s1.750000000000000,s3.800000000000000,s180.000000000000000
168_80,s2.450000000000000,s3.800000000000000,s180.000000000000000
168_81,s3.150000000000000,s3.800000000000000,s180.000000000000000
168_82,s3.850000000000000,s3.800000000000000,s180.000000000000000
168_83,s4.550000000000000,s3.800000000000000,s180.000000000000000
168_84,s5.250000000000000,s3.800000000000000,s180.000000000000000
168_85,s5.950000000000000,s3.800000000000000,s180.000000000000000
168_86,s6.650000000000000,s3.800000000000000,s180.000000000000000
168_87,s7.350000000000000,s3.800000000000000,s180.000000000000000
168_88,s0.000000000000000,s4.000000000000000,s0.000000000000000
168_89,s0.700000000000000,s4.000000000000000,s0.000000000000000
168_90,s1.400000000000000,s4.000000000000000,s0.000000000000000
168_91,s2.100000000000000,s4.000000000000000,s0.000000000000000
168_92,s2.800000000000000,s4.000000000000000,s0.000000000000000
168_93,s3.500000000000000,s4.000000000000000,s0.000000000000000
168_94,s4.200000000000000,s4.000000000000000,s0.000000000000000
168_95,s4.900000000000000,s4.000000000000000,s0.000000000000000
168_96,s5.600000000000000,s4.000000000000000,s0.000000000000000
168_97,s6.300000000000000,s4.000000000000000,s0.000000000000000
168_98,s7.000000000000000,s4.000000000000000,s0.000000000000000
168_99,s0.350000000000000,s4.800000000000000,s180.000000000000000
168_100,s1.050000000000000,s4.800000000000000,s180.000000000000000
168_101,s1.750000000000000,s4.800000000000000,s180.000000000000000
168_102,s2.450000000000000,s4.800000000000000,s180.000000000000000
168_103,s3.150000000000000,s4.800000000000000,s180.000000000000000
168_104,s3.850000000000000,s4.800000000000000,s180.000000000000000
168_105,s4.550000000000000,s4.800000000000000,s180.000000000000000
168_106,s5.250000000000000,s4.800000000000000,s180.000000000000000
168_107,s5.950000000000000,s4.800000000000000,s180.000000000000000
168_108,s6.650000000000000,s4.800000000000000,s180.000000000000000
168_109,s7.350000000000000,s4.800000000000000,s180.000000000000000
168_110,s0.000000000000000,s5.000000000000000,s0.000000000000000
168_111,s0.700000000000000,s5.000000000000000,s0.000000000000000
168_112,s1.400000000000000,s5.000000000000000,s0.000000000000000
168_113,s2.100000000000000,s5.000000000000000,s0.000000000000000
168_114,s2.800000000000000,s5.000000000000000,s0.000000000000000
168_115,s3.500000000000000,s5.000000000000000,s0.000000000000000
168_116,s4.200000000000000,s5.000000000000000,s0.000000000000000
168_117,s4.900000000000000,s5.000000000000000,s0.000000000000000
168_118,s5.600000000000000,s5.000000000000000,s0.000000000000000
168_119,s6.300000000000000,s5.000000000000000,s0.000000000000000
168_120,s7.000000000000000,s5.000000000000000,s0.000000000000000
168_121,s0.350000000000000,s5.800000000000000,s180.000000000000000
168_122,s1.050000000000000,s5.800000000000000,s180.000000000000000
168_123,s1.750000000000000,s5.800000000000000,s180.000000000000000
168_124,s2.450000000000000,s5.800000000000000,s180.000000000000000
168_125,s3.150000000000000,s5.800000000000000,s180.000000000000000
168_126,s3.850000000000000,s5.800000000000000,s180.000000000000000
168_127,s4.550000000000000,s5.800000000000000,s180.000000000000000
168_128,s5.250000000000000,s5.800000000000000,s180.000000000000000
168_129,s5.950000000000000,s5.800000000000000,s180.000000000000000
168_130,s6.650000000000000,s5.800000000000000,s180.000000000000000
168_131,s7.350000000000000,s5.800000000000000,s180.000000000000000
168_132,s0.000000000000000,s6.000000000000000,s0.000000000000000
168_133,s0.700000000000000,s6.000000000000000,s0.000000000000000
168_134,s1.400000000000000,s6.000000000000000,s0.000000000000000
168_135,s2.100000000000000,s6.000000000000000,s0.000000000000000
168_136,s2.800000000000000,s6.000000000000000,s0.000000000000000
168_137,s3.500000000000000,s6.000000000000000,s0.000000000000000
168_138,s4.200000000000000,s6.000000000000000,s0.000000000000000
168_139,s4.900000000000000,s6.000000000000000,s0.000000000000000
168_140,s5.600000000000000,s6.000000000000000,s0.000000000000000
168_141,s6.300000000000000,s6.000000000000000,s0.000000000000000
168_142,s7.000000000000000,s6.000000000000000,s0.000000000000000
168_143,s0.350000000000000,s6.800000000000000,s180.000000000000000
168_144,s1.050000000000000,s6.800000000000000,s180.000000000000000
168_145,s1.750000000000000,s6.800000000000000,s180.000000000000000
168_146,s2.450000000000000,s6.800000000000000,s180.000000000000000
168_147,s3.150000000000000,s6.800000000000000,s180.000000000000000
168_148,s3.850000000000000,s6.800000000000000,s180.000000000000000
168_149,s4.550000000000000,s6.800000000000000,s180.000000000000000
168_150,s5.250000000000000,s6.800000000000000,s180.000000000000000
168_151,s5.950000000000000,s6.800000000000000,s180.000000000000000
168_152,s6.650000000000000,s6.800000000000000,s180.000000000000000
168_153,s7.350000000000000,s6.800000000000000,s180.000000000000000
168_154,s0.000000000000000,s7.000000000000000,s0.000000000000000
168_155,s0.700000000000000,s7.000000000000000,s0.000000000000000
168_156,s1.400000000000000,s7.000000000000000,s0.000000000000000
168_157,s2.100000000000000,s7.000000000000000,s0.000000000000000
168_158,s2.800000000000000,s7.000000000000000,s0.000000000000000
168_159,s3.500000000000000,s7.000000000000000,s0.000000000000000
168_160,s4.200000000000000,s7.000000000000000,s0.000000000000000
168_161,s4.900000000000000,s7.000000000000000,s0.000000000000000
168_162,s5.600000000000000,s7.000000000000000,s0.000000000000000
168_163,s6.300000000000000,s7.000000000000000,s0.000000000000000
168_164,s7.000000000000000,s7.000000000000000,s0.000000000000000
168_165,s0.350000000000000,s7.800000000000000,s180.000000000000000
168_166,s1.050000000000000,s7.800000000000000,s180.000000000000000
168_167,s1.750000000000000,s7.800000000000000,s180.000000000000000
169_0,s0.000000000000000,s0.000000000000000,s0.000000000000000
169_1,s0.700000000000000,s0.000000000000000,s0.000000000000000
169_2,s1.400000000000000,s0.000000000000000,s0.000000000000000
169_3,s2.100000000000000,s0.000000000000000,s0.000000000000000
169_4,s2.800000000000000,s0.000000000000000,s0.000000000000000
169_5,s3.500000000000000,s0.000000000000000,s0.000000000000000
169_6,s4.200000000000000,s0.000000000000000,s0.000000000000000
169_7,s4.900000000000000,s0.000000000000000,s0.000000000000000
169_8,s5.600000000000000,s0.000000000000000,s0.000000000000000
169_9,s6.300000000000000,s0.000000000000000,s0.000000000000000
169_10,s7.000000000000000,s0.000000000000000,s0.000000000000000
169_11,s0.350000000000000,s0.800000000000000,s180.000000000000000
169_12,s1.050000000000000,s0.800000000000000,s180.000000000000000
169_13,s1.750000000000000,s0.800000000000000,s180.000000000000000
169_14,s2.450000000000000,s0.800000000000000,s180.000000000000000
169_15,s3.150000000000000,s0.800000000000000,s180.000000000000000
169_16,s3.850000000000000,s0.800000000000000,s180.000000000000000
169_17,s4.550000000000000,s0.800000000000000,s180.000000000000000
169_18,s5.250000000000000,s0.800000000000000,s180.000000000000000
169_19,s5.950000000000000,s0.800000000000000,s180.000000000000000
169_20,s6.650000000000000,s0.800000000000000,s180.000000000000000
169_21,s7.350000000000000,s0.800000000000000,s180.000000000000000
169_22,s0.000000000000000,s1.000000000000000,s0.000000000000000
169_23,s0.700000000000000,s1.000000000000000,s0.000000000000000
169_24,s1.400000000000000,s1.000000000000000,s0.000000000000000
169_25,s2.100000000000000,s1.000000000000000,s0.000000000000000
169_26,s2.800000000000000,s1.000000000000000,s0.000000000000000
169_27,s3.500000000000000,s1.000000000000000,s0.000000000000000
169_28,s4.200000000000000,s1.000000000000000,s0.000000000000000
169_29,s4.900000000000000,s1.000000000000000,s0.000000000000000
169_30,s5.600000000000000,s1.000000000000000,s0.000000000000000
169_31,s6.300000000000000,s1.000000000000000,s0.000000000000000
169_32,s7.000000000000000,s1.000000000000000,s0.000000000000000
169_33,s0.350000000000000,s1.800000000000000,s180.000000000000000
169_34,s1.050000000000000,s1.800000000000000,s180.000000000000000
169_35,s1.750000000000000,s1.800000000000000,s180.000000000000000
169_36,s2.450000000000000,s1.800000000000000,s180.000000000000000
169_37,s3.150000000000000,s1.800000000000000,s180.000000000000000
169_38,s3.850000000000000,s1.800000000000000,s180.000000000000000
169_39,s4.550000000000000,s1.800000000000000,s180.000000000000000
169_40,s5.250000000000000,s1.800000000000000,s180.000000000000000
169_41,s5.950000000000000,s1.800000000000000,s180.000000000000000
169_42,s6.650000000000000,s1.800000000000000,s180.000000000000000
169_43,s7.350000000000000,s1.800000000000000,s180.000000000000000
169_44,s0.000000000000000,s2.000000000000000,s0.000000000000000
169_45,s0.700000000000000,s2.000000000000000,s0.000000000000000
169_46,s1.400000000000000,s2.000000000000000,s0.000000000000000
169_47,s2.100000000000000,s2.000000000000000,s0.000000000000000
169_48,s2.800000000000000,s2.000000000000000,s0.000000000000000
169_49,s3.500000000000000,s2.000000000000000,s0.000000000000000
169_50,s4.200000000000000,s2.000000000000000,s0.000000000000000
169_51,s4.900000000000000,s2.000000000000000,s0.000000000000000
169_52,s5.600000000000000,s2.000000000000000,s0.000000000000000
169_53,s6.300000000000000,s2.000000000000000,s0.000000000000000
169_54,s7.000000000000000,s2.000000000000000,s0.000000000000000
169_55,s0.350000000000000,s2.800000000000000,s180.000000000000000
169_56,s1.050000000000000,s2.800000000000000,s180.000000000000000
169_57,s1.750000000000000,s2.800000000000000,s180.000000000000000
169_58,s2.450000000000000,s2.800000000000000,s180.000000000000000
169_59,s3.150000000000000,s2.800000000000000,s180.000000000000000
169_60,s3.850000000000000,s2.800000000000000,s180.000000000000000
169_61,s4.550000000000000,s2.800000000000000,s180.000000000000000
169_62,s5.250000000000000,s2.800000000000000,s180.000000000000000
169_63,s5.950000000000000,s2.800000000000000,s180.000000000000000
169_64,s6.650000000000000,s2.800000000000000,s180.000000000000000
169_65,s7.350000000000000,s2.800000000000000,s180.000000000000000
169_66,s0.000000000000000,s3.000000000000000,s0.000000000000000
169_67,s0.700000000000000,s3.000000000000000,s0.000000000000000
169_68,s1.400000000000000,s3.000000000000000,s0.000000000000000
169_69,s2.100000000000000,s3.000000000000000,s0.000000000000000
169_70,s2.800000000000000,s3.000000000000000,s0.000000000000000
169_71,s3.500000000000000,s3.000000000000000,s0.000000000000000
169_72,s4.200000000000000,s3.000000000000000,s0.000000000000000
169_73,s4.900000000000000,s3.000000000000000,s0.000000000000000
169_74,s5.600000000000000,s3.000000000000000,s0.000000000000000
169_75,s6.300000000000000,s3.000000000000000,s0.000000000000000
169_76,s7.000000000000000,s3.000000000000000,s0.000000000000000
169_77,s0.350000000000000,s3.800000000000000,s180.000000000000000
169_78,s1.050000000000000,s3.800000000000000,s180.000000000000000
169_79,s1.750000000000000,s3.800000000000000,s180.000000000000000
169_80,s2.450000000000000,s3.800000000000000,s180.000000000000000
169_81,s3.150000000000000,s3.800000000000000,s180.000000000000000
169_82,s3.850000000000000,s3.800000000000000,s180.000000000000000
169_83,s4.550000000000000,s3.800000000000000,s180.000000000000000
169_84,s5.250000000000000,s3.800000000000000,s180.000000000000000
169_85,s5.950000000000000,s3.800000000000000,s180.000000000000000
169_86,s6.650000000000000,s3.800000000000000,s180.000000000000000
169_87,s7.350000000000000,s3.800000000000000,s180.000000000000000
169_88,s0.000000000000000,s4.000000000000000,s0.000000000000000
169_89,s0.700000000000000,s4.000000000000000,s0.000000000000000
169_90,s1.400000000000000,s4.000000000000000,s0.000000000000000
169_91,s2.100000000000000,s4.000000000000000,s0.000000000000000
169_92,s2.800000000000000,s4.000000000000000,s0.000000000000000
169_93,s3.500000000000000,s4.000000000000000,s0.000000000000000
169_94,s4.200000000000000,s4.000000000000000,s0.000000000000000
169_95,s4.900000000000000,s4.000000000000000,s0.000000000000000
169_96,s5.600000000000000,s4.000000000000000,s0.000000000000000
169_97,s6.300000000000000,s4.000000000000000,s0.000000000000000
169_98,s7.000000000000000,s4.000000000000000,s0.000000000000000
169_99,s0.350000000000000,s4.800000000000000,s180.000000000000000
169_100,s1.050000000000000,s4.800000000000000,s180.000000000000000
169_101,s1.750000000000000,s4.800000000000000,s180.000000000000000
169_102,s2.450000000000000,s4.800000000000000,s180.000000000000000
169_103,s3.150000000000000,s4.800000000000000,s180.000000000000000
169_104,s3.850000000000000,s4.800000000000000,s180.000000000000000
169_105,s4.550000000000000,s4.800000000000000,s180.000000000000000
169_106,s5.250000000000000,s4.800000000000000,s180.000000000000000
169_107,s5.950000000000000,s4.800000000000000,s180.000000000000000
169_108,s6.650000000000000,s4.800000000000000,s180.000000000000000
169_109,s7.350000000000000,s4.800000000000000,s180.000000000000000
169_110,s0.000000000000000,s5.000000000000000,s0.000000000000000
169_111,s0.700000000000000,s5.000000000000000,s0.000000000000000
169_112,s1.400000000000000,s5.000000000000000,s0.000000000000000
169_113,s2.100000000000000,s5.000000000000000,s0.000000000000000
169_114,s2.800000000000000,s5.000000000000000,s0.000000000000000
169_115,s3.500000000000000,s5.000000000000000,s0.000000000000000
169_116,s4.200000000000000,s5.000000000000000,s0.000000000000000
169_117,s4.900000000000000,s5.000000000000000,s0.000000000000000
169_118,s5.600000000000000,s5.000000000000000,s0.000000000000000
169_119,s6.300000000000000,s5.000000000000000,s0.000000000000000
169_120,s7.000000000000000,s5.000000000000000,s0.000000000000000
169_121,s0.350000000000000,s5.800000000000000,s180.000000000000000
169_122,s1.050000000000000,s5.800000000000000,s180.000000000000000
169_123,s1.750000000000000,s5.800000000000000,s180.000000000000000
169_124,s2.450000000000000,s5.800000000000000,s180.000000000000000
169_125,s3.150000000000000,s5.800000000000000,s180.000000000000000
169_126,s3.850000000000000,s5.800000000000000,s180.000000000000000
169_127,s4.550000000000000,s5.800000000000000,s180.000000000000000
169_128,s5.250000000000000,s5.800000000000000,s180.000000000000000
169_129,s5.950000000000000,s5.800000000000000,s180.000000000000000
169_130,s6.650000000000000,s5.800000000000000,s180.000000000000000
169_131,s7.350000000000000,s5.800000000000000,s180.000000000000000
169_132,s0.000000000000000,s6.000000000000000,s0.000000000000000
169_133,s0.700000000000000,s6.000000000000000,s0.000000000000000
169_134,s1.400000000000000,s6.000000000000000,s0.000000000000000
169_135,s2.100000000000000,s6.000000000000000,s0.000000000000000
169_136,s2.800000000000000,s6.000000000000000,s0.000000000000000
169_137,s3.500000000000000,s6.000000000000000,s0.000000000000000
169_138,s4.200000000000000,s6.000000000000000,s0.000000000000000
169_139,s4.900000000000000,s6.000000000000000,s0.000000000000000
169_140,s5.600000000000000,s6.000000000000000,s0.000000000000000
169_141,s6.300000000000000,s6.000000000000000,s0.000000000000000
169_142,s7.000000000000000,s6.000000000000000,s0.000000000000000
169_143,s0.350000000000000,s6.800000000000000,s180.000000000000000
169_144,s1.050000000000000,s6.800000000000000,s180.000000000000000
169_145,s1.750000000000000,s6.800000000000000,s180.000000000000000
169_146,s2.450000000000000,s6.800000000000000,s180.000000000000000
169_147,s3.150000000000000,s6.800000000000000,s180.000000000000000
169_148,s3.850000000000000,s6.800000000000000,s180.000000000000000
169_149,s4.550000000000000,s6.800000000000000,s180.000000000000000
169_150,s5.250000000000000,s6.800000000000000,s180.000000000000000
169_151,s5.950000000000000,s6.800000000000000,s180.000000000000000
169_152,s6.650000000000000,s6.800000000000000,s180.000000000000000
169_153,s7.350000000000000,s6.800000000000000,s180.000000000000000
169_154,s0.000000000000000,s7.000000000000000,s0.000000000000000
169_155,s0.700000000000000,s7.000000000000000,s0.000000000000000
169_156,s1.400000000000000,s7.000000000000000,s0.000000000000000
169_157,s2.100000000000000,s7.000000000000000,s0.000000000000000
169_158,s2.800000000000000,s7.000000000000000,s0.000000000000000
169_159,s3.500000000000000,s7.000000000000000,s0.000000000000000
169_160,s4.200000000000000,s7.000000000000000,s0.000000000000000
169_161,s4.900000000000000,s7.000000000000000,s0.000000000000000
169_162,s5.600000000000000,s7.000000000000000,s0.000000000000000
169_163,s6.300000000000000,s7.000000000000000,s0.000000000000000
169_164,s7.000000000000000,s7.000000000000000,s0.000000000000000
169_165,s0.350000000000000,s7.800000000000000,s180.000000000000000
169_166,s1.050000000000000,s7.800000000000000,s180.000000000000000
169_167,s1.750000000000000,s7.800000000000000,s180.000000000000000
169_168,s2.450000000000000,s7.800000000000000,s180.000000000000000
170_0,s0.000000000000000,s0.000000000000000,s0.000000000000000
170_1,s0.700000000000000,s0.000000000000000,s0.000000000000000
170_2,s1.400000000000000,s0.000000000000000,s0.000000000000000
170_3,s2.100000000000000,s0.000000000000000,s0.000000000000000
170_4,s2.800000000000000,s0.000000000000000,s0.000000000000000
170_5,s3.500000000000000,s0.000000000000000,s0.000000000000000
170_6,s4.200000000000000,s0.000000000000000,s0.000000000000000
170_7,s4.900000000000000,s0.000000000000000,s0.000000000000000
170_8,s5.600000000000000,s0.000000000000000,s0.000000000000000
170_9,s6.300000000000000,s0.000000000000000,s0.000000000000000
170_10,s7.000000000000000,s0.000000000000000,s0.000000000000000
170_11,s0.350000000000000,s0.800000000000000,s180.000000000000000
170_12,s1.050000000000000,s0.800000000000000,s180.000000000000000
170_13,s1.750000000000000,s0.800000000000000,s180.000000000000000
170_14,s2.450000000000000,s0.800000000000000,s180.000000000000000
170_15,s3.150000000000000,s0.800000000000000,s180.000000000000000
170_16,s3.850000000000000,s0.800000000000000,s180.000000000000000
170_17,s4.550000000000000,s0.800000000000000,s180.000000000000000
170_18,s5.250000000000000,s0.800000000000000,s180.000000000000000
170_19,s5.950000000000000,s0.800000000000000,s180.000000000000000
170_20,s6.650000000000000,s0.800000000000000,s180.000000000000000
170_21,s7.350000000000000,s0.800000000000000,s180.000000000000000
170_22,s0.000000000000000,s1.000000000000000,s0.000000000000000
170_23,s0.700000000000000,s1.000000000000000,s0.000000000000000
170_24,s1.400000000000000,s1.000000000000000,s0.000000000000000
170_25,s2.100000000000000,s1.000000000000000,s0.000000000000000
170_26,s2.800000000000000,s1.000000000000000,s0.000000000000000
170_27,s3.500000000000000,s1.000000000000000,s0.000000000000000
170_28,s4.200000000000000,s1.000000000000000,s0.000000000000000
170_29,s4.900000000000000,s1.000000000000000,s0.000000000000000
170_30,s5.600000000000000,s1.000000000000000,s0.000000000000000
170_31,s6.300000000000000,s1.000000000000000,s0.000000000000000
170_32,s7.000000000000000,s1.000000000000000,s0.000000000000000
170_33,s0.350000000000000,s1.800000000000000,s180.000000000000000
170_34,s1.050000000000000,s1.800000000000000,s180.000000000000000
170_35,s1.750000000000000,s1.800000000000000,s180.000000000000000
170_36,s2.450000000000000,s1.800000000000000,s180.000000000000000
170_37,s3.150000000000000,s1.800000000000000,s180.000000000000000
170_38,s3.850000000000000,s1.800000000000000,s180.000000000000000
170_39,s4.550000000000000,s1.800000000000000,s180.000000000000000
170_40,s5.250000000000000,s1.800000000000000,s180.000000000000000
170_41,s5.950000000000000,s1.800000000000000,s180.000000000000000
170_42,s6.650000000000000,s1.800000000000000,s180.000000000000000
170_43,s7.350000000000000,s1.800000000000000,s180.000000000000000
170_44,s0.000000000000000,s2.000000000000000,s0.000000000000000
170_45,s0.700000000000000,s2.000000000000000,s0.000000000000000
170_46,s1.400000000000000,s2.000000000000000,s0.000000000000000
170_47,s2.100000000000000,s2.000000000000000,s0.000000000000000
170_48,s2.800000000000000,s2.000000000000000,s0.000000000000000
170_49,s3.500000000000000,s2.000000000000000,s0.000000000000000
170_50,s4.200000000000000,s2.000000000000000,s0.000000000000000
170_51,s4.900000000000000,s2.000000000000000,s0.000000000000000
170_52,s5.600000000000000,s2.000000000000000,s0.000000000000000
170_53,s6.300000000000000,s2.000000000000000,s0.000000000000000
170_54,s7.000000000000000,s2.000000000000000,s0.000000000000000
170_55,s0.350000000000000,s2.800000000000000,s180.000000000000000
170_56,s1.050000000000000,s2.800000000000000,s180.000000000000000
170_57,s1.750000000000000,s2.800000000000000,s180.000000000000000
170_58,s2.450000000000000,s2.800000000000000,s180.000000000000000
170_59,s3.150000000000000,s2.800000000000000,s180.000000000000000
170_60,s3.850000000000000,s2.800000000000000,s180.000000000000000
170_61,s4.550000000000000,s2.800000000000000,s180.000000000000000
170_62,s5.250000000000000,s2.800000000000000,s180.000000000000000
170_63,s5.950000000000000,s2.800000000000000,s180.000000000000000
170_64,s6.650000000000000,s2.800000000000000,s180.000000000000000
170_65,s7.350000000000000,s2.800000000000000,s180.000000000000000
170_66,s0.000000000000000,s3.000000000000000,s0.000000000000000
170_67,s0.700000000000000,s3.000000000000000,s0.000000000000000
170_68,s1.400000000000000,s3.000000000000000,s0.000000000000000
170_69,s2.100000000000000,s3.000000000000000,s0.000000000000000
170_70,s2.800000000000000,s3.000000000000000,s0.000000000000000
170_71,s3.500000000000000,s3.000000000000000,s0.000000000000000
170_72,s4.200000000000000,s3.000000000000000,s0.000000000000000
170_73,s4.900000000000000,s3.000000000000000,s0.000000000000000
170_74,s5.600000000000000,s3.000000000000000,s0.000000000000000
170_75,s6.300000000000000,s3.000000000000000,s0.000000000000000
170_76,s7.000000000000000,s3.000000000000000,s0.000000000000000
170_77,s0.350000000000000,s3.800000000000000,s180.000000000000000
170_78,s1.050000000000000,s3.800000000000000,s180.000000000000000
170_79,s1.750000000000000,s3.800000000000000,s180.000000000000000
170_80,s2.450000000000000,s3.800000000000000,s180.000000000000000
170_81,s3.150000000000000,s3.800000000000000,s180.000000000000000
170_82,s3.850000000000000,s3.800000000000000,s180.000000000000000
170_83,s4.550000000000000,s3.800000000000000,s180.000000000000000
170_84,s5.250000000000000,s3.800000000000000,s180.000000000000000
170_85,s5.950000000000000,s3.800000000000000,s180.000000000000000
170_86,s6.650000000000000,s3.800000000000000,s180.000000000000000
170_87,s7.350000000000000,s3.800000000000000,s180.000000000000000
170_88,s0.000000000000000,s4.000000000000000,s0.000000000000000
170_89,s0.700000000000000,s4.000000000000000,s0.000000000000000
170_90,s1.400000000000000,s4.000000000000000,s0.000000000000000
170_91,s2.100000000000000,s4.000000000000000,s0.000000000000000
170_92,s2.800000000000000,s4.000000000000000,s0.000000000000000
170_93,s3.500000000000000,s4.000000000000000,s0.000000000000000
170_94,s4.200000000000000,s4.000000000000000,s0.000000000000000
170_95,s4.900000000000000,s4.000000000000000,s0.000000000000000
170_96,s5.600000000000000,s4.000000000000000,s0.000000000000000
170_97,s6.300000000000000,s4.000000000000000,s0.000000000000000
170_98,s7.000000000000000,s4.000000000000000,s0.000000000000000
170_99,s0.350000000000000,s4.800000000000000,s180.000000000000000
170_100,s1.050000000000000,s4.800000000000000,s180.000000000000000
170_101,s1.750000000000000,s4.800000000000000,s180.000000000000000
170_102,s2.450000000000000,s4.800000000000000,s180.000000000000000
170_103,s3.150000000000000,s4.800000000000000,s180.000000000000000
170_104,s3.850000000000000,s4.800000000000000,s180.000000000000000
170_105,s4.550000000000000,s4.800000000000000,s180.000000000000000
170_106,s5.250000000000000,s4.800000000000000,s180.000000000000000
170_107,s5.950000000000000,s4.800000000000000,s180.000000000000000
170_108,s6.650000000000000,s4.800000000000000,s180.000000000000000
170_109,s7.350000000000000,s4.800000000000000,s180.000000000000000
170_110,s0.000000000000000,s5.000000000000000,s0.000000000000000
170_111,s0.700000000000000,s5.000000000000000,s0.000000000000000
170_112,s1.400000000000000,s5.000000000000000,s0.000000000000000
170_113,s2.100000000000000,s5.000000000000000,s0.000000000000000
170_114,s2.800000000000000,s5.000000000000000,s0.000000000000000
170_115,s3.500000000000000,s5.000000000000000,s0.000000000000000
170_116,s4.200000000000000,s5.000000000000000,s0.000000000000000
170_117,s4.900000000000000,s5.000000000000000,s0.000000000000000
170_118,s5.600000000000000,s5.000000000000000,s0.000000000000000
170_119,s6.300000000000000,s5.000000000000000,s0.000000000000000
170_120,s7.000000000000000,s5.000000000000000,s0.000000000000000
170_121,s0.350000000000000,s5.800000000000000,s180.000000000000000
170_122,s1.050000000000000,s5.800000000000000,s180.000000000000000
170_123,s1.750000000000000,s5.800000000000000,s180.000000000000000
170_124,s2.450000000000000,s5.800000000000000,s180.000000000000000
170_125,s3.150000000000000,s5.800000000000000,s180.000000000000000
170_126,s3.850000000000000,s5.800000000000000,s180.000000000000000
170_127,s4.550000000000000,s5.800000000000000,s180.000000000000000
170_128,s5.250000000000000,s5.800000000000000,s180.000000000000000
170_129,s5.950000000000000,s5.800000000000000,s180.000000000000000
170_130,s6.650000000000000,s5.800000000000000,s180.000000000000000
170_131,s7.350000000000000,s5.800000000000000,s180.000000000000000
170_132,s0.000000000000000,s6.000000000000000,s0.000000000000000
170_133,s0.700000000000000,s6.000000000000000,s0.000000000000000
170_134,s1.400000000000000,s6.000000000000000,s0.000000000000000
170_135,s2.100000000000000,s6.000000000000000,s0.000000000000000
170_136,s2.800000000000000,s6.000000000000000,s0.000000000000000
170_137,s3.500000000000000,s6.000000000000000,s0.000000000000000
170_138,s4.200000000000000,s6.000000000000000,s0.000000000000000
170_139,s4.900000000000000,s6.000000000000000,s0.000000000000000
170_140,s5.600000000000000,s6.000000000000000,s0.000000000000000
170_141,s6.300000000000000,s6.000000000000000,s0.000000000000000
170_142,s7.000000000000000,s6.000000000000000,s0.000000000000000
170_143,s0.350000000000000,s6.800000000000000,s180.000000000000000
170_144,s1.050000000000000,s6.800000000000000,s180.000000000000000
170_145,s1.750000000000000,s6.800000000000000,s180.000000000000000
170_146,s2.450000000000000,s6.800000000000000,s180.000000000000000
170_147,s3.150000000000000,s6.800000000000000,s180.000000000000000
170_148,s3.850000000000000,s6.800000000000000,s180.000000000000000
170_149,s4.550000000000000,s6.800000000000000,s180.000000000000000
170_150,s5.250000000000000,s6.800000000000000,s180.000000000000000
170_151,s5.950000000000000,s6.800000000000000,s180.000000000000000
170_152,s6.650000000000000,s6.800000000000000,s180.000000000000000
170_153,s7.350000000000000,s6.800000000000000,s180.000000000000000
170_154,s0.000000000000000,s7.000000000000000,s0.000000000000000
170_155,s0.700000000000000,s7.000000000000000,s0.000000000000000
170_156,s1.400000000000000,s7.000000000000000,s0.000000000000000
170_157,s2.100000000000000,s7.000000000000000,s0.000000000000000
170_158,s2.800000000000000,s7.000000000000000,s0.000000000000000
170_159,s3.500000000000000,s7.000000000000000,s0.000000000000000
170_160,s4.200000000000000,s7.000000000000000,s0.000000000000000
170_161,s4.900000000000000,s7.000000000000000,s0.000000000000000
170_162,s5.600000000000000,s7.000000000000000,s0.000000000000000
170_163,s6.300000000000000,s7.000000000000000,s0.000000000000000
170_164,s7.000000000000000,s7.000000000000000,s0.000000000000000
170_165,s0.350000000000000,s7.800000000000000,s180.000000000000000
170_166,s1.050000000000000,s7.800000000000000,s180.000000000000000
170_167,s1.750000000000000,s7.800000000000000,s180.000000000000000
170_168,s2.450000000000000,s7.800000000000000,s180.000000000000000
170_169,s3.150000000000000,s7.800000000000000,s180.000000000000000
171_0,s0.000000000000000,s0.000000000000000,s0.000000000000000
171_1,s0.700000000000000,s0.000000000000000,s0.000000000000000
171_2,s1.400000000000000,s0.000000000000000,s0.000000000000000
171_3,s2.100000000000000,s0.000000000000000,s0.000000000000000
171_4,s2.800000000000000,s0.000000000000000,s0.000000000000000
171_5,s3.500000000000000,s0.000000000000000,s0.000000000000000
171_6,s4.200000000000000,s0.000000000000000,s0.000000000000000
171_7,s4.900000000000000,s0.000000000000000,s0.000000000000000
171_8,s5.600000000000000,s0.000000000000000,s0.000000000000000
171_9,s6.300000000000000,s0.000000000000000,s0.000000000000000
171_10,s7.000000000000000,s0.000000000000000,s0.000000000000000
171_11,s0.350000000000000,s0.800000000000000,s180.000000000000000
171_12,s1.050000000000000,s0.800000000000000,s180.000000000000000
171_13,s1.750000000000000,s0.800000000000000,s180.000000000000000
171_14,s2.450000000000000,s0.800000000000000,s180.000000000000000
171_15,s3.150000000000000,s0.800000000000000,s180.000000000000000
171_16,s3.850000000000000,s0.800000000000000,s180.000000000000000
171_17,s4.550000000000000,s0.800000000000000,s180.000000000000000
171_18,s5.250000000000000,s0.800000000000000,s180.000000000000000
171_19,s5.950000000000000,s0.800000000000000,s180.000000000000000
171_20,s6.650000000000000,s0.800000000000000,s180.000000000000000
171_21,s7.350000000000000,s0.800000000000000,s180.000000000000000
171_22,s0.000000000000000,s1.000000000000000,s0.000000000000000
171_23,s0.700000000000000,s1.000000000000000,s0.000000000000000
171_24,s1.400000000000000,s1.000000000000000,s0.000000000000000
171_25,s2.100000000000000,s1.000000000000000,s0.000000000000000
171_26,s2.800000000000000,s1.000000000000000,s0.000000000000000
171_27,s3.500000000000000,s1.000000000000000,s0.000000000000000
171_28,s4.200000000000000,s1.000000000000000,s0.000000000000000
171_29,s4.900000000000000,s1.000000000000000,s0.000000000000000
171_30,s5.600000000000000,s1.000000000000000,s0.000000000000000
171_31,s6.300000000000000,s1.000000000000000,s0.000000000000000
171_32,s7.000000000000000,s1.000000000000000,s0.000000000000000
171_33,s0.350000000000000,s1.800000000000000,s180.000000000000000
171_34,s1.050000000000000,s1.800000000000000,s180.000000000000000
171_35,s1.750000000000000,s1.800000000000000,s180.000000000000000
171_36,s2.450000000000000,s1.800000000000000,s180.000000000000000
171_37,s3.150000000000000,s1.800000000000000,s180.000000000000000
171_38,s3.850000000000000,s1.800000000000000,s180.000000000000000
171_39,s4.550000000000000,s1.800000000000000,s180.000000000000000
171_40,s5.250000000000000,s1.800000000000000,s180.000000000000000
171_41,s5.950000000000000,s1.800000000000000,s180.000000000000000
171_42,s6.650000000000000,s1.800000000000000,s180.000000000000000
171_43,s7.350000000000000,s1.800000000000000,s180.000000000000000
171_44,s0.000000000000000,s2.000000000000000,s0.000000000000000
171_45,s0.700000000000000,s2.000000000000000,s0.000000000000000
171_46,s1.400000000000000,s2.000000000000000,s0.000000000000000
171_47,s2.100000000000000,s2.000000000000000,s0.000000000000000
171_48,s2.800000000000000,s2.000000000000000,s0.000000000000000
171_49,s3.500000000000000,s2.000000000000000,s0.000000000000000
171_50,s4.200000000000000,s2.000000000000000,s0.000000000000000
171_51,s4.900000000000000,s2.000000000000000,s0.000000000000000
171_52,s5.600000000000000,s2.000000000000000,s0.000000000000000
171_53,s6.300000000000000,s2.000000000000000,s0.000000000000000
171_54,s7.000000000000000,s2.000000000000000,s0.000000000000000
171_55,s0.350000000000000,s2.800000000000000,s180.000000000000000
171_56,s1.050000000000000,s2.800000000000000,s180.000000000000000
171_57,s1.750000000000000,s2.800000000000000,s180.000000000000000
171_58,s2.450000000000000,s2.800000000000000,s180.000000000000000
171_59,s3.150000000000000,s2.800000000000000,s180.000000000000000
171_60,s3.850000000000000,s2.800000000000000,s180.000000000000000
171_61,s4.550000000000000,s2.800000000000000,s180.000000000000000
171_62,s5.250000000000000,s2.800000000000000,s180.000000000000000
171_63,s5.950000000000000,s2.800000000000000,s180.000000000000000
171_64,s6.650000000000000,s2.800000000000000,s180.000000000000000
171_65,s7.350000000000000,s2.800000000000000,s180.000000000000000
171_66,s0.000000000000000,s3.000000000000000,s0.000000000000000
171_67,s0.700000000000000,s3.000000000000000,s0.000000000000000
171_68,s1.400000000000000,s3.000000000000000,s0.000000000000000
171_69,s2.100000000000000,s3.000000000000000,s0.000000000000000
171_70,s2.800000000000000,s3.000000000000000,s0.000000000000000
171_71,s3.500000000000000,s3.000000000000000,s0.000000000000000
171_72,s4.200000000000000,s3.000000000000000,s0.000000000000000
171_73,s4.900000000000000,s3.000000000000000,s0.000000000000000
171_74,s5.600000000000000,s3.000000000000000,s0.000000000000000
171_75,s6.300000000000000,s3.000000000000000,s0.000000000000000
171_76,s7.000000000000000,s3.000000000000000,s0.000000000000000
171_77,s0.350000000000000,s3.800000000000000,s180.000000000000000
171_78,s1.050000000000000,s3.800000000000000,s180.000000000000000
171_79,s1.750000000000000,s3.800000000000000,s180.000000000000000
171_80,s2.450000000000000,s3.800000000000000,s180.000000000000000
171_81,s3.150000000000000,s3.800000000000000,s180.000000000000000
171_82,s3.850000000000000,s3.800000000000000,s180.000000000000000
171_83,s4.550000000000000,s3.800000000000000,s180.000000000000000
171_84,s5.250000000000000,s3.800000000000000,s180.000000000000000
171_85,s5.950000000000000,s3.800000000000000,s180.000000000000000
171_86,s6.650000000000000,s3.800000000000000,s180.000000000000000
171_87,s7.350000000000000,s3.800000000000000,s180.000000000000000
171_88,s0.000000000000000,s4.000000000000000,s0.000000000000000
171_89,s0.700000000000000,s4.000000000000000,s0.000000000000000
171_90,s1.400000000000000,s4.000000000000000,s0.000000000000000
171_91,s2.100000000000000,s4.000000000000000,s0.000000000000000
171_92,s2.800000000000000,s4.000000000000000,s0.000000000000000
171_93,s3.500000000000000,s4.000000000000000,s0.000000000000000
171_94,s4.200000000000000,s4.000000000000000,s0.000000000000000
171_95,s4.900000000000000,s4.000000000000000,s0.000000000000000
171_96,s5.600000000000000,s4.000000000000000,s0.000000000000000
171_97,s6.300000000000000,s4.000000000000000,s0.000000000000000
171_98,s7.000000000000000,s4.000000000000000,s0.000000000000000
171_99,s0.350000000000000,s4.800000000000000,s180.000000000000000
171_100,s1.050000000000000,s4.800000000000000,s180.000000000000000
171_101,s1.750000000000000,s4.800000000000000,s180.000000000000000
171_102,s2.450000000000000,s4.800000000000000,s180.000000000000000
171_103,s3.150000000000000,s4.800000000000000,s180.000000000000000
171_104,s3.850000000000000,s4.800000000000000,s180.000000000000000
171_105,s4.550000000000000,s4.800000000000000,s180.000000000000000
171_106,s5.250000000000000,s4.800000000000000,s180.000000000000000
171_107,s5.950000000000000,s4.800000000000000,s180.000000000000000
171_108,s6.650000000000000,s4.800000000000000,s180.000000000000000
171_109,s7.350000000000000,s4.800000000000000,s180.000000000000000
171_110,s0.000000000000000,s5.000000000000000,s0.000000000000000
171_111,s0.700000000000000,s5.000000000000000,s0.000000000000000
171_112,s1.400000000000000,s5.000000000000000,s0.000000000000000
171_113,s2.100000000000000,s5.000000000000000,s0.000000000000000
171_114,s2.800000000000000,s5.000000000000000,s0.000000000000000
171_115,s3.500000000000000,s5.000000000000000,s0.000000000000000
171_116,s4.200000000000000,s5.000000000000000,s0.000000000000000
171_117,s4.900000000000000,s5.000000000000000,s0.000000000000000
171_118,s5.600000000000000,s5.000000000000000,s0.000000000000000
171_119,s6.300000000000000,s5.000000000000000,s0.000000000000000
171_120,s7.000000000000000,s5.000000000000000,s0.000000000000000
171_121,s0.350000000000000,s5.800000000000000,s180.000000000000000
171_122,s1.050000000000000,s5.800000000000000,s180.000000000000000
171_123,s1.750000000000000,s5.800000000000000,s180.000000000000000
171_124,s2.450000000000000,s5.800000000000000,s180.000000000000000
171_125,s3.150000000000000,s5.800000000000000,s180.000000000000000
171_126,s3.850000000000000,s5.800000000000000,s180.000000000000000
171_127,s4.550000000000000,s5.800000000000000,s180.000000000000000
171_128,s5.250000000000000,s5.800000000000000,s180.000000000000000
171_129,s5.950000000000000,s5.800000000000000,s180.000000000000000
171_130,s6.650000000000000,s5.800000000000000,s180.000000000000000
171_131,s7.350000000000000,s5.800000000000000,s180.000000000000000
171_132,s0.000000000000000,s6.000000000000000,s0.000000000000000
171_133,s0.700000000000000,s6.000000000000000,s0.000000000000000
171_134,s1.400000000000000,s6.000000000000000,s0.000000000000000
171_135,s2.100000000000000,s6.000000000000000,s0.000000000000000
171_136,s2.800000000000000,s6.000000000000000,s0.000000000000000
171_137,s3.500000000000000,s6.000000000000000,s0.000000000000000
171_138,s4.200000000000000,s6.000000000000000,s0.000000000000000
171_139,s4.900000000000000,s6.000000000000000,s0.000000000000000
171_140,s5.600000000000000,s6.000000000000000,s0.000000000000000
171_141,s6.300000000000000,s6.000000000000000,s0.000000000000000
171_142,s7.000000000000000,s6.000000000000000,s0.000000000000000
171_143,s0.350000000000000,s6.800000000000000,s180.000000000000000
171_144,s1.050000000000000,s6.800000000000000,s180.000000000000000
171_145,s1.750000000000000,s6.800000000000000,s180.000000000000000
171_146,s2.450000000000000,s6.800000000000000,s180.000000000000000
171_147,s3.150000000000000,s6.800000000000000,s180.000000000000000
171_148,s3.850000000000000,s6.800000000000000,s180.000000000000000
171_149,s4.550000000000000,s6.800000000000000,s180.000000000000000
171_150,s5.250000000000000,s6.800000000000000,s180.000000000000000
171_151,s5.950000000000000,s6.800000000000000,s180.000000000000000
171_152,s6.650000000000000,s6.800000000000000,s180.000000000000000
171_153,s7.350000000000000,s6.800000000000000,s180.000000000000000
171_154,s0.000000000000000,s7.000000000000000,s0.000000000000000
171_155,s0.700000000000000,s7.000000000000000,s0.000000000000000
171_156,s1.400000000000000,s7.000000000000000,s0.000000000000000
171_157,s2.100000000000000,s7.000000000000000,s0.000000000000000
171_158,s2.800000000000000,s7.000000000000000,s0.000000000000000
171_159,s3.500000000000000,s7.000000000000000,s0.000000000000000
171_160,s4.200000000000000,s7.000000000000000,s0.000000000000000
171_161,s4.900000000000000,s7.000000000000000,s0.000000000000000
171_162,s5.600000000000000,s7.000000000000000,s0.000000000000000
171_163,s6.300000000000000,s7.000000000000000,s0.000000000000000
171_164,s7.000000000000000,s7.000000000000000,s0.000000000000000
171_165,s0.350000000000000,s7.800000000000000,s180.000000000000000
171_166,s1.050000000000000,s7.800000000000000,s180.000000000000000
171_167,s1.750000000000000,s7.800000000000000,s180.000000000000000
171_168,s2.450000000000000,s7.800000000000000,s180.000000000000000
171_169,s3.150000000000000,s7.800000000000000,s180.000000000000000
171_170,s3.850000000000000,s7.800000000000000,s180.000000000000000
172_0,s0.000000000000000,s0.000000000000000,s0.000000000000000
172_1,s0.700000000000000,s0.000000000000000,s0.000000000000000
172_2,s1.400000000000000,s0.000000000000000,s0.000000000000000
172_3,s2.100000000000000,s0.000000000000000,s0.000000000000000
172_4,s2.800000000000000,s0.000000000000000,s0.000000000000000
172_5,s3.500000000000000,s0.000000000000000,s0.000000000000000
172_6,s4.200000000000000,s0.000000000000000,s0.000000000000000
172_7,s4.900000000000000,s0.000000000000000,s0.000000000000000
172_8,s5.600000000000000,s0.000000000000000,s0.000000000000000
172_9,s6.300000000000000,s0.000000000000000,s0.000000000000000
172_10,s7.000000000000000,s0.000000000000000,s0.000000000000000
172_11,s0.350000000000000,s0.800000000000000,s180.000000000000000
172_12,s1.050000000000000,s0.800000000000000,s180.000000000000000
172_13,s1.750000000000000,s0.800000000000000,s180.000000000000000
172_14,s2.450000000000000,s0.800000000000000,s180.000000000000000
172_15,s3.150000000000000,s0.800000000000000,s180.000000000000000
172_16,s3.850000000000000,s0.800000000000000,s180.000000000000000
172_17,s4.550000000000000,s0.800000000000000,s180.000000000000000
172_18,s5.250000000000000,s0.800000000000000,s180.000000000000000
172_19,s5.950000000000000,s0.800000000000000,s180.000000000000000
172_20,s6.650000000000000,s0.800000000000000,s180.000000000000000
172_21,s7.350000000000000,s0.800000000000000,s180.000000000000000
172_22,s0.000000000000000,s1.000000000000000,s0.000000000000000
172_23,s0.700000000000000,s1.000000000000000,s0.000000000000000
172_24,s1.400000000000000,s1.000000000000000,s0.000000000000000
172_25,s2.100000000000000,s1.000000000000000,s0.000000000000000
172_26,s2.800000000000000,s1.000000000000000,s0.000000000000000
172_27,s3.500000000000000,s1.000000000000000,s0.000000000000000
172_28,s4.200000000000000,s1.000000000000000,s0.000000000000000
172_29,s4.900000000000000,s1.000000000000000,s0.000000000000000
172_30,s5.600000000000000,s1.000000000000000,s0.000000000000000
172_31,s6.300000000000000,s1.000000000000000,s0.000000000000000
172_32,s7.000000000000000,s1.000000000000000,s0.000000000000000
172_33,s0.350000000000000,s1.800000000000000,s180.000000000000000
172_34,s1.050000000000000,s1.800000000000000,s180.000000000000000
172_35,s1.750000000000000,s1.800000000000000,s180.000000000000000
172_36,s2.450000000000000,s1.800000000000000,s180.000000000000000
172_37,s3.150000000000000,s1.800000000000000,s180.000000000000000
172_38,s3.850000000000000,s1.800000000000000,s180.000000000000000
172_39,s4.550000000000000,s1.800000000000000,s180.000000000000000
172_40,s5.250000000000000,s1.800000000000000,s180.000000000000000
172_41,s5.950000000000000,s1.800000000000000,s180.000000000000000
172_42,s6.650000000000000,s1.800000000000000,s180.000000000000000
172_43,s7.350000000000000,s1.800000000000000,s180.000000000000000
172_44,s0.000000000000000,s2.000000000000000,s0.000000000000000
172_45,s0.700000000000000,s2.000000000000000,s0.000000000000000
172_46,s1.400000000000000,s2.000000000000000,s0.000000000000000
172_47,s2.100000000000000,s2.000000000000000,s0.000000000000000
172_48,s2.800000000000000,s2.000000000000000,s0.000000000000000
172_49,s3.500000000000000,s2.000000000000000,s0.000000000000000
172_50,s4.200000000000000,s2.000000000000000,s0.000000000000000
172_51,s4.900000000000000,s2.000000000000000,s0.000000000000000
172_52,s5.600000000000000,s2.000000000000000,s0.000000000000000
172_53,s6.300000000000000,s2.000000000000000,s0.000000000000000
172_54,s7.000000000000000,s2.000000000000000,s0.000000000000000
172_55,s0.350000000000000,s2.800000000000000,s180.000000000000000
172_56,s1.050000000000000,s2.800000000000000,s180.000000000000000
172_57,s1.750000000000000,s2.800000000000000,s180.000000000000000
172_58,s2.450000000000000,s2.800000000000000,s180.000000000000000
172_59,s3.150000000000000,s2.800000000000000,s180.000000000000000
172_60,s3.850000000000000,s2.800000000000000,s180.000000000000000
172_61,s4.550000000000000,s2.800000000000000,s180.000000000000000
172_62,s5.250000000000000,s2.800000000000000,s180.000000000000000
172_63,s5.950000000000000,s2.800000000000000,s180.000000000000000
172_64,s6.650000000000000,s2.800000000000000,s180.000000000000000
172_65,s7.350000000000000,s2.800000000000000,s180.000000000000000
172_66,s0.000000000000000,s3.000000000000000,s0.000000000000000
172_67,s0.700000000000000,s3.000000000000000,s0.000000000000000
172_68,s1.400000000000000,s3.000000000000000,s0.000000000000000
172_69,s2.100000000000000,s3.000000000000000,s0.000000000000000
172_70,s2.800000000000000,s3.000000000000000,s0.000000000000000
172_71,s3.500000000000000,s3.000000000000000,s0.000000000000000
172_72,s4.200000000000000,s3.000000000000000,s0.000000000000000
172_73,s4.900000000000000,s3.000000000000000,s0.000000000000000
172_74,s5.600000000000000,s3.000000000000000,s0.000000000000000
172_75,s6.300000000000000,s3.000000000000000,s0.000000000000000
172_76,s7.000000000000000,s3.000000000000000,s0.000000000000000
172_77,s0.350000000000000,s3.800000000000000,s180.000000000000000
172_78,s1.050000000000000,s3.800000000000000,s180.000000000000000
172_79,s1.750000000000000,s3.800000000000000,s180.000000000000000
172_80,s2.450000000000000,s3.800000000000000,s180.000000000000000
172_81,s3.150000000000000,s3.800000000000000,s180.000000000000000
172_82,s3.850000000000000,s3.800000000000000,s180.000000000000000
172_83,s4.550000000000000,s3.800000000000000,s180.000000000000000
172_84,s5.250000000000000,s3.800000000000000,s180.000000000000000
172_85,s5.950000000000000,s3.800000000000000,s180.000000000000000
172_86,s6.650000000000000,s3.800000000000000,s180.000000000000000
172_87,s7.350000000000000,s3.800000000000000,s180.000000000000000
172_88,s0.000000000000000,s4.000000000000000,s0.000000000000000
172_89,s0.700000000000000,s4.000000000000000,s0.000000000000000
172_90,s1.400000000000000,s4.000000000000000,s0.000000000000000
172_91,s2.100000000000000,s4.000000000000000,s0.000000000000000
172_92,s2.800000000000000,s4.000000000000000,s0.000000000000000
172_93,s3.500000000000000,s4.000000000000000,s0.000000000000000
172_94,s4.200000000000000,s4.000000000000000,s0.000000000000000
172_95,s4.900000000000000,s4.000000000000000,s0.000000000000000
172_96,s5.600000000000000,s4.000000000000000,s0.000000000000000
172_97,s6.300000000000000,s4.000000000000000,s0.000000000000000
172_98,s7.000000000000000,s4.000000000000000,s0.000000000000000
172_99,s0.350000000000000,s4.800000000000000,s180.000000000000000
172_100,s1.050000000000000,s4.800000000000000,s180.000000000000000
172_101,s1.750000000000000,s4.800000000000000,s180.000000000000000
172_102,s2.450000000000000,s4.800000000000000,s180.000000000000000
172_103,s3.150000000000000,s4.800000000000000,s180.000000000000000
172_104,s3.850000000000000,s4.800000000000000,s180.000000000000000
172_105,s4.550000000000000,s4.800000000000000,s180.000000000000000
172_106,s5.250000000000000,s4.800000000000000,s180.000000000000000
172_107,s5.950000000000000,s4.800000000000000,s180.000000000000000
172_108,s6.650000000000000,s4.800000000000000,s180.000000000000000
172_109,s7.350000000000000,s4.800000000000000,s180.000000000000000
172_110,s0.000000000000000,s5.000000000000000,s0.000000000000000
172_111,s0.700000000000000,s5.000000000000000,s0.000000000000000
172_112,s1.400000000000000,s5.000000000000000,s0.000000000000000
172_113,s2.100000000000000,s5.000000000000000,s0.000000000000000
172_114,s2.800000000000000,s5.000000000000000,s0.000000000000000
172_115,s3.500000000000000,s5.000000000000000,s0.000000000000000
172_116,s4.200000000000000,s5.000000000000000,s0.000000000000000
172_117,s4.900000000000000,s5.000000000000000,s0.000000000000000
172_118,s5.600000000000000,s5.000000000000000,s0.000000000000000
172_119,s6.300000000000000,s5.000000000000000,s0.000000000000000
172_120,s7.000000000000000,s5.000000000000000,s0.000000000000000
172_121,s0.350000000000000,s5.800000000000000,s180.000000000000000
172_122,s1.050000000000000,s5.800000000000000,s180.000000000000000
172_123,s1.750000000000000,s5.800000000000000,s180.000000000000000
172_124,s2.450000000000000,s5.800000000000000,s180.000000000000000
172_125,s3.150000000000000,s5.800000000000000,s180.000000000000000
172_126,s3.850000000000000,s5.800000000000000,s180.000000000000000
172_127,s4.550000000000000,s5.800000000000000,s180.000000000000000
172_128,s5.250000000000000,s5.800000000000000,s180.000000000000000
172_129,s5.950000000000000,s5.800000000000000,s180.000000000000000
172_130,s6.650000000000000,s5.800000000000000,s180.000000000000000
172_131,s7.350000000000000,s5.800000000000000,s180.000000000000000
172_132,s0.000000000000000,s6.000000000000000,s0.000000000000000
172_133,s0.700000000000000,s6.000000000000000,s0.000000000000000
172_134,s1.400000000000000,s6.000000000000000,s0.000000000000000
172_135,s2.100000000000000,s6.000000000000000,s0.000000000000000
172_136,s2.800000000000000,s6.000000000000000,s0.000000000000000
172_137,s3.500000000000000,s6.000000000000000,s0.000000000000000
172_138,s4.200000000000000,s6.000000000000000,s0.000000000000000
172_139,s4.900000000000000,s6.000000000000000,s0.000000000000000
172_140,s5.600000000000000,s6.000000000000000,s0.000000000000000
172_141,s6.300000000000000,s6.000000000000000,s0.000000000000000
172_142,s7.000000000000000,s6.000000000000000,s0.000000000000000
172_143,s0.350000000000000,s6.800000000000000,s180.000000000000000
172_144,s1.050000000000000,s6.800000000000000,s180.000000000000000
172_145,s1.750000000000000,s6.800000000000000,s180.000000000000000
172_146,s2.450000000000000,s6.800000000000000,s180.000000000000000
172_147,s3.150000000000000,s6.800000000000000,s180.000000000000000
172_148,s3.850000000000000,s6.800000000000000,s180.000000000000000
172_149,s4.550000000000000,s6.800000000000000,s180.000000000000000
172_150,s5.250000000000000,s6.800000000000000,s180.000000000000000
172_151,s5.950000000000000,s6.800000000000000,s180.000000000000000
172_152,s6.650000000000000,s6.800000000000000,s180.000000000000000
172_153,s7.350000000000000,s6.800000000000000,s180.000000000000000
172_154,s0.000000000000000,s7.000000000000000,s0.000000000000000
172_155,s0.700000000000000,s7.000000000000000,s0.000000000000000
172_156,s1.400000000000000,s7.000000000000000,s0.000000000000000
172_157,s2.100000000000000,s7.000000000000000,s0.000000000000000
172_158,s2.800000000000000,s7.000000000000000,s0.000000000000000
172_159,s3.500000000000000,s7.000000000000000,s0.000000000000000
172_160,s4.200000000000000,s7.000000000000000,s0.000000000000000
172_161,s4.900000000000000,s7.000000000000000,s0.000000000000000
172_162,s5.600000000000000,s7.000000000000000,s0.000000000000000
172_163,s6.300000000000000,s7.000000000000000,s0.000000000000000
172_164,s7.000000000000000,s7.000000000000000,s0.000000000000000
172_165,s0.350000000000000,s7.800000000000000,s180.000000000000000
172_166,s1.050000000000000,s7.800000000000000,s180.000000000000000
172_167,s1.750000000000000,s7.800000000000000,s180.000000000000000
172_168,s2.450000000000000,s7.800000000000000,s180.000000000000000
172_169,s3.150000000000000,s7.800000000000000,s180.000000000000000
172_170,s3.850000000000000,s7.800000000000000,s180.000000000000000
172_171,s4.550000000000000,s7.800000000000000,s180.000000000000000
173_0,s0.000000000000000,s0.000000000000000,s0.000000000000000
173_1,s0.700000000000000,s0.000000000000000,s0.000000000000000
173_2,s1.400000000000000,s0.000000000000000,s0.000000000000000
173_3,s2.100000000000000,s0.000000000000000,s0.000000000000000
173_4,s2.800000000000000,s0.000000000000000,s0.000000000000000
173_5,s3.500000000000000,s0.000000000000000,s0.000000000000000
173_6,s4.200000000000000,s0.000000000000000,s0.000000000000000
173_7,s4.900000000000000,s0.000000000000000,s0.000000000000000
173_8,s5.600000000000000,s0.000000000000000,s0.000000000000000
173_9,s6.300000000000000,s0.000000000000000,s0.000000000000000
173_10,s7.000000000000000,s0.000000000000000,s0.000000000000000
173_11,s0.350000000000000,s0.800000000000000,s180.000000000000000
173_12,s1.050000000000000,s0.800000000000000,s180.000000000000000
173_13,s1.750000000000000,s0.800000000000000,s180.000000000000000
173_14,s2.450000000000000,s0.800000000000000,s180.000000000000000
173_15,s3.150000000000000,s0.800000000000000,s180.000000000000000
173_16,s3.850000000000000,s0.800000000000000,s180.000000000000000
173_17,s4.550000000000000,s0.800000000000000,s180.000000000000000
173_18,s5.250000000000000,s0.800000000000000,s180.000000000000000
173_19,s5.950000000000000,s0.800000000000000,s180.000000000000000
173_20,s6.650000000000000,s0.800000000000000,s180.000000000000000
173_21,s7.350000000000000,s0.800000000000000,s180.000000000000000
173_22,s0.000000000000000,s1.000000000000000,s0.000000000000000
173_23,s0.700000000000000,s1.000000000000000,s0.000000000000000
173_24,s1.400000000000000,s1.000000000000000,s0.000000000000000
173_25,s2.100000000000000,s1.000000000000000,s0.000000000000000
173_26,s2.800000000000000,s1.000000000000000,s0.000000000000000
173_27,s3.500000000000000,s1.000000000000000,s0.000000000000000
173_28,s4.200000000000000,s1.000000000000000,s0.000000000000000
173_29,s4.900000000000000,s1.000000000000000,s0.000000000000000
173_30,s5.600000000000000,s1.000000000000000,s0.000000000000000
173_31,s6.300000000000000,s1.000000000000000,s0.000000000000000
173_32,s7.000000000000000,s1.000000000000000,s0.000000000000000
173_33,s0.350000000000000,s1.800000000000000,s180.000000000000000
173_34,s1.050000000000000,s1.800000000000000,s180.000000000000000
173_35,s1.750000000000000,s1.800000000000000,s180.000000000000000
173_36,s2.450000000000000,s1.800000000000000,s180.000000000000000
173_37,s3.150000000000000,s1.800000000000000,s180.000000000000000
173_38,s3.850000000000000,s1.800000000000000,s180.000000000000000
173_39,s4.550000000000000,s1.800000000000000,s180.000000000000000
173_40,s5.250000000000000,s1.800000000000000,s180.000000000000000
173_41,s5.950000000000000,s1.800000000000000,s180.000000000000000
173_42,s6.650000000000000,s1.800000000000000,s180.000000000000000
173_43,s7.350000000000000,s1.800000000000000,s180.000000000000000
173_44,s0.000000000000000,s2.000000000000000,s0.000000000000000
173_45,s0.700000000000000,s2.000000000000000,s0.000000000000000
173_46,s1.400000000000000,s2.000000000000000,s0.000000000000000
173_47,s2.100000000000000,s2.000000000000000,s0.000000000000000
173_48,s2.800000000000000,s2.000000000000000,s0.000000000000000
173_49,s3.500000000000000,s2.000000000000000,s0.000000000000000
173_50,s4.200000000000000,s2.000000000000000,s0.000000000000000
173_51,s4.900000000000000,s2.000000000000000,s0.000000000000000
173_52,s5.600000000000000,s2.000000000000000,s0.000000000000000
173_53,s6.300000000000000,s2.000000000000000,s0.000000000000000
173_54,s7.000000000000000,s2.000000000000000,s0.000000000000000
173_55,s0.350000000000000,s2.800000000000000,s180.000000000000000
173_56,s1.050000000000000,s2.800000000000000,s180.000000000000000
173_57,s1.750000000000000,s2.800000000000000,s180.000000000000000
173_58,s2.450000000000000,s2.800000000000000,s180.000000000000000
173_59,s3.150000000000000,s2.800000000000000,s180.000000000000000
173_60,s3.850000000000000,s2.800000000000000,s180.000000000000000
173_61,s4.550000000000000,s2.800000000000000,s180.000000000000000
173_62,s5.250000000000000,s2.800000000000000,s180.000000000000000
173_63,s5.950000000000000,s2.800000000000000,s180.000000000000000
173_64,s6.650000000000000,s2.800000000000000,s180.000000000000000
173_65,s7.350000000000000,s2.800000000000000,s180.000000000000000
173_66,s0.000000000000000,s3.000000000000000,s0.000000000000000
173_67,s0.700000000000000,s3.000000000000000,s0.000000000000000
173_68,s1.400000000000000,s3.000000000000000,s0.000000000000000
173_69,s2.100000000000000,s3.000000000000000,s0.000000000000000
173_70,s2.800000000000000,s3.000000000000000,s0.000000000000000
173_71,s3.500000000000000,s3.000000000000000,s0.000000000000000
173_72,s4.200000000000000,s3.000000000000000,s0.000000000000000
173_73,s4.900000000000000,s3.000000000000000,s0.000000000000000
173_74,s5.600000000000000,s3.000000000000000,s0.000000000000000
173_75,s6.300000000000000,s3.000000000000000,s0.000000000000000
173_76,s7.000000000000000,s3.000000000000000,s0.000000000000000
173_77,s0.350000000000000,s3.800000000000000,s180.000000000000000
173_78,s1.050000000000000,s3.800000000000000,s180.000000000000000
173_79,s1.750000000000000,s3.800000000000000,s180.000000000000000
173_80,s2.450000000000000,s3.800000000000000,s180.000000000000000
173_81,s3.150000000000000,s3.800000000000000,s180.000000000000000
173_82,s3.850000000000000,s3.800000000000000,s180.000000000000000
173_83,s4.550000000000000,s3.800000000000000,s180.000000000000000
173_84,s5.250000000000000,s3.800000000000000,s180.000000000000000
173_85,s5.950000000000000,s3.800000000000000,s180.000000000000000
173_86,s6.650000000000000,s3.800000000000000,s180.000000000000000
173_87,s7.350000000000000,s3.800000000000000,s180.000000000000000
173_88,s0.000000000000000,s4.000000000000000,s0.000000000000000
173_89,s0.700000000000000,s4.000000000000000,s0.000000000000000
173_90,s1.400000000000000,s4.000000000000000,s0.000000000000000
173_91,s2.100000000000000,s4.000000000000000,s0.000000000000000
173_92,s2.800000000000000,s4.000000000000000,s0.000000000000000
173_93,s3.500000000000000,s4.000000000000000,s0.000000000000000
173_94,s4.200000000000000,s4.000000000000000,s0.000000000000000
173_95,s4.900000000000000,s4.000000000000000,s0.000000000000000
173_96,s5.600000000000000,s4.000000000000000,s0.000000000000000
173_97,s6.300000000000000,s4.000000000000000,s0.000000000000000
173_98,s7.000000000000000,s4.000000000000000,s0.000000000000000
173_99,s0.350000000000000,s4.800000000000000,s180.000000000000000
173_100,s1.050000000000000,s4.800000000000000,s180.000000000000000
173_101,s1.750000000000000,s4.800000000000000,s180.000000000000000
173_102,s2.450000000000000,s4.800000000000000,s180.000000000000000
173_103,s3.150000000000000,s4.800000000000000,s180.000000000000000
173_104,s3.850000000000000,s4.800000000000000,s180.000000000000000
173_105,s4.550000000000000,s4.800000000000000,s180.000000000000000
173_106,s5.250000000000000,s4.800000000000000,s180.000000000000000
173_107,s5.950000000000000,s4.800000000000000,s180.000000000000000
173_108,s6.650000000000000,s4.800000000000000,s180.000000000000000
173_109,s7.350000000000000,s4.800000000000000,s180.000000000000000
173_110,s0.000000000000000,s5.000000000000000,s0.000000000000000
173_111,s0.700000000000000,s5.000000000000000,s0.000000000000000
173_112,s1.400000000000000,s5.000000000000000,s0.000000000000000
173_113,s2.100000000000000,s5.000000000000000,s0.000000000000000
173_114,s2.800000000000000,s5.000000000000000,s0.000000000000000
173_115,s3.500000000000000,s5.000000000000000,s0.000000000000000
173_116,s4.200000000000000,s5.000000000000000,s0.000000000000000
173_117,s4.900000000000000,s5.000000000000000,s0.000000000000000
173_118,s5.600000000000000,s5.000000000000000,s0.000000000000000
173_119,s6.300000000000000,s5.000000000000000,s0.000000000000000
173_120,s7.000000000000000,s5.000000000000000,s0.000000000000000
173_121,s0.350000000000000,s5.800000000000000,s180.000000000000000
173_122,s1.050000000000000,s5.800000000000000,s180.000000000000000
173_123,s1.750000000000000,s5.800000000000000,s180.000000000000000
173_124,s2.450000000000000,s5.800000000000000,s180.000000000000000
173_125,s3.150000000000000,s5.800000000000000,s180.000000000000000
173_126,s3.850000000000000,s5.800000000000000,s180.000000000000000
173_127,s4.550000000000000,s5.800000000000000,s180.000000000000000
173_128,s5.250000000000000,s5.800000000000000,s180.000000000000000
173_129,s5.950000000000000,s5.800000000000000,s180.000000000000000
173_130,s6.650000000000000,s5.800000000000000,s180.000000000000000
173_131,s7.350000000000000,s5.800000000000000,s180.000000000000000
173_132,s0.000000000000000,s6.000000000000000,s0.000000000000000
173_133,s0.700000000000000,s6.000000000000000,s0.000000000000000
173_134,s1.400000000000000,s6.000000000000000,s0.000000000000000
173_135,s2.100000000000000,s6.000000000000000,s0.000000000000000
173_136,s2.800000000000000,s6.000000000000000,s0.000000000000000
173_137,s3.500000000000000,s6.000000000000000,s0.000000000000000
173_138,s4.200000000000000,s6.000000000000000,s0.000000000000000
173_139,s4.900000000000000,s6.000000000000000,s0.000000000000000
173_140,s5.600000000000000,s6.000000000000000,s0.000000000000000
173_141,s6.300000000000000,s6.000000000000000,s0.000000000000000
173_142,s7.000000000000000,s6.000000000000000,s0.000000000000000
173_143,s0.350000000000000,s6.800000000000000,s180.000000000000000
173_144,s1.050000000000000,s6.800000000000000,s180.000000000000000
173_145,s1.750000000000000,s6.800000000000000,s180.000000000000000
173_146,s2.450000000000000,s6.800000000000000,s180.000000000000000
173_147,s3.150000000000000,s6.800000000000000,s180.000000000000000
173_148,s3.850000000000000,s6.800000000000000,s180.000000000000000
173_149,s4.550000000000000,s6.800000000000000,s180.000000000000000
173_150,s5.250000000000000,s6.800000000000000,s180.000000000000000
173_151,s5.950000000000000,s6.800000000000000,s180.000000000000000
173_152,s6.650000000000000,s6.800000000000000,s180.000000000000000
173_153,s7.350000000000000,s6.800000000000000,s180.000000000000000
173_154,s0.000000000000000,s7.000000000000000,s0.000000000000000
173_155,s0.700000000000000,s7.000000000000000,s0.000000000000000
173_156,s1.400000000000000,s7.000000000000000,s0.000000000000000
173_157,s2.100000000000000,s7.000000000000000,s0.000000000000000
173_158,s2.800000000000000,s7.000000000000000,s0.000000000000000
173_159,s3.500000000000000,s7.000000000000000,s0.000000000000000
173_160,s4.200000000000000,s7.000000000000000,s0.000000000000000
173_161,s4.900000000000000,s7.000000000000000,s0.000000000000000
173_162,s5.600000000000000,s7.000000000000000,s0.000000000000000
173_163,s6.300000000000000,s7.000000000000000,s0.000000000000000
173_164,s7.000000000000000,s7.000000000000000,s0.000000000000000
173_165,s0.350000000000000,s7.800000000000000,s180.000000000000000
173_166,s1.050000000000000,s7.800000000000000,s180.000000000000000
173_167,s1.750000000000000,s7.800000000000000,s180.000000000000000
173_168,s2.450000000000000,s7.800000000000000,s180.000000000000000
173_169,s3.150000000000000,s7.800000000000000,s180.000000000000000
173_170,s3.850000000000000,s7.800000000000000,s180.000000000000000
173_171,s4.550000000000000,s7.800000000000000,s180.000000000000000
173_172,s5.250000000000000,s7.800000000000000,s180.000000000000000
174_0,s0.000000000000000,s0.000000000000000,s0.000000000000000
174_1,s0.700000000000000,s0.000000000000000,s0.000000000000000
174_2,s1.400000000000000,s0.000000000000000,s0.000000000000000
174_3,s2.100000000000000,s0.000000000000000,s0.000000000000000
174_4,s2.800000000000000,s0.000000000000000,s0.000000000000000
174_5,s3.500000000000000,s0.000000000000000,s0.000000000000000
174_6,s4.200000000000000,s0.000000000000000,s0.000000000000000
174_7,s4.900000000000000,s0.000000000000000,s0.000000000000000
174_8,s5.600000000000000,s0.000000000000000,s0.000000000000000
174_9,s6.300000000000000,s0.000000000000000,s0.000000000000000
174_10,s7.000000000000000,s0.000000000000000,s0.000000000000000
174_11,s0.350000000000000,s0.800000000000000,s180.000000000000000
174_12,s1.050000000000000,s0.800000000000000,s180.000000000000000
174_13,s1.750000000000000,s0.800000000000000,s180.000000000000000
174_14,s2.450000000000000,s0.800000000000000,s180.000000000000000
174_15,s3.150000000000000,s0.800000000000000,s180.000000000000000
174_16,s3.850000000000000,s0.800000000000000,s180.000000000000000
174_17,s4.550000000000000,s0.800000000000000,s180.000000000000000
174_18,s5.250000000000000,s0.800000000000000,s180.000000000000000
174_19,s5.950000000000000,s0.800000000000000,s180.000000000000000
174_20,s6.650000000000000,s0.800000000000000,s180.000000000000000
174_21,s7.350000000000000,s0.800000000000000,s180.000000000000000
174_22,s0.000000000000000,s1.000000000000000,s0.000000000000000
174_23,s0.700000000000000,s1.000000000000000,s0.000000000000000
174_24,s1.400000000000000,s1.000000000000000,s0.000000000000000
174_25,s2.100000000000000,s1.000000000000000,s0.000000000000000
174_26,s2.800000000000000,s1.000000000000000,s0.000000000000000
174_27,s3.500000000000000,s1.000000000000000,s0.000000000000000
174_28,s4.200000000000000,s1.000000000000000,s0.000000000000000
174_29,s4.900000000000000,s1.000000000000000,s0.000000000000000
174_30,s5.600000000000000,s1.000000000000000,s0.000000000000000
174_31,s6.300000000000000,s1.000000000000000,s0.000000000000000
174_32,s7.000000000000000,s1.000000000000000,s0.000000000000000
174_33,s0.350000000000000,s1.800000000000000,s180.000000000000000
174_34,s1.050000000000000,s1.800000000000000,s180.000000000000000
174_35,s1.750000000000000,s1.800000000000000,s180.000000000000000
174_36,s2.450000000000000,s1.800000000000000,s180.000000000000000
174_37,s3.150000000000000,s1.800000000000000,s180.000000000000000
174_38,s3.850000000000000,s1.800000000000000,s180.000000000000000
174_39,s4.550000000000000,s1.800000000000000,s180.000000000000000
174_40,s5.250000000000000,s1.800000000000000,s180.000000000000000
174_41,s5.950000000000000,s1.800000000000000,s180.000000000000000
174_42,s6.650000000000000,s1.800000000000000,s180.000000000000000
174_43,s7.350000000000000,s1.800000000000000,s180.000000000000000
174_44,s0.000000000000000,s2.000000000000000,s0.000000000000000
174_45,s0.700000000000000,s2.000000000000000,s0.000000000000000
174_46,s1.400000000000000,s2.000000000000000,s0.000000000000000
174_47,s2.100000000000000,s2.000000000000000,s0.000000000000000
174_48,s2.800000000000000,s2.000000000000000,s0.000000000000000
174_49,s3.500000000000000,s2.000000000000000,s0.000000000000000
174_50,s4.200000000000000,s2.000000000000000,s0.000000000000000
174_51,s4.900000000000000,s2.000000000000000,s0.000000000000000
174_52,s5.600000000000000,s2.000000000000000,s0.000000000000000
174_53,s6.300000000000000,s2.000000000000000,s0.000000000000000
174_54,s7.000000000000000,s2.000000000000000,s0.000000000000000
174_55,s0.350000000000000,s2.800000000000000,s180.000000000000000
174_56,s1.050000000000000,s2.800000000000000,s180.000000000000000
174_57,s1.750000000000000,s2.800000000000000,s180.000000000000000
174_58,s2.450000000000000,s2.800000000000000,s180.000000000000000
174_59,s3.150000000000000,s2.800000000000000,s180.000000000000000
174_60,s3.850000000000000,s2.800000000000000,s180.000000000000000
174_61,s4.550000000000000,s2.800000000000000,s180.000000000000000
174_62,s5.250000000000000,s2.800000000000000,s180.000000000000000
174_63,s5.950000000000000,s2.800000000000000,s180.000000000000000
174_64,s6.650000000000000,s2.800000000000000,s180.000000000000000
174_65,s7.350000000000000,s2.800000000000000,s180.000000000000000
174_66,s0.000000000000000,s3.000000000000000,s0.000000000000000
174_67,s0.700000000000000,s3.000000000000000,s0.000000000000000
174_68,s1.400000000000000,s3.000000000000000,s0.000000000000000
174_69,s2.100000000000000,s3.000000000000000,s0.000000000000000
174_70,s2.800000000000000,s3.000000000000000,s0.000000000000000
174_71,s3.500000000000000,s3.000000000000000,s0.000000000000000
174_72,s4.200000000000000,s3.000000000000000,s0.000000000000000
174_73,s4.900000000000000,s3.000000000000000,s0.000000000000000
174_74,s5.600000000000000,s3.000000000000000,s0.000000000000000
174_75,s6.300000000000000,s3.000000000000000,s0.000000000000000
174_76,s7.000000000000000,s3.000000000000000,s0.000000000000000
174_77,s0.350000000000000,s3.800000000000000,s180.000000000000000
174_78,s1.050000000000000,s3.800000000000000,s180.000000000000000
174_79,s1.750000000000000,s3.800000000000000,s180.000000000000000
174_80,s2.450000000000000,s3.800000000000000,s180.000000000000000
174_81,s3.150000000000000,s3.800000000000000,s180.000000000000000
174_82,s3.850000000000000,s3.800000000000000,s180.000000000000000
174_83,s4.550000000000000,s3.800000000000000,s180.000000000000000
174_84,s5.250000000000000,s3.800000000000000,s180.000000000000000
174_85,s5.950000000000000,s3.800000000000000,s180.000000000000000
174_86,s6.650000000000000,s3.800000000000000,s180.000000000000000
174_87,s7.350000000000000,s3.800000000000000,s180.000000000000000
174_88,s0.000000000000000,s4.000000000000000,s0.000000000000000
174_89,s0.700000000000000,s4.000000000000000,s0.000000000000000
174_90,s1.400000000000000,s4.000000000000000,s0.000000000000000
174_91,s2.100000000000000,s4.000000000000000,s0.000000000000000
174_92,s2.800000000000000,s4.000000000000000,s0.000000000000000
174_93,s3.500000000000000,s4.000000000000000,s0.000000000000000
174_94,s4.200000000000000,s4.000000000000000,s0.000000000000000
174_95,s4.900000000000000,s4.000000000000000,s0.000000000000000
174_96,s5.600000000000000,s4.000000000000000,s0.000000000000000
174_97,s6.300000000000000,s4.000000000000000,s0.000000000000000
174_98,s7.000000000000000,s4.000000000000000,s0.000000000000000
174_99,s0.350000000000000,s4.800000000000000,s180.000000000000000
174_100,s1.050000000000000,s4.800000000000000,s180.000000000000000
174_101,s1.750000000000000,s4.800000000000000,s180.000000000000000
174_102,s2.450000000000000,s4.800000000000000,s180.000000000000000
174_103,s3.150000000000000,s4.800000000000000,s180.000000000000000
174_104,s3.850000000000000,s4.800000000000000,s180.000000000000000
174_105,s4.550000000000000,s4.800000000000000,s180.000000000000000
174_106,s5.250000000000000,s4.800000000000000,s180.000000000000000
174_107,s5.950000000000000,s4.800000000000000,s180.000000000000000
174_108,s6.650000000000000,s4.800000000000000,s180.000000000000000
174_109,s7.350000000000000,s4.800000000000000,s180.000000000000000
174_110,s0.000000000000000,s5.000000000000000,s0.000000000000000
174_111,s0.700000000000000,s5.000000000000000,s0.000000000000000
174_112,s1.400000000000000,s5.000000000000000,s0.000000000000000
174_113,s2.100000000000000,s5.000000000000000,s0.000000000000000
174_114,s2.800000000000000,s5.000000000000000,s0.000000000000000
174_115,s3.500000000000000,s5.000000000000000,s0.000000000000000
174_116,s4.200000000000000,s5.000000000000000,s0.000000000000000
174_117,s4.900000000000000,s5.000000000000000,s0.000000000000000
174_118,s5.600000000000000,s5.000000000000000,s0.000000000000000
174_119,s6.300000000000000,s5.000000000000000,s0.000000000000000
174_120,s7.000000000000000,s5.000000000000000,s0.000000000000000
174_121,s0.350000000000000,s5.800000000000000,s180.000000000000000
174_122,s1.050000000000000,s5.800000000000000,s180.000000000000000
174_123,s1.750000000000000,s5.800000000000000,s180.000000000000000
174_124,s2.450000000000000,s5.800000000000000,s180.000000000000000
174_125,s3.150000000000000,s5.800000000000000,s180.000000000000000
174_126,s3.850000000000000,s5.800000000000000,s180.000000000000000
174_127,s4.550000000000000,s5.800000000000000,s180.000000000000000
174_128,s5.250000000000000,s5.800000000000000,s180.000000000000000
174_129,s5.950000000000000,s5.800000000000000,s180.000000000000000
174_130,s6.650000000000000,s5.800000000000000,s180.000000000000000
174_131,s7.350000000000000,s5.800000000000000,s180.000000000000000
174_132,s0.000000000000000,s6.000000000000000,s0.000000000000000
174_133,s0.700000000000000,s6.000000000000000,s0.000000000000000
174_134,s1.400000000000000,s6.000000000000000,s0.000000000000000
174_135,s2.100000000000000,s6.000000000000000,s0.000000000000000
174_136,s2.800000000000000,s6.000000000000000,s0.000000000000000
174_137,s3.500000000000000,s6.000000000000000,s0.000000000000000
174_138,s4.200000000000000,s6.000000000000000,s0.000000000000000
174_139,s4.900000000000000,s6.000000000000000,s0.000000000000000
174_140,s5.600000000000000,s6.000000000000000,s0.000000000000000
174_141,s6.300000000000000,s6.000000000000000,s0.000000000000000
174_142,s7.000000000000000,s6.000000000000000,s0.000000000000000
174_143,s0.350000000000000,s6.800000000000000,s180.000000000000000
174_144,s1.050000000000000,s6.800000000000000,s180.000000000000000
174_145,s1.750000000000000,s6.800000000000000,s180.000000000000000
174_146,s2.450000000000000,s6.800000000000000,s180.000000000000000
174_147,s3.150000000000000,s6.800000000000000,s180.000000000000000
174_148,s3.850000000000000,s6.800000000000000,s180.000000000000000
174_149,s4.550000000000000,s6.800000000000000,s180.000000000000000
174_150,s5.250000000000000,s6.800000000000000,s180.000000000000000
174_151,s5.950000000000000,s6.800000000000000,s180.000000000000000
174_152,s6.650000000000000,s6.800000000000000,s180.000000000000000
174_153,s7.350000000000000,s6.800000000000000,s180.000000000000000
174_154,s0.000000000000000,s7.000000000000000,s0.000000000000000
174_155,s0.700000000000000,s7.000000000000000,s0.000000000000000
174_156,s1.400000000000000,s7.000000000000000,s0.000000000000000
174_157,s2.100000000000000,s7.000000000000000,s0.000000000000000
174_158,s2.800000000000000,s7.000000000000000,s0.000000000000000
174_159,s3.500000000000000,s7.000000000000000,s0.000000000000000
174_160,s4.200000000000000,s7.000000000000000,s0.000000000000000
174_161,s4.900000000000000,s7.000000000000000,s0.000000000000000
174_162,s5.600000000000000,s7.000000000000000,s0.000000000000000
174_163,s6.300000000000000,s7.000000000000000,s0.000000000000000
174_164,s7.000000000000000,s7.000000000000000,s0.000000000000000
174_165,s0.350000000000000,s7.800000000000000,s180.000000000000000
174_166,s1.050000000000000,s7.800000000000000,s180.000000000000000
174_167,s1.750000000000000,s7.800000000000000,s180.000000000000000
174_168,s2.450000000000000,s7.800000000000000,s180.000000000000000
174_169,s3.150000000000000,s7.800000000000000,s180.000000000000000
174_170,s3.850000000000000,s7.800000000000000,s180.000000000000000
174_171,s4.550000000000000,s7.800000000000000,s180.000000000000000
174_172,s5.250000000000000,s7.800000000000000,s180.000000000000000
174_173,s5.950000000000000,s7.800000000000000,s180.000000000000000
175_0,s0.000000000000000,s0.000000000000000,s0.000000000000000
175_1,s0.700000000000000,s0.000000000000000,s0.000000000000000
175_2,s1.400000000000000,s0.000000000000000,s0.000000000000000
175_3,s2.100000000000000,s0.000000000000000,s0.000000000000000
175_4,s2.800000000000000,s0.000000000000000,s0.000000000000000
175_5,s3.500000000000000,s0.000000000000000,s0.000000000000000
175_6,s4.200000000000000,s0.000000000000000,s0.000000000000000
175_7,s4.900000000000000,s0.000000000000000,s0.000000000000000
175_8,s5.600000000000000,s0.000000000000000,s0.000000000000000
175_9,s6.300000000000000,s0.000000000000000,s0.000000000000000
175_10,s7.000000000000000,s0.000000000000000,s0.000000000000000
175_11,s0.350000000000000,s0.800000000000000,s180.000000000000000
175_12,s1.050000000000000,s0.800000000000000,s180.000000000000000
175_13,s1.750000000000000,s0.800000000000000,s180.000000000000000
175_14,s2.450000000000000,s0.800000000000000,s180.000000000000000
175_15,s3.150000000000000,s0.800000000000000,s180.000000000000000
175_16,s3.850000000000000,s0.800000000000000,s180.000000000000000
175_17,s4.550000000000000,s0.800000000000000,s180.000000000000000
175_18,s5.250000000000000,s0.800000000000000,s180.000000000000000
175_19,s5.950000000000000,s0.800000000000000,s180.000000000000000
175_20,s6.650000000000000,s0.800000000000000,s180.000000000000000
175_21,s7.350000000000000,s0.800000000000000,s180.000000000000000
175_22,s0.000000000000000,s1.000000000000000,s0.000000000000000
175_23,s0.700000000000000,s1.000000000000000,s0.000000000000000
175_24,s1.400000000000000,s1.000000000000000,s0.000000000000000
175_25,s2.100000000000000,s1.000000000000000,s0.000000000000000
175_26,s2.800000000000000,s1.000000000000000,s0.000000000000000
175_27,s3.500000000000000,s1.000000000000000,s0.000000000000000
175_28,s4.200000000000000,s1.000000000000000,s0.000000000000000
175_29,s4.900000000000000,s1.000000000000000,s0.000000000000000
175_30,s5.600000000000000,s1.000000000000000,s0.000000000000000
175_31,s6.300000000000000,s1.000000000000000,s0.000000000000000
175_32,s7.000000000000000,s1.000000000000000,s0.000000000000000
175_33,s0.350000000000000,s1.800000000000000,s180.000000000000000
175_34,s1.050000000000000,s1.800000000000000,s180.000000000000000
175_35,s1.750000000000000,s1.800000000000000,s180.000000000000000
175_36,s2.450000000000000,s1.800000000000000,s180.000000000000000
175_37,s3.150000000000000,s1.800000000000000,s180.000000000000000
175_38,s3.850000000000000,s1.800000000000000,s180.000000000000000
175_39,s4.550000000000000,s1.800000000000000,s180.000000000000000
175_40,s5.250000000000000,s1.800000000000000,s180.000000000000000
175_41,s5.950000000000000,s1.800000000000000,s180.000000000000000
175_42,s6.650000000000000,s1.800000000000000,s180.000000000000000
175_43,s7.350000000000000,s1.800000000000000,s180.000000000000000
175_44,s0.000000000000000,s2.000000000000000,s0.000000000000000
175_45,s0.700000000000000,s2.000000000000000,s0.000000000000000
175_46,s1.400000000000000,s2.000000000000000,s0.000000000000000
175_47,s2.100000000000000,s2.000000000000000,s0.000000000000000
175_48,s2.800000000000000,s2.000000000000000,s0.000000000000000
175_49,s3.500000000000000,s2.000000000000000,s0.000000000000000
175_50,s4.200000000000000,s2.000000000000000,s0.000000000000000
175_51,s4.900000000000000,s2.000000000000000,s0.000000000000000
175_52,s5.600000000000000,s2.000000000000000,s0.000000000000000
175_53,s6.300000000000000,s2.000000000000000,s0.000000000000000
175_54,s7.000000000000000,s2.000000000000000,s0.000000000000000
175_55,s0.350000000000000,s2.800000000000000,s180.000000000000000
175_56,s1.050000000000000,s2.800000000000000,s180.000000000000000
175_57,s1.750000000000000,s2.800000000000000,s180.000000000000000
175_58,s2.450000000000000,s2.800000000000000,s180.000000000000000
175_59,s3.150000000000000,s2.800000000000000,s180.000000000000000
175_60,s3.850000000000000,s2.800000000000000,s180.000000000000000
175_61,s4.550000000000000,s2.800000000000000,s180.000000000000000
175_62,s5.250000000000000,s2.800000000000000,s180.000000000000000
175_63,s5.950000000000000,s2.800000000000000,s180.000000000000000
175_64,s6.650000000000000,s2.800000000000000,s180.000000000000000
175_65,s7.350000000000000,s2.800000000000000,s180.000000000000000
175_66,s0.000000000000000,s3.000000000000000,s0.000000000000000
175_67,s0.700000000000000,s3.000000000000000,s0.000000000000000
175_68,s1.400000000000000,s3.000000000000000,s0.000000000000000
175_69,s2.100000000000000,s3.000000000000000,s0.000000000000000
175_70,s2.800000000000000,s3.000000000000000,s0.000000000000000
175_71,s3.500000000000000,s3.000000000000000,s0.000000000000000
175_72,s4.200000000000000,s3.000000000000000,s0.000000000000000
175_73,s4.900000000000000,s3.000000000000000,s0.000000000000000
175_74,s5.600000000000000,s3.000000000000000,s0.000000000000000
175_75,s6.300000000000000,s3.000000000000000,s0.000000000000000
175_76,s7.000000000000000,s3.000000000000000,s0.000000000000000
175_77,s0.350000000000000,s3.800000000000000,s180.000000000000000
175_78,s1.050000000000000,s3.800000000000000,s180.000000000000000
175_79,s1.750000000000000,s3.800000000000000,s180.000000000000000
175_80,s2.450000000000000,s3.800000000000000,s180.000000000000000
175_81,s3.150000000000000,s3.800000000000000,s180.000000000000000
175_82,s3.850000000000000,s3.800000000000000,s180.000000000000000
175_83,s4.550000000000000,s3.800000000000000,s180.000000000000000
175_84,s5.250000000000000,s3.800000000000000,s180.000000000000000
175_85,s5.950000000000000,s3.800000000000000,s180.000000000000000
175_86,s6.650000000000000,s3.800000000000000,s180.000000000000000
175_87,s7.350000000000000,s3.800000000000000,s180.000000000000000
175_88,s0.000000000000000,s4.000000000000000,s0.000000000000000
175_89,s0.700000000000000,s4.000000000000000,s0.000000000000000
175_90,s1.400000000000000,s4.000000000000000,s0.000000000000000
175_91,s2.100000000000000,s4.000000000000000,s0.000000000000000
175_92,s2.800000000000000,s4.000000000000000,s0.000000000000000
175_93,s3.500000000000000,s4.000000000000000,s0.000000000000000
175_94,s4.200000000000000,s4.000000000000000,s0.000000000000000
175_95,s4.900000000000000,s4.000000000000000,s0.000000000000000
175_96,s5.600000000000000,s4.000000000000000,s0.000000000000000
175_97,s6.300000000000000,s4.000000000000000,s0.000000000000000
175_98,s7.000000000000000,s4.000000000000000,s0.000000000000000
175_99,s0.350000000000000,s4.800000000000000,s180.000000000000000
175_100,s1.050000000000000,s4.800000000000000,s180.000000000000000
175_101,s1.750000000000000,s4.800000000000000,s180.000000000000000
175_102,s2.450000000000000,s4.800000000000000,s180.000000000000000
175_103,s3.150000000000000,s4.800000000000000,s180.000000000000000
175_104,s3.850000000000000,s4.800000000000000,s180.000000000000000
175_105,s4.550000000000000,s4.800000000000000,s180.000000000000000
175_106,s5.250000000000000,s4.800000000000000,s180.000000000000000
175_107,s5.950000000000000,s4.800000000000000,s180.000000000000000
175_108,s6.650000000000000,s4.800000000000000,s180.000000000000000
175_109,s7.350000000000000,s4.800000000000000,s180.000000000000000
175_110,s0.000000000000000,s5.000000000000000,s0.000000000000000
175_111,s0.700000000000000,s5.000000000000000,s0.000000000000000
175_112,s1.400000000000000,s5.000000000000000,s0.000000000000000
175_113,s2.100000000000000,s5.000000000000000,s0.000000000000000
175_114,s2.800000000000000,s5.000000000000000,s0.000000000000000
175_115,s3.500000000000000,s5.000000000000000,s0.000000000000000
175_116,s4.200000000000000,s5.000000000000000,s0.000000000000000
175_117,s4.900000000000000,s5.000000000000000,s0.000000000000000
175_118,s5.600000000000000,s5.000000000000000,s0.000000000000000
175_119,s6.300000000000000,s5.000000000000000,s0.000000000000000
175_120,s7.000000000000000,s5.000000000000000,s0.000000000000000
175_121,s0.350000000000000,s5.800000000000000,s180.000000000000000
175_122,s1.050000000000000,s5.800000000000000,s180.000000000000000
175_123,s1.750000000000000,s5.800000000000000,s180.000000000000000
175_124,s2.450000000000000,s5.800000000000000,s180.000000000000000
175_125,s3.150000000000000,s5.800000000000000,s180.000000000000000
175_126,s3.850000000000000,s5.800000000000000,s180.000000000000000
175_127,s4.550000000000000,s5.800000000000000,s180.000000000000000
175_128,s5.250000000000000,s5.800000000000000,s180.000000000000000
175_129,s5.950000000000000,s5.800000000000000,s180.000000000000000
175_130,s6.650000000000000,s5.800000000000000,s180.000000000000000
175_131,s7.350000000000000,s5.800000000000000,s180.000000000000000
175_132,s0.000000000000000,s6.000000000000000,s0.000000000000000
175_133,s0.700000000000000,s6.000000000000000,s0.000000000000000
175_134,s1.400000000000000,s6.000000000000000,s0.000000000000000
175_135,s2.100000000000000,s6.000000000000000,s0.000000000000000
175_136,s2.800000000000000,s6.000000000000000,s0.000000000000000
175_137,s3.500000000000000,s6.000000000000000,s0.000000000000000
175_138,s4.200000000000000,s6.000000000000000,s0.000000000000000
175_139,s4.900000000000000,s6.000000000000000,s0.000000000000000
175_140,s5.600000000000000,s6.000000000000000,s0.000000000000000
175_141,s6.300000000000000,s6.000000000000000,s0.000000000000000
175_142,s7.000000000000000,s6.000000000000000,s0.000000000000000
175_143,s0.350000000000000,s6.800000000000000,s180.000000000000000
175_144,s1.050000000000000,s6.800000000000000,s180.000000000000000
175_145,s1.750000000000000,s6.800000000000000,s180.000000000000000
175_146,s2.450000000000000,s6.800000000000000,s180.000000000000000
175_147,s3.150000000000000,s6.800000000000000,s180.000000000000000
175_148,s3.850000000000000,s6.800000000000000,s180.000000000000000
175_149,s4.550000000000000,s6.800000000000000,s180.000000000000000
175_150,s5.250000000000000,s6.800000000000000,s180.000000000000000
175_151,s5.950000000000000,s6.800000000000000,s180.000000000000000
175_152,s6.650000000000000,s6.800000000000000,s180.000000000000000
175_153,s7.350000000000000,s6.800000000000000,s180.000000000000000
175_154,s0.000000000000000,s7.000000000000000,s0.000000000000000
175_155,s0.700000000000000,s7.000000000000000,s0.000000000000000
175_156,s1.400000000000000,s7.000000000000000,s0.000000000000000
175_157,s2.100000000000000,s7.000000000000000,s0.000000000000000
175_158,s2.800000000000000,s7.000000000000000,s0.000000000000000
175_159,s3.500000000000000,s7.000000000000000,s0.000000000000000
175_160,s4.200000000000000,s7.000000000000000,s0.000000000000000
175_161,s4.900000000000000,s7.000000000000000,s0.000000000000000
175_162,s5.600000000000000,s7.000000000000000,s0.000000000000000
175_163,s6.300000000000000,s7.000000000000000,s0.000000000000000
175_164,s7.000000000000000,s7.000000000000000,s0.000000000000000
175_165,s0.350000000000000,s7.800000000000000,s180.000000000000000
175_166,s1.050000000000000,s7.800000000000000,s180.000000000000000
175_167,s1.750000000000000,s7.800000000000000,s180.000000000000000
175_168,s2.450000000000000,s7.800000000000000,s180.000000000000000
175_169,s3.150000000000000,s7.800000000000000,s180.000000000000000
175_170,s3.850000000000000,s7.800000000000000,s180.000000000000000
175_171,s4.550000000000000,s7.800000000000000,s180.000000000000000
175_172,s5.250000000000000,s7.800000000000000,s180.000000000000000
175_173,s5.950000000000000,s7.800000000000000,s180.000000000000000
175_174,s6.650000000000000,s7.800000000000000,s180.000000000000000
176_0,s0.000000000000000,s0.000000000000000,s0.000000000000000
176_1,s0.700000000000000,s0.000000000000000,s0.000000000000000
176_2,s1.400000000000000,s0.000000000000000,s0.000000000000000
176_3,s2.100000000000000,s0.000000000000000,s0.000000000000000
176_4,s2.800000000000000,s0.000000000000000,s0.000000000000000
176_5,s3.500000000000000,s0.000000000000000,s0.000000000000000
176_6,s4.200000000000000,s0.000000000000000,s0.000000000000000
176_7,s4.900000000000000,s0.000000000000000,s0.000000000000000
176_8,s5.600000000000000,s0.000000000000000,s0.000000000000000
176_9,s6.300000000000000,s0.000000000000000,s0.000000000000000
176_10,s7.000000000000000,s0.000000000000000,s0.000000000000000
176_11,s0.350000000000000,s0.800000000000000,s180.000000000000000
176_12,s1.050000000000000,s0.800000000000000,s180.000000000000000
176_13,s1.750000000000000,s0.800000000000000,s180.000000000000000
176_14,s2.450000000000000,s0.800000000000000,s180.000000000000000
176_15,s3.150000000000000,s0.800000000000000,s180.000000000000000
176_16,s3.850000000000000,s0.800000000000000,s180.000000000000000
176_17,s4.550000000000000,s0.800000000000000,s180.000000000000000
176_18,s5.250000000000000,s0.800000000000000,s180.000000000000000
176_19,s5.950000000000000,s0.800000000000000,s180.000000000000000
176_20,s6.650000000000000,s0.800000000000000,s180.000000000000000
176_21,s7.350000000000000,s0.800000000000000,s180.000000000000000
176_22,s0.000000000000000,s1.000000000000000,s0.000000000000000
176_23,s0.700000000000000,s1.000000000000000,s0.000000000000000
176_24,s1.400000000000000,s1.000000000000000,s0.000000000000000
176_25,s2.100000000000000,s1.000000000000000,s0.000000000000000
176_26,s2.800000000000000,s1.000000000000000,s0.000000000000000
176_27,s3.500000000000000,s1.000000000000000,s0.000000000000000
176_28,s4.200000000000000,s1.000000000000000,s0.000000000000000
176_29,s4.900000000000000,s1.000000000000000,s0.000000000000000
176_30,s5.600000000000000,s1.000000000000000,s0.000000000000000
176_31,s6.300000000000000,s1.000000000000000,s0.000000000000000
176_32,s7.000000000000000,s1.000000000000000,s0.000000000000000
176_33,s0.350000000000000,s1.800000000000000,s180.000000000000000
176_34,s1.050000000000000,s1.800000000000000,s180.000000000000000
176_35,s1.750000000000000,s1.800000000000000,s180.000000000000000
176_36,s2.450000000000000,s1.800000000000000,s180.000000000000000
176_37,s3.150000000000000,s1.800000000000000,s180.000000000000000
176_38,s3.850000000000000,s1.800000000000000,s180.000000000000000
176_39,s4.550000000000000,s1.800000000000000,s180.000000000000000
176_40,s5.250000000000000,s1.800000000000000,s180.000000000000000
176_41,s5.950000000000000,s1.800000000000000,s180.000000000000000
176_42,s6.650000000000000,s1.800000000000000,s180.000000000000000
176_43,s7.350000000000000,s1.800000000000000,s180.000000000000000
176_44,s0.000000000000000,s2.000000000000000,s0.000000000000000
176_45,s0.700000000000000,s2.000000000000000,s0.000000000000000
176_46,s1.400000000000000,s2.000000000000000,s0.000000000000000
176_47,s2.100000000000000,s2.000000000000000,s0.000000000000000
176_48,s2.800000000000000,s2.000000000000000,s0.000000000000000
176_49,s3.500000000000000,s2.000000000000000,s0.000000000000000
176_50,s4.200000000000000,s2.000000000000000,s0.000000000000000
176_51,s4.900000000000000,s2.000000000000000,s0.000000000000000
176_52,s5.600000000000000,s2.000000000000000,s0.000000000000000
176_53,s6.300000000000000,s2.000000000000000,s0.000000000000000
176_54,s7.000000000000000,s2.000000000000000,s0.000000000000000
176_55,s0.350000000000000,s2.800000000000000,s180.000000000000000
176_56,s1.050000000000000,s2.800000000000000,s180.000000000000000
176_57,s1.750000000000000,s2.800000000000000,s180.000000000000000
176_58,s2.450000000000000,s2.800000000000000,s180.000000000000000
176_59,s3.150000000000000,s2.800000000000000,s180.000000000000000
176_60,s3.850000000000000,s2.800000000000000,s180.000000000000000
176_61,s4.550000000000000,s2.800000000000000,s180.000000000000000
176_62,s5.250000000000000,s2.800000000000000,s180.000000000000000
176_63,s5.950000000000000,s2.800000000000000,s180.000000000000000
176_64,s6.650000000000000,s2.800000000000000,s180.000000000000000
176_65,s7.350000000000000,s2.800000000000000,s180.000000000000000
176_66,s0.000000000000000,s3.000000000000000,s0.000000000000000
176_67,s0.700000000000000,s3.000000000000000,s0.000000000000000
176_68,s1.400000000000000,s3.000000000000000,s0.000000000000000
176_69,s2.100000000000000,s3.000000000000000,s0.000000000000000
176_70,s2.800000000000000,s3.000000000000000,s0.000000000000000
176_71,s3.500000000000000,s3.000000000000000,s0.000000000000000
176_72,s4.200000000000000,s3.000000000000000,s0.000000000000000
176_73,s4.900000000000000,s3.000000000000000,s0.000000000000000
176_74,s5.600000000000000,s3.000000000000000,s0.000000000000000
176_75,s6.300000000000000,s3.000000000000000,s0.000000000000000
176_76,s7.000000000000000,s3.000000000000000,s0.000000000000000
176_77,s0.350000000000000,s3.800000000000000,s180.000000000000000
176_78,s1.050000000000000,s3.800000000000000,s180.000000000000000
176_79,s1.750000000000000,s3.800000000000000,s180.000000000000000
176_80,s2.450000000000000,s3.800000000000000,s180.000000000000000
176_81,s3.150000000000000,s3.800000000000000,s180.000000000000000
176_82,s3.850000000000000,s3.800000000000000,s180.000000000000000
176_83,s4.550000000000000,s3.800000000000000,s180.000000000000000
176_84,s5.250000000000000,s3.800000000000000,s180.000000000000000
176_85,s5.950000000000000,s3.800000000000000,s180.000000000000000
176_86,s6.650000000000000,s3.800000000000000,s180.000000000000000
176_87,s7.350000000000000,s3.800000000000000,s180.000000000000000
176_88,s0.000000000000000,s4.000000000000000,s0.000000000000000
176_89,s0.700000000000000,s4.000000000000000,s0.000000000000000
176_90,s1.400000000000000,s4.000000000000000,s0.000000000000000
176_91,s2.100000000000000,s4.000000000000000,s0.000000000000000
176_92,s2.800000000000000,s4.000000000000000,s0.000000000000000
176_93,s3.500000000000000,s4.000000000000000,s0.000000000000000
176_94,s4.200000000000000,s4.000000000000000,s0.000000000000000
176_95,s4.900000000000000,s4.000000000000000,s0.000000000000000
176_96,s5.600000000000000,s4.000000000000000,s0.000000000000000
176_97,s6.300000000000000,s4.000000000000000,s0.000000000000000
176_98,s7.000000000000000,s4.000000000000000,s0.000000000000000
176_99,s0.350000000000000,s4.800000000000000,s180.000000000000000
176_100,s1.050000000000000,s4.800000000000000,s180.000000000000000
176_101,s1.750000000000000,s4.800000000000000,s180.000000000000000
176_102,s2.450000000000000,s4.800000000000000,s180.000000000000000
176_103,s3.150000000000000,s4.800000000000000,s180.000000000000000
176_104,s3.850000000000000,s4.800000000000000,s180.000000000000000
176_105,s4.550000000000000,s4.800000000000000,s180.000000000000000
176_106,s5.250000000000000,s4.800000000000000,s180.000000000000000
176_107,s5.950000000000000,s4.800000000000000,s180.000000000000000
176_108,s6.650000000000000,s4.800000000000000,s180.000000000000000
176_109,s7.350000000000000,s4.800000000000000,s180.000000000000000
176_110,s0.000000000000000,s5.000000000000000,s0.000000000000000
176_111,s0.700000000000000,s5.000000000000000,s0.000000000000000
176_112,s1.400000000000000,s5.000000000000000,s0.000000000000000
176_113,s2.100000000000000,s5.000000000000000,s0.000000000000000
176_114,s2.800000000000000,s5.000000000000000,s0.000000000000000
176_115,s3.500000000000000,s5.000000000000000,s0.000000000000000
176_116,s4.200000000000000,s5.000000000000000,s0.000000000000000
176_117,s4.900000000000000,s5.000000000000000,s0.000000000000000
176_118,s5.600000000000000,s5.000000000000000,s0.000000000000000
176_119,s6.300000000000000,s5.000000000000000,s0.000000000000000
176_120,s7.000000000000000,s5.000000000000000,s0.000000000000000
176_121,s0.350000000000000,s5.800000000000000,s180.000000000000000
176_122,s1.050000000000000,s5.800000000000000,s180.000000000000000
176_123,s1.750000000000000,s5.800000000000000,s180.000000000000000
176_124,s2.450000000000000,s5.800000000000000,s180.000000000000000
176_125,s3.150000000000000,s5.800000000000000,s180.000000000000000
176_126,s3.850000000000000,s5.800000000000000,s180.000000000000000
176_127,s4.550000000000000,s5.800000000000000,s180.000000000000000
176_128,s5.250000000000000,s5.800000000000000,s180.000000000000000
176_129,s5.950000000000000,s5.800000000000000,s180.000000000000000
176_130,s6.650000000000000,s5.800000000000000,s180.000000000000000
176_131,s7.350000000000000,s5.800000000000000,s180.000000000000000
176_132,s0.000000000000000,s6.000000000000000,s0.000000000000000
176_133,s0.700000000000000,s6.000000000000000,s0.000000000000000
176_134,s1.400000000000000,s6.000000000000000,s0.000000000000000
176_135,s2.100000000000000,s6.000000000000000,s0.000000000000000
176_136,s2.800000000000000,s6.000000000000000,s0.000000000000000
176_137,s3.500000000000000,s6.000000000000000,s0.000000000000000
176_138,s4.200000000000000,s6.000000000000000,s0.000000000000000
176_139,s4.900000000000000,s6.000000000000000,s0.000000000000000
176_140,s5.600000000000000,s6.000000000000000,s0.000000000000000
176_141,s6.300000000000000,s6.000000000000000,s0.000000000000000
176_142,s7.000000000000000,s6.000000000000000,s0.000000000000000
176_143,s0.350000000000000,s6.800000000000000,s180.000000000000000
176_144,s1.050000000000000,s6.800000000000000,s180.000000000000000
176_145,s1.750000000000000,s6.800000000000000,s180.000000000000000
176_146,s2.450000000000000,s6.800000000000000,s180.000000000000000
176_147,s3.150000000000000,s6.800000000000000,s180.000000000000000
176_148,s3.850000000000000,s6.800000000000000,s180.000000000000000
176_149,s4.550000000000000,s6.800000000000000,s180.000000000000000
176_150,s5.250000000000000,s6.800000000000000,s180.000000000000000
176_151,s5.950000000000000,s6.800000000000000,s180.000000000000000
176_152,s6.650000000000000,s6.800000000000000,s180.000000000000000
176_153,s7.350000000000000,s6.800000000000000,s180.000000000000000
176_154,s0.000000000000000,s7.000000000000000,s0.000000000000000
176_155,s0.700000000000000,s7.000000000000000,s0.000000000000000
176_156,s1.400000000000000,s7.000000000000000,s0.000000000000000
176_157,s2.100000000000000,s7.000000000000000,s0.000000000000000
176_158,s2.800000000000000,s7.000000000000000,s0.000000000000000
176_159,s3.500000000000000,s7.000000000000000,s0.000000000000000
176_160,s4.200000000000000,s7.000000000000000,s0.000000000000000
176_161,s4.900000000000000,s7.000000000000000,s0.000000000000000
176_162,s5.600000000000000,s7.000000000000000,s0.000000000000000
176_163,s6.300000000000000,s7.000000000000000,s0.000000000000000
176_164,s7.000000000000000,s7.000000000000000,s0.000000000000000
176_165,s0.350000000000000,s7.800000000000000,s180.000000000000000
176_166,s1.050000000000000,s7.800000000000000,s180.000000000000000
176_167,s1.750000000000000,s7.800000000000000,s180.000000000000000
176_168,s2.450000000000000,s7.800000000000000,s180.000000000000000
176_169,s3.150000000000000,s7.800000000000000,s180.000000000000000
176_170,s3.850000000000000,s7.800000000000000,s180.000000000000000
176_171,s4.550000000000000,s7.800000000000000,s180.000000000000000
176_172,s5.250000000000000,s7.800000000000000,s180.000000000000000
176_173,s5.950000000000000,s7.800000000000000,s180.000000000000000
176_174,s6.650000000000000,s7.800000000000000,s180.000000000000000
176_175,s7.350000000000000,s7.800000000000000,s180.000000000000000
177_0,s0.000000000000000,s0.000000000000000,s0.000000000000000
177_1,s0.700000000000000,s0.000000000000000,s0.000000000000000
177_2,s1.400000000000000,s0.000000000000000,s0.000000000000000
177_3,s2.100000000000000,s0.000000000000000,s0.000000000000000
177_4,s2.800000000000000,s0.000000000000000,s0.000000000000000
177_5,s3.500000000000000,s0.000000000000000,s0.000000000000000
177_6,s4.200000000000000,s0.000000000000000,s0.000000000000000
177_7,s4.900000000000000,s0.000000000000000,s0.000000000000000
177_8,s5.600000000000000,s0.000000000000000,s0.000000000000000
177_9,s6.300000000000000,s0.000000000000000,s0.000000000000000
177_10,s7.000000000000000,s0.000000000000000,s0.000000000000000
177_11,s7.700000000000000,s0.000000000000000,s0.000000000000000
177_12,s0.350000000000000,s0.800000000000000,s180.000000000000000
177_13,s1.050000000000000,s0.800000000000000,s180.000000000000000
177_14,s1.750000000000000,s0.800000000000000,s180.000000000000000
177_15,s2.450000000000000,s0.800000000000000,s180.000000000000000
177_16,s3.150000000000000,s0.800000000000000,s180.000000000000000
177_17,s3.850000000000000,s0.800000000000000,s180.000000000000000
177_18,s4.550000000000000,s0.800000000000000,s180.000000000000000
177_19,s5.250000000000000,s0.800000000000000,s180.000000000000000
177_20,s5.950000000000000,s0.800000000000000,s180.000000000000000
177_21,s6.650000000000000,s0.800000000000000,s180.000000000000000
177_22,s7.350000000000000,s0.800000000000000,s180.000000000000000
177_23,s0.000000000000000,s1.000000000000000,s0.000000000000000
177_24,s0.700000000000000,s1.000000000000000,s0.000000000000000
177_25,s1.400000000000000,s1.000000000000000,s0.000000000000000
177_26,s2.100000000000000,s1.000000000000000,s0.000000000000000
177_27,s2.800000000000000,s1.000000000000000,s0.000000000000000
177_28,s3.500000000000000,s1.000000000000000,s0.000000000000000
177_29,s4.200000000000000,s1.000000000000000,s0.000000000000000
177_30,s4.900000000000000,s1.000000000000000,s0.000000000000000
177_31,s5.600000000000000,s1.000000000000000,s0.000000000000000
177_32,s6.300000000000000,s1.000000000000000,s0.000000000000000
177_33,s7.000000000000000,s1.000000000000000,s0.000000000000000
177_34,s7.700000000000000,s1.000000000000000,s0.000000000000000
177_35,s0.350000000000000,s1.800000000000000,s180.000000000000000
177_36,s1.050000000000000,s1.800000000000000,s180.000000000000000
177_37,s1.750000000000000,s1.800000000000000,s180.000000000000000
177_38,s2.450000000000000,s1.800000000000000,s180.000000000000000
177_39,s3.150000000000000,s1.800000000000000,s180.000000000000000
177_40,s3.850000000000000,s1.800000000000000,s180.000000000000000
177_41,s4.550000000000000,s1.800000000000000,s180.000000000000000
177_42,s5.250000000000000,s1.800000000000000,s180.000000000000000
177_43,s5.950000000000000,s1.800000000000000,s180.000000000000000
177_44,s6.650000000000000,s1.800000000000000,s180.000000000000000
177_45,s7.350000000000000,s1.800000000000000,s180.000000000000000
177_46,s0.000000000000000,s2.000000000000000,s0.000000000000000
177_47,s0.700000000000000,s2.000000000000000,s0.000000000000000
177_48,s1.400000000000000,s2.000000000000000,s0.000000000000000
177_49,s2.100000000000000,s2.000000000000000,s0.000000000000000
177_50,s2.800000000000000,s2.000000000000000,s0.000000000000000
177_51,s3.500000000000000,s2.000000000000000,s0.000000000000000
177_52,s4.200000000000000,s2.000000000000000,s0.000000000000000
177_53,s4.900000000000000,s2.000000000000000,s0.000000000000000
177_54,s5.600000000000000,s2.000000000000000,s0.000000000000000
177_55,s6.300000000000000,s2.000000000000000,s0.000000000000000
177_56,s7.000000000000000,s2.000000000000000,s0.000000000000000
177_57,s7.700000000000000,s2.000000000000000,s0.000000000000000
177_58,s0.350000000000000,s2.800000000000000,s180.000000000000000
177_59,s1.050000000000000,s2.800000000000000,s180.000000000000000
177_60,s1.750000000000000,s2.800000000000000,s180.000000000000000
177_61,s2.450000000000000,s2.800000000000000,s180.000000000000000
177_62,s3.150000000000000,s2.800000000000000,s180.000000000000000
177_63,s3.850000000000000,s2.800000000000000,s180.000000000000000
177_64,s4.550000000000000,s2.800000000000000,s180.000000000000000
177_65,s5.250000000000000,s2.800000000000000,s180.000000000000000
177_66,s5.950000000000000,s2.800000000000000,s180.000000000000000
177_67,s6.650000000000000,s2.800000000000000,s180.000000000000000
177_68,s7.350000000000000,s2.800000000000000,s180.000000000000000
177_69,s0.000000000000000,s3.000000000000000,s0.000000000000000
177_70,s0.700000000000000,s3.000000000000000,s0.000000000000000
177_71,s1.400000000000000,s3.000000000000000,s0.000000000000000
177_72,s2.100000000000000,s3.000000000000000,s0.000000000000000
177_73,s2.800000000000000,s3.000000000000000,s0.000000000000000
177_74,s3.500000000000000,s3.000000000000000,s0.000000000000000
177_75,s4.200000000000000,s3.000000000000000,s0.000000000000000
177_76,s4.900000000000000,s3.000000000000000,s0.000000000000000
177_77,s5.600000000000000,s3.000000000000000,s0.000000000000000
177_78,s6.300000000000000,s3.000000000000000,s0.000000000000000
177_79,s7.000000000000000,s3.000000000000000,s0.000000000000000
177_80,s7.700000000000000,s3.000000000000000,s0.000000000000000
177_81,s0.350000000000000,s3.800000000000000,s180.000000000000000
177_82,s1.050000000000000,s3.800000000000000,s180.000000000000000
177_83,s1.750000000000000,s3.800000000000000,s180.000000000000000
177_84,s2.450000000000000,s3.800000000000000,s180.000000000000000
177_85,s3.150000000000000,s3.800000000000000,s180.000000000000000
177_86,s3.850000000000000,s3.800000000000000,s180.000000000000000
177_87,s4.550000000000000,s3.800000000000000,s180.000000000000000
177_88,s5.250000000000000,s3.800000000000000,s180.000000000000000
177_89,s5.950000000000000,s3.800000000000000,s180.000000000000000
177_90,s6.650000000000000,s3.800000000000000,s180.000000000000000
177_91,s7.350000000000000,s3.800000000000000,s180.000000000000000
177_92,s0.000000000000000,s4.000000000000000,s0.000000000000000
177_93,s0.700000000000000,s4.000000000000000,s0.000000000000000
177_94,s1.400000000000000,s4.000000000000000,s0.000000000000000
177_95,s2.100000000000000,s4.000000000000000,s0.000000000000000
177_96,s2.800000000000000,s4.000000000000000,s0.000000000000000
177_97,s3.500000000000000,s4.000000000000000,s0.000000000000000
177_98,s4.200000000000000,s4.000000000000000,s0.000000000000000
177_99,s4.900000000000000,s4.000000000000000,s0.000000000000000
177_100,s5.600000000000000,s4.000000000000000,s0.000000000000000
177_101,s6.300000000000000,s4.000000000000000,s0.000000000000000
177_102,s7.000000000000000,s4.000000000000000,s0.000000000000000
177_103,s7.700000000000000,s4.000000000000000,s0.000000000000000
177_104,s0.350000000000000,s4.800000000000000,s180.000000000000000
177_105,s1.050000000000000,s4.800000000000000,s180.000000000000000
177_106,s1.750000000000000,s4.800000000000000,s180.000000000000000
177_107,s2.450000000000000,s4.800000000000000,s180.000000000000000
177_108,s3.150000000000000,s4.800000000000000,s180.000000000000000
177_109,s3.850000000000000,s4.800000000000000,s180.000000000000000
177_110,s4.550000000000000,s4.800000000000000,s180.000000000000000
177_111,s5.250000000000000,s4.800000000000000,s180.000000000000000
177_112,s5.950000000000000,s4.800000000000000,s180.000000000000000
177_113,s6.650000000000000,s4.800000000000000,s180.000000000000000
177_114,s7.350000000000000,s4.800000000000000,s180.000000000000000
177_115,s0.000000000000000,s5.000000000000000,s0.000000000000000
177_116,s0.700000000000000,s5.000000000000000,s0.000000000000000
177_117,s1.400000000000000,s5.000000000000000,s0.000000000000000
177_118,s2.100000000000000,s5.000000000000000,s0.000000000000000
177_119,s2.800000000000000,s5.000000000000000,s0.000000000000000
177_120,s3.500000000000000,s5.000000000000000,s0.000000000000000
177_121,s4.200000000000000,s5.000000000000000,s0.000000000000000
177_122,s4.900000000000000,s5.000000000000000,s0.000000000000000
177_123,s5.600000000000000,s5.000000000000000,s0.000000000000000
177_124,s6.300000000000000,s5.000000000000000,s0.000000000000000
177_125,s7.000000000000000,s5.000000000000000,s0.000000000000000
177_126,s7.700000000000000,s5.000000000000000,s0.000000000000000
177_127,s0.350000000000000,s5.800000000000000,s180.000000000000000
177_128,s1.050000000000000,s5.800000000000000,s180.000000000000000
177_129,s1.750000000000000,s5.800000000000000,s180.000000000000000
177_130,s2.450000000000000,s5.800000000000000,s180.000000000000000
177_131,s3.150000000000000,s5.800000000000000,s180.000000000000000
177_132,s3.850000000000000,s5.800000000000000,s180.000000000000000
177_133,s4.550000000000000,s5.800000000000000,s180.000000000000000
177_134,s5.250000000000000,s5.800000000000000,s180.000000000000000
177_135,s5.950000000000000,s5.800000000000000,s180.000000000000000
177_136,s6.650000000000000,s5.800000000000000,s180.000000000000000
177_137,s7.350000000000000,s5.800000000000000,s180.000000000000000
177_138,s0.000000000000000,s6.000000000000000,s0.000000000000000
177_139,s0.700000000000000,s6.000000000000000,s0.000000000000000
177_140,s1.400000000000000,s6.000000000000000,s0.000000000000000
177_141,s2.100000000000000,s6.000000000000000,s0.000000000000000
177_142,s2.800000000000000,s6.000000000000000,s0.000000000000000
177_143,s3.500000000000000,s6.000000000000000,s0.000000000000000
177_144,s4.200000000000000,s6.000000000000000,s0.000000000000000
177_145,s4.900000000000000,s6.000000000000000,s0.000000000000000
177_146,s5.600000000000000,s6.000000000000000,s0.000000000000000
177_147,s6.300000000000000,s6.000000000000000,s0.000000000000000
177_148,s7.000000000000000,s6.000000000000000,s0.000000000000000
177_149,s7.700000000000000,s6.000000000000000,s0.000000000000000
177_150,s0.350000000000000,s6.800000000000000,s180.000000000000000
177_151,s1.050000000000000,s6.800000000000000,s180.000000000000000
177_152,s1.750000000000000,s6.800000000000000,s180.000000000000000
177_153,s2.450000000000000,s6.800000000000000,s180.000000000000000
177_154,s3.150000000000000,s6.800000000000000,s180.000000000000000
177_155,s3.850000000000000,s6.800000000000000,s180.000000000000000
177_156,s4.550000000000000,s6.800000000000000,s180.000000000000000
177_157,s5.250000000000000,s6.800000000000000,s180.000000000000000
177_158,s5.950000000000000,s6.800000000000000,s180.000000000000000
177_159,s6.650000000000000,s6.800000000000000,s180.000000000000000
177_160,s7.350000000000000,s6.800000000000000,s180.000000000000000
177_161,s0.000000000000000,s7.000000000000000,s0.000000000000000
177_162,s0.700000000000000,s7.000000000000000,s0.000000000000000
177_163,s1.400000000000000,s7.000000000000000,s0.000000000000000
177_164,s2.100000000000000,s7.000000000000000,s0.000000000000000
177_165,s2.800000000000000,s7.000000000000000,s0.000000000000000
177_166,s3.500000000000000,s7.000000000000000,s0.000000000000000
177_167,s4.200000000000000,s7.000000000000000,s0.000000000000000
177_168,s4.900000000000000,s7.000000000000000,s0.000000000000000
177_169,s5.600000000000000,s7.000000000000000,s0.000000000000000
177_170,s6.300000000000000,s7.000000000000000,s0.000000000000000
177_171,s7.000000000000000,s7.000000000000000,s0.000000000000000
177_172,s7.700000000000000,s7.000000000000000,s0.000000000000000
177_173,s0.350000000000000,s7.800000000000000,s180.000000000000000
177_174,s1.050000000000000,s7.800000000000000,s180.000000000000000
177_175,s1.750000000000000,s7.800000000000000,s180.000000000000000
177_176,s2.450000000000000,s7.800000000000000,s180.000000000000000
178_0,s0.000000000000000,s0.000000000000000,s0.000000000000000
178_1,s0.700000000000000,s0.000000000000000,s0.000000000000000
178_2,s1.400000000000000,s0.000000000000000,s0.000000000000000
178_3,s2.100000000000000,s0.000000000000000,s0.000000000000000
178_4,s2.800000000000000,s0.000000000000000,s0.000000000000000
178_5,s3.500000000000000,s0.000000000000000,s0.000000000000000
178_6,s4.200000000000000,s0.000000000000000,s0.000000000000000
178_7,s4.900000000000000,s0.000000000000000,s0.000000000000000
178_8,s5.600000000000000,s0.000000000000000,s0.000000000000000
178_9,s6.300000000000000,s0.000000000000000,s0.000000000000000
178_10,s7.000000000000000,s0.000000000000000,s0.000000000000000
178_11,s7.700000000000000,s0.000000000000000,s0.000000000000000
178_12,s0.350000000000000,s0.800000000000000,s180.000000000000000
178_13,s1.050000000000000,s0.800000000000000,s180.000000000000000
178_14,s1.750000000000000,s0.800000000000000,s180.000000000000000
178_15,s2.450000000000000,s0.800000000000000,s180.000000000000000
178_16,s3.150000000000000,s0.800000000000000,s180.000000000000000
178_17,s3.850000000000000,s0.800000000000000,s180.000000000000000
178_18,s4.550000000000000,s0.800000000000000,s180.000000000000000
178_19,s5.250000000000000,s0.800000000000000,s180.000000000000000
178_20,s5.950000000000000,s0.800000000000000,s180.000000000000000
178_21,s6.650000000000000,s0.800000000000000,s180.000000000000000
178_22,s7.350000000000000,s0.800000000000000,s180.000000000000000
178_23,s0.000000000000000,s1.000000000000000,s0.000000000000000
178_24,s0.700000000000000,s1.000000000000000,s0.000000000000000
178_25,s1.400000000000000,s1.000000000000000,s0.000000000000000
178_26,s2.100000000000000,s1.000000000000000,s0.000000000000000
178_27,s2.800000000000000,s1.000000000000000,s0.000000000000000
178_28,s3.500000000000000,s1.000000000000000,s0.000000000000000
178_29,s4.200000000000000,s1.000000000000000,s0.000000000000000
178_30,s4.900000000000000,s1.000000000000000,s0.000000000000000
178_31,s5.600000000000000,s1.000000000000000,s0.000000000000000
178_32,s6.300000000000000,s1.000000000000000,s0.000000000000000
178_33,s7.000000000000000,s1.000000000000000,s0.000000000000000
178_34,s7.700000000000000,s1.000000000000000,s0.000000000000000
178_35,s0.350000000000000,s1.800000000000000,s180.000000000000000
178_36,s1.050000000000000,s1.800000000000000,s180.000000000000000
178_37,s1.750000000000000,s1.800000000000000,s180.000000000000000
178_38,s2.450000000000000,s1.800000000000000,s180.000000000000000
178_39,s3.150000000000000,s1.800000000000000,s180.000000000000000
178_40,s3.850000000000000,s1.800000000000000,s180.000000000000000
178_41,s4.550000000000000,s1.800000000000000,s180.000000000000000
178_42,s5.250000000000000,s1.800000000000000,s180.000000000000000
178_43,s5.950000000000000,s1.800000000000000,s180.000000000000000
178_44,s6.650000000000000,s1.800000000000000,s180.000000000000000
178_45,s7.350000000000000,s1.800000000000000,s180.000000000000000
178_46,s0.000000000000000,s2.000000000000000,s0.000000000000000
178_47,s0.700000000000000,s2.000000000000000,s0.000000000000000
178_48,s1.400000000000000,s2.000000000000000,s0.000000000000000
178_49,s2.100000000000000,s2.000000000000000,s0.000000000000000
178_50,s2.800000000000000,s2.000000000000000,s0.000000000000000
178_51,s3.500000000000000,s2.000000000000000,s0.000000000000000
178_52,s4.200000000000000,s2.000000000000000,s0.000000000000000
178_53,s4.900000000000000,s2.000000000000000,s0.000000000000000
178_54,s5.600000000000000,s2.000000000000000,s0.000000000000000
178_55,s6.300000000000000,s2.000000000000000,s0.000000000000000
178_56,s7.000000000000000,s2.000000000000000,s0.000000000000000
178_57,s7.700000000000000,s2.000000000000000,s0.000000000000000
178_58,s0.350000000000000,s2.800000000000000,s180.000000000000000
178_59,s1.050000000000000,s2.800000000000000,s180.000000000000000
178_60,s1.750000000000000,s2.800000000000000,s180.000000000000000
178_61,s2.450000000000000,s2.800000000000000,s180.000000000000000
178_62,s3.150000000000000,s2.800000000000000,s180.000000000000000
178_63,s3.850000000000000,s2.800000000000000,s180.000000000000000
178_64,s4.550000000000000,s2.800000000000000,s180.000000000000000
178_65,s5.250000000000000,s2.800000000000000,s180.000000000000000
178_66,s5.950000000000000,s2.800000000000000,s180.000000000000000
178_67,s6.650000000000000,s2.800000000000000,s180.000000000000000
178_68,s7.350000000000000,s2.800000000000000,s180.000000000000000
178_69,s0.000000000000000,s3.000000000000000,s0.000000000000000
178_70,s0.700000000000000,s3.000000000000000,s0.000000000000000
178_71,s1.400000000000000,s3.000000000000000,s0.000000000000000
178_72,s2.100000000000000,s3.000000000000000,s0.000000000000000
178_73,s2.800000000000000,s3.000000000000000,s0.000000000000000
178_74,s3.500000000000000,s3.000000000000000,s0.000000000000000
178_75,s4.200000000000000,s3.000000000000000,s0.000000000000000
178_76,s4.900000000000000,s3.000000000000000,s0.000000000000000
178_77,s5.600000000000000,s3.000000000000000,s0.000000000000000
178_78,s6.300000000000000,s3.000000000000000,s0.000000000000000
178_79,s7.000000000000000,s3.000000000000000,s0.000000000000000
178_80,s7.700000000000000,s3.000000000000000,s0.000000000000000
178_81,s0.350000000000000,s3.800000000000000,s180.000000000000000
178_82,s1.050000000000000,s3.800000000000000,s180.000000000000000
178_83,s1.750000000000000,s3.800000000000000,s180.000000000000000
178_84,s2.450000000000000,s3.800000000000000,s180.000000000000000
178_85,s3.150000000000000,s3.800000000000000,s180.000000000000000
178_86,s3.850000000000000,s3.800000000000000,s180.000000000000000
178_87,s4.550000000000000,s3.800000000000000,s180.000000000000000
178_88,s5.250000000000000,s3.800000000000000,s180.000000000000000
178_89,s5.950000000000000,s3.800000000000000,s180.000000000000000
178_90,s6.650000000000000,s3.800000000000000,s180.000000000000000
178_91,s7.350000000000000,s3.800000000000000,s180.000000000000000
178_92,s0.000000000000000,s4.000000000000000,s0.000000000000000
178_93,s0.700000000000000,s4.000000000000000,s0.000000000000000
178_94,s1.400000000000000,s4.000000000000000,s0.000000000000000
178_95,s2.100000000000000,s4.000000000000000,s0.000000000000000
178_96,s2.800000000000000,s4.000000000000000,s0.000000000000000
178_97,s3.500000000000000,s4.000000000000000,s0.000000000000000
178_98,s4.200000000000000,s4.000000000000000,s0.000000000000000
178_99,s4.900000000000000,s4.000000000000000,s0.000000000000000
178_100,s5.600000000000000,s4.000000000000000,s0.000000000000000
178_101,s6.300000000000000,s4.000000000000000,s0.000000000000000
178_102,s7.000000000000000,s4.000000000000000,s0.000000000000000
178_103,s7.700000000000000,s4.000000000000000,s0.000000000000000
178_104,s0.350000000000000,s4.800000000000000,s180.000000000000000
178_105,s1.050000000000000,s4.800000000000000,s180.000000000000000
178_106,s1.750000000000000,s4.800000000000000,s180.000000000000000
178_107,s2.450000000000000,s4.800000000000000,s180.000000000000000
178_108,s3.150000000000000,s4.800000000000000,s180.000000000000000
178_109,s3.850000000000000,s4.800000000000000,s180.000000000000000
178_110,s4.550000000000000,s4.800000000000000,s180.000000000000000
178_111,s5.250000000000000,s4.800000000000000,s180.000000000000000
178_112,s5.950000000000000,s4.800000000000000,s180.000000000000000
178_113,s6.650000000000000,s4.800000000000000,s180.000000000000000
178_114,s7.350000000000000,s4.800000000000000,s180.000000000000000
178_115,s0.000000000000000,s5.000000000000000,s0.000000000000000
178_116,s0.700000000000000,s5.000000000000000,s0.000000000000000
178_117,s1.400000000000000,s5.000000000000000,s0.000000000000000
178_118,s2.100000000000000,s5.000000000000000,s0.000000000000000
178_119,s2.800000000000000,s5.000000000000000,s0.000000000000000
178_120,s3.500000000000000,s5.000000000000000,s0.000000000000000
178_121,s4.200000000000000,s5.000000000000000,s0.000000000000000
178_122,s4.900000000000000,s5.000000000000000,s0.000000000000000
178_123,s5.600000000000000,s5.000000000000000,s0.000000000000000
178_124,s6.300000000000000,s5.000000000000000,s0.000000000000000
178_125,s7.000000000000000,s5.000000000000000,s0.000000000000000
178_126,s7.700000000000000,s5.000000000000000,s0.000000000000000
178_127,s0.350000000000000,s5.800000000000000,s180.000000000000000
178_128,s1.050000000000000,s5.800000000000000,s180.000000000000000
178_129,s1.750000000000000,s5.800000000000000,s180.000000000000000
178_130,s2.450000000000000,s5.800000000000000,s180.000000000000000
178_131,s3.150000000000000,s5.800000000000000,s180.000000000000000
178_132,s3.850000000000000,s5.800000000000000,s180.000000000000000
178_133,s4.550000000000000,s5.800000000000000,s180.000000000000000
178_134,s5.250000000000000,s5.800000000000000,s180.000000000000000
178_135,s5.950000000000000,s5.800000000000000,s180.000000000000000
178_136,s6.650000000000000,s5.800000000000000,s180.000000000000000
178_137,s7.350000000000000,s5.800000000000000,s180.000000000000000
178_138,s0.000000000000000,s6.000000000000000,s0.000000000000000
178_139,s0.700000000000000,s6.000000000000000,s0.000000000000000
178_140,s1.400000000000000,s6.000000000000000,s0.000000000000000
178_141,s2.100000000000000,s6.000000000000000,s0.000000000000000
178_142,s2.800000000000000,s6.000000000000000,s0.000000000000000
178_143,s3.500000000000000,s6.000000000000000,s0.000000000000000
178_144,s4.200000000000000,s6.000000000000000,s0.000000000000000
178_145,s4.900000000000000,s6.000000000000000,s0.000000000000000
178_146,s5.600000000000000,s6.000000000000000,s0.000000000000000
178_147,s6.300000000000000,s6.000000000000000,s0.000000000000000
178_148,s7.000000000000000,s6.000000000000000,s0.000000000000000
178_149,s7.700000000000000,s6.000000000000000,s0.000000000000000
178_150,s0.350000000000000,s6.800000000000000,s180.000000000000000
178_151,s1.050000000000000,s6.800000000000000,s180.000000000000000
178_152,s1.750000000000000,s6.800000000000000,s180.000000000000000
178_153,s2.450000000000000,s6.800000000000000,s180.000000000000000
178_154,s3.150000000000000,s6.800000000000000,s180.000000000000000
178_155,s3.850000000000000,s6.800000000000000,s180.000000000000000
178_156,s4.550000000000000,s6.800000000000000,s180.000000000000000
178_157,s5.250000000000000,s6.800000000000000,s180.000000000000000
178_158,s5.950000000000000,s6.800000000000000,s180.000000000000000
178_159,s6.650000000000000,s6.800000000000000,s180.000000000000000
178_160,s7.350000000000000,s6.800000000000000,s180.000000000000000
178_161,s0.000000000000000,s7.000000000000000,s0.000000000000000
178_162,s0.700000000000000,s7.000000000000000,s0.000000000000000
178_163,s1.400000000000000,s7.000000000000000,s0.000000000000000
178_164,s2.100000000000000,s7.000000000000000,s0.000000000000000
178_165,s2.800000000000000,s7.000000000000000,s0.000000000000000
178_166,s3.500000000000000,s7.000000000000000,s0.000000000000000
178_167,s4.200000000000000,s7.000000000000000,s0.000000000000000
178_168,s4.900000000000000,s7.000000000000000,s0.000000000000000
178_169,s5.600000000000000,s7.000000000000000,s0.000000000000000
178_170,s6.300000000000000,s7.000000000000000,s0.000000000000000
178_171,s7.000000000000000,s7.000000000000000,s0.000000000000000
178_172,s7.700000000000000,s7.000000000000000,s0.000000000000000
178_173,s0.350000000000000,s7.800000000000000,s180.000000000000000
178_174,s1.050000000000000,s7.800000000000000,s180.000000000000000
178_175,s1.750000000000000,s7.800000000000000,s180.000000000000000
178_176,s2.450000000000000,s7.800000000000000,s180.000000000000000
178_177,s3.150000000000000,s7.800000000000000,s180.000000000000000
179_0,s0.000000000000000,s0.000000000000000,s0.000000000000000
179_1,s0.700000000000000,s0.000000000000000,s0.000000000000000
179_2,s1.400000000000000,s0.000000000000000,s0.000000000000000
179_3,s2.100000000000000,s0.000000000000000,s0.000000000000000
179_4,s2.800000000000000,s0.000000000000000,s0.000000000000000
179_5,s3.500000000000000,s0.000000000000000,s0.000000000000000
179_6,s4.200000000000000,s0.000000000000000,s0.000000000000000
179_7,s4.900000000000000,s0.000000000000000,s0.000000000000000
179_8,s5.600000000000000,s0.000000000000000,s0.000000000000000
179_9,s6.300000000000000,s0.000000000000000,s0.000000000000000
179_10,s7.000000000000000,s0.000000000000000,s0.000000000000000
179_11,s7.700000000000000,s0.000000000000000,s0.000000000000000
179_12,s0.350000000000000,s0.800000000000000,s180.000000000000000
179_13,s1.050000000000000,s0.800000000000000,s180.000000000000000
179_14,s1.750000000000000,s0.800000000000000,s180.000000000000000
179_15,s2.450000000000000,s0.800000000000000,s180.000000000000000
179_16,s3.150000000000000,s0.800000000000000,s180.000000000000000
179_17,s3.850000000000000,s0.800000000000000,s180.000000000000000
179_18,s4.550000000000000,s0.800000000000000,s180.000000000000000
179_19,s5.250000000000000,s0.800000000000000,s180.000000000000000
179_20,s5.950000000000000,s0.800000000000000,s180.000000000000000
179_21,s6.650000000000000,s0.800000000000000,s180.000000000000000
179_22,s7.350000000000000,s0.800000000000000,s180.000000000000000
179_23,s0.000000000000000,s1.000000000000000,s0.000000000000000
179_24,s0.700000000000000,s1.000000000000000,s0.000000000000000
179_25,s1.400000000000000,s1.000000000000000,s0.000000000000000
179_26,s2.100000000000000,s1.000000000000000,s0.000000000000000
179_27,s2.800000000000000,s1.000000000000000,s0.000000000000000
179_28,s3.500000000000000,s1.000000000000000,s0.000000000000000
179_29,s4.200000000000000,s1.000000000000000,s0.000000000000000
179_30,s4.900000000000000,s1.000000000000000,s0.000000000000000
179_31,s5.600000000000000,s1.000000000000000,s0.000000000000000
179_32,s6.300000000000000,s1.000000000000000,s0.000000000000000
179_33,s7.000000000000000,s1.000000000000000,s0.000000000000000
179_34,s7.700000000000000,s1.000000000000000,s0.000000000000000
179_35,s0.350000000000000,s1.800000000000000,s180.000000000000000
179_36,s1.050000000000000,s1.800000000000000,s180.000000000000000
179_37,s1.750000000000000,s1.800000000000000,s180.000000000000000
179_38,s2.450000000000000,s1.800000000000000,s180.000000000000000
179_39,s3.150000000000000,s1.800000000000000,s180.000000000000000
179_40,s3.850000000000000,s1.800000000000000,s180.000000000000000
179_41,s4.550000000000000,s1.800000000000000,s180.000000000000000
179_42,s5.250000000000000,s1.800000000000000,s180.000000000000000
179_43,s5.950000000000000,s1.800000000000000,s180.000000000000000
179_44,s6.650000000000000,s1.800000000000000,s180.000000000000000
179_45,s7.350000000000000,s1.800000000000000,s180.000000000000000
179_46,s0.000000000000000,s2.000000000000000,s0.000000000000000
179_47,s0.700000000000000,s2.000000000000000,s0.000000000000000
179_48,s1.400000000000000,s2.000000000000000,s0.000000000000000
179_49,s2.100000000000000,s2.000000000000000,s0.000000000000000
179_50,s2.800000000000000,s2.000000000000000,s0.000000000000000
179_51,s3.500000000000000,s2.000000000000000,s0.000000000000000
179_52,s4.200000000000000,s2.000000000000000,s0.000000000000000
179_53,s4.900000000000000,s2.000000000000000,s0.000000000000000
179_54,s5.600000000000000,s2.000000000000000,s0.000000000000000
179_55,s6.300000000000000,s2.000000000000000,s0.000000000000000
179_56,s7.000000000000000,s2.000000000000000,s0.000000000000000
179_57,s7.700000000000000,s2.000000000000000,s0.000000000000000
179_58,s0.350000000000000,s2.800000000000000,s180.000000000000000
179_59,s1.050000000000000,s2.800000000000000,s180.000000000000000
179_60,s1.750000000000000,s2.800000000000000,s180.000000000000000
179_61,s2.450000000000000,s2.800000000000000,s180.000000000000000
179_62,s3.150000000000000,s2.800000000000000,s180.000000000000000
179_63,s3.850000000000000,s2.800000000000000,s180.000000000000000
179_64,s4.550000000000000,s2.800000000000000,s180.000000000000000
179_65,s5.250000000000000,s2.800000000000000,s180.000000000000000
179_66,s5.950000000000000,s2.800000000000000,s180.000000000000000
179_67,s6.650000000000000,s2.800000000000000,s180.000000000000000
179_68,s7.350000000000000,s2.800000000000000,s180.000000000000000
179_69,s0.000000000000000,s3.000000000000000,s0.000000000000000
179_70,s0.700000000000000,s3.000000000000000,s0.000000000000000
179_71,s1.400000000000000,s3.000000000000000,s0.000000000000000
179_72,s2.100000000000000,s3.000000000000000,s0.000000000000000
179_73,s2.800000000000000,s3.000000000000000,s0.000000000000000
179_74,s3.500000000000000,s3.000000000000000,s0.000000000000000
179_75,s4.200000000000000,s3.000000000000000,s0.000000000000000
179_76,s4.900000000000000,s3.000000000000000,s0.000000000000000
179_77,s5.600000000000000,s3.000000000000000,s0.000000000000000
179_78,s6.300000000000000,s3.000000000000000,s0.000000000000000
179_79,s7.000000000000000,s3.000000000000000,s0.000000000000000
179_80,s7.700000000000000,s3.000000000000000,s0.000000000000000
179_81,s0.350000000000000,s3.800000000000000,s180.000000000000000
179_82,s1.050000000000000,s3.800000000000000,s180.000000000000000
179_83,s1.750000000000000,s3.800000000000000,s180.000000000000000
179_84,s2.450000000000000,s3.800000000000000,s180.000000000000000
179_85,s3.150000000000000,s3.800000000000000,s180.000000000000000
179_86,s3.850000000000000,s3.800000000000000,s180.000000000000000
179_87,s4.550000000000000,s3.800000000000000,s180.000000000000000
179_88,s5.250000000000000,s3.800000000000000,s180.000000000000000
179_89,s5.950000000000000,s3.800000000000000,s180.000000000000000
179_90,s6.650000000000000,s3.800000000000000,s180.000000000000000
179_91,s7.350000000000000,s3.800000000000000,s180.000000000000000
179_92,s0.000000000000000,s4.000000000000000,s0.000000000000000
179_93,s0.700000000000000,s4.000000000000000,s0.000000000000000
179_94,s1.400000000000000,s4.000000000000000,s0.000000000000000
179_95,s2.100000000000000,s4.000000000000000,s0.000000000000000
179_96,s2.800000000000000,s4.000000000000000,s0.000000000000000
179_97,s3.500000000000000,s4.000000000000000,s0.000000000000000
179_98,s4.200000000000000,s4.000000000000000,s0.000000000000000
179_99,s4.900000000000000,s4.000000000000000,s0.000000000000000
179_100,s5.600000000000000,s4.000000000000000,s0.000000000000000
179_101,s6.300000000000000,s4.000000000000000,s0.000000000000000
179_102,s7.000000000000000,s4.000000000000000,s0.000000000000000
179_103,s7.700000000000000,s4.000000000000000,s0.000000000000000
179_104,s0.350000000000000,s4.800000000000000,s180.000000000000000
179_105,s1.050000000000000,s4.800000000000000,s180.000000000000000
179_106,s1.750000000000000,s4.800000000000000,s180.000000000000000
179_107,s2.450000000000000,s4.800000000000000,s180.000000000000000
179_108,s3.150000000000000,s4.800000000000000,s180.000000000000000
179_109,s3.850000000000000,s4.800000000000000,s180.000000000000000
179_110,s4.550000000000000,s4.800000000000000,s180.000000000000000
179_111,s5.250000000000000,s4.800000000000000,s180.000000000000000
179_112,s5.950000000000000,s4.800000000000000,s180.000000000000000
179_113,s6.650000000000000,s4.800000000000000,s180.000000000000000
179_114,s7.350000000000000,s4.800000000000000,s180.000000000000000
179_115,s0.000000000000000,s5.000000000000000,s0.000000000000000
179_116,s0.700000000000000,s5.000000000000000,s0.000000000000000
179_117,s1.400000000000000,s5.000000000000000,s0.000000000000000
179_118,s2.100000000000000,s5.000000000000000,s0.000000000000000
179_119,s2.800000000000000,s5.000000000000000,s0.000000000000000
179_120,s3.500000000000000,s5.000000000000000,s0.000000000000000
179_121,s4.200000000000000,s5.000000000000000,s0.000000000000000
179_122,s4.900000000000000,s5.000000000000000,s0.000000000000000
179_123,s5.600000000000000,s5.000000000000000,s0.000000000000000
179_124,s6.300000000000000,s5.000000000000000,s0.000000000000000
179_125,s7.000000000000000,s5.000000000000000,s0.000000000000000
179_126,s7.700000000000000,s5.000000000000000,s0.000000000000000
179_127,s0.350000000000000,s5.800000000000000,s180.000000000000000
179_128,s1.050000000000000,s5.800000000000000,s180.000000000000000
179_129,s1.750000000000000,s5.800000000000000,s180.000000000000000
179_130,s2.450000000000000,s5.800000000000000,s180.000000000000000
179_131,s3.150000000000000,s5.800000000000000,s180.000000000000000
179_132,s3.850000000000000,s5.800000000000000,s180.000000000000000
179_133,s4.550000000000000,s5.800000000000000,s180.000000000000000
179_134,s5.250000000000000,s5.800000000000000,s180.000000000000000
179_135,s5.950000000000000,s5.800000000000000,s180.000000000000000
179_136,s6.650000000000000,s5.800000000000000,s180.000000000000000
179_137,s7.350000000000000,s5.800000000000000,s180.000000000000000
179_138,s0.000000000000000,s6.000000000000000,s0.000000000000000
179_139,s0.700000000000000,s6.000000000000000,s0.000000000000000
179_140,s1.400000000000000,s6.000000000000000,s0.000000000000000
179_141,s2.100000000000000,s6.000000000000000,s0.000000000000000
179_142,s2.800000000000000,s6.000000000000000,s0.000000000000000
179_143,s3.500000000000000,s6.000000000000000,s0.000000000000000
179_144,s4.200000000000000,s6.000000000000000,s0.000000000000000
179_145,s4.900000000000000,s6.000000000000000,s0.000000000000000
179_146,s5.600000000000000,s6.000000000000000,s0.000000000000000
179_147,s6.300000000000000,s6.000000000000000,s0.000000000000000
179_148,s7.000000000000000,s6.000000000000000,s0.000000000000000
179_149,s7.700000000000000,s6.000000000000000,s0.000000000000000
179_150,s0.350000000000000,s6.800000000000000,s180.000000000000000
179_151,s1.050000000000000,s6.800000000000000,s180.000000000000000
179_152,s1.750000000000000,s6.800000000000000,s180.000000000000000
179_153,s2.450000000000000,s6.800000000000000,s180.000000000000000
179_154,s3.150000000000000,s6.800000000000000,s180.000000000000000
179_155,s3.850000000000000,s6.800000000000000,s180.000000000000000
179_156,s4.550000000000000,s6.800000000000000,s180.000000000000000
179_157,s5.250000000000000,s6.800000000000000,s180.000000000000000
179_158,s5.950000000000000,s6.800000000000000,s180.000000000000000
179_159,s6.650000000000000,s6.800000000000000,s180.000000000000000
179_160,s7.350000000000000,s6.800000000000000,s180.000000000000000
179_161,s0.000000000000000,s7.000000000000000,s0.000000000000000
179_162,s0.700000000000000,s7.000000000000000,s0.000000000000000
179_163,s1.400000000000000,s7.000000000000000,s0.000000000000000
179_164,s2.100000000000000,s7.000000000000000,s0.000000000000000
179_165,s2.800000000000000,s7.000000000000000,s0.000000000000000
179_166,s3.500000000000000,s7.000000000000000,s0.000000000000000
179_167,s4.200000000000000,s7.000000000000000,s0.000000000000000
179_168,s4.900000000000000,s7.000000000000000,s0.000000000000000
179_169,s5.600000000000000,s7.000000000000000,s0.000000000000000
179_170,s6.300000000000000,s7.000000000000000,s0.000000000000000
179_171,s7.000000000000000,s7.000000000000000,s0.000000000000000
179_172,s7.700000000000000,s7.000000000000000,s0.000000000000000
179_173,s0.350000000000000,s7.800000000000000,s180.000000000000000
179_174,s1.050000000000000,s7.800000000000000,s180.000000000000000
179_175,s1.750000000000000,s7.800000000000000,s180.000000000000000
179_176,s2.450000000000000,s7.800000000000000,s180.000000000000000
179_177,s3.150000000000000,s7.800000000000000,s180.000000000000000
179_178,s3.850000000000000,s7.800000000000000,s180.000000000000000
180_0,s0.000000000000000,s0.000000000000000,s0.000000000000000
180_1,s0.700000000000000,s0.000000000000000,s0.000000000000000
180_2,s1.400000000000000,s0.000000000000000,s0.000000000000000
180_3,s2.100000000000000,s0.000000000000000,s0.000000000000000
180_4,s2.800000000000000,s0.000000000000000,s0.000000000000000
180_5,s3.500000000000000,s0.000000000000000,s0.000000000000000
180_6,s4.200000000000000,s0.000000000000000,s0.000000000000000
180_7,s4.900000000000000,s0.000000000000000,s0.000000000000000
180_8,s5.600000000000000,s0.000000000000000,s0.000000000000000
180_9,s6.300000000000000,s0.000000000000000,s0.000000000000000
180_10,s7.000000000000000,s0.000000000000000,s0.000000000000000
180_11,s7.700000000000000,s0.000000000000000,s0.000000000000000
180_12,s0.350000000000000,s0.800000000000000,s180.000000000000000
180_13,s1.050000000000000,s0.800000000000000,s180.000000000000000
180_14,s1.750000000000000,s0.800000000000000,s180.000000000000000
180_15,s2.450000000000000,s0.800000000000000,s180.000000000000000
180_16,s3.150000000000000,s0.800000000000000,s180.000000000000000
180_17,s3.850000000000000,s0.800000000000000,s180.000000000000000
180_18,s4.550000000000000,s0.800000000000000,s180.000000000000000
180_19,s5.250000000000000,s0.800000000000000,s180.000000000000000
180_20,s5.950000000000000,s0.800000000000000,s180.000000000000000
180_21,s6.650000000000000,s0.800000000000000,s180.000000000000000
180_22,s7.350000000000000,s0.800000000000000,s180.000000000000000
180_23,s0.000000000000000,s1.000000000000000,s0.000000000000000
180_24,s0.700000000000000,s1.000000000000000,s0.000000000000000
180_25,s1.400000000000000,s1.000000000000000,s0.000000000000000
180_26,s2.100000000000000,s1.000000000000000,s0.000000000000000
180_27,s2.800000000000000,s1.000000000000000,s0.000000000000000
180_28,s3.500000000000000,s1.000000000000000,s0.000000000000000
180_29,s4.200000000000000,s1.000000000000000,s0.000000000000000
180_30,s4.900000000000000,s1.000000000000000,s0.000000000000000
180_31,s5.600000000000000,s1.000000000000000,s0.000000000000000
180_32,s6.300000000000000,s1.000000000000000,s0.000000000000000
180_33,s7.000000000000000,s1.000000000000000,s0.000000000000000
180_34,s7.700000000000000,s1.000000000000000,s0.000000000000000
180_35,s0.350000000000000,s1.800000000000000,s180.000000000000000
180_36,s1.050000000000000,s1.800000000000000,s180.000000000000000
180_37,s1.750000000000000,s1.800000000000000,s180.000000000000000
180_38,s2.450000000000000,s1.800000000000000,s180.000000000000000
180_39,s3.150000000000000,s1.800000000000000,s180.000000000000000
180_40,s3.850000000000000,s1.800000000000000,s180.000000000000000
180_41,s4.550000000000000,s1.800000000000000,s180.000000000000000
180_42,s5.250000000000000,s1.800000000000000,s180.000000000000000
180_43,s5.950000000000000,s1.800000000000000,s180.000000000000000
180_44,s6.650000000000000,s1.800000000000000,s180.000000000000000
180_45,s7.350000000000000,s1.800000000000000,s180.000000000000000
180_46,s0.000000000000000,s2.000000000000000,s0.000000000000000
180_47,s0.700000000000000,s2.000000000000000,s0.000000000000000
180_48,s1.400000000000000,s2.000000000000000,s0.000000000000000
180_49,s2.100000000000000,s2.000000000000000,s0.000000000000000
180_50,s2.800000000000000,s2.000000000000000,s0.000000000000000
180_51,s3.500000000000000,s2.000000000000000,s0.000000000000000
180_52,s4.200000000000000,s2.000000000000000,s0.000000000000000
180_53,s4.900000000000000,s2.000000000000000,s0.000000000000000
180_54,s5.600000000000000,s2.000000000000000,s0.000000000000000
180_55,s6.300000000000000,s2.000000000000000,s0.000000000000000
180_56,s7.000000000000000,s2.000000000000000,s0.000000000000000
180_57,s7.700000000000000,s2.000000000000000,s0.000000000000000
180_58,s0.350000000000000,s2.800000000000000,s180.000000000000000
180_59,s1.050000000000000,s2.800000000000000,s180.000000000000000
180_60,s1.750000000000000,s2.800000000000000,s180.000000000000000
180_61,s2.450000000000000,s2.800000000000000,s180.000000000000000
180_62,s3.150000000000000,s2.800000000000000,s180.000000000000000
180_63,s3.850000000000000,s2.800000000000000,s180.000000000000000
180_64,s4.550000000000000,s2.800000000000000,s180.000000000000000
180_65,s5.250000000000000,s2.800000000000000,s180.000000000000000
180_66,s5.950000000000000,s2.800000000000000,s180.000000000000000
180_67,s6.650000000000000,s2.800000000000000,s180.000000000000000
180_68,s7.350000000000000,s2.800000000000000,s180.000000000000000
180_69,s0.000000000000000,s3.000000000000000,s0.000000000000000
180_70,s0.700000000000000,s3.000000000000000,s0.000000000000000
180_71,s1.400000000000000,s3.000000000000000,s0.000000000000000
180_72,s2.100000000000000,s3.000000000000000,s0.000000000000000
180_73,s2.800000000000000,s3.000000000000000,s0.000000000000000
180_74,s3.500000000000000,s3.000000000000000,s0.000000000000000
180_75,s4.200000000000000,s3.000000000000000,s0.000000000000000
180_76,s4.900000000000000,s3.000000000000000,s0.000000000000000
180_77,s5.600000000000000,s3.000000000000000,s0.000000000000000
180_78,s6.300000000000000,s3.000000000000000,s0.000000000000000
180_79,s7.000000000000000,s3.000000000000000,s0.000000000000000
180_80,s7.700000000000000,s3.000000000000000,s0.000000000000000
180_81,s0.350000000000000,s3.800000000000000,s180.000000000000000
180_82,s1.050000000000000,s3.800000000000000,s180.000000000000000
180_83,s1.750000000000000,s3.800000000000000,s180.000000000000000
180_84,s2.450000000000000,s3.800000000000000,s180.000000000000000
180_85,s3.150000000000000,s3.800000000000000,s180.000000000000000
180_86,s3.850000000000000,s3.800000000000000,s180.000000000000000
180_87,s4.550000000000000,s3.800000000000000,s180.000000000000000
180_88,s5.250000000000000,s3.800000000000000,s180.000000000000000
180_89,s5.950000000000000,s3.800000000000000,s180.000000000000000
180_90,s6.650000000000000,s3.800000000000000,s180.000000000000000
180_91,s7.350000000000000,s3.800000000000000,s180.000000000000000
180_92,s0.000000000000000,s4.000000000000000,s0.000000000000000
180_93,s0.700000000000000,s4.000000000000000,s0.000000000000000
180_94,s1.400000000000000,s4.000000000000000,s0.000000000000000
180_95,s2.100000000000000,s4.000000000000000,s0.000000000000000
180_96,s2.800000000000000,s4.000000000000000,s0.000000000000000
180_97,s3.500000000000000,s4.000000000000000,s0.000000000000000
180_98,s4.200000000000000,s4.000000000000000,s0.000000000000000
180_99,s4.900000000000000,s4.000000000000000,s0.000000000000000
180_100,s5.600000000000000,s4.000000000000000,s0.000000000000000
180_101,s6.300000000000000,s4.000000000000000,s0.000000000000000
180_102,s7.000000000000000,s4.000000000000000,s0.000000000000000
180_103,s7.700000000000000,s4.000000000000000,s0.000000000000000
180_104,s0.350000000000000,s4.800000000000000,s180.000000000000000
180_105,s1.050000000000000,s4.800000000000000,s180.000000000000000
180_106,s1.750000000000000,s4.800000000000000,s180.000000000000000
180_107,s2.450000000000000,s4.800000000000000,s180.000000000000000
180_108,s3.150000000000000,s4.800000000000000,s180.000000000000000
180_109,s3.850000000000000,s4.800000000000000,s180.000000000000000
180_110,s4.550000000000000,s4.800000000000000,s180.000000000000000
180_111,s5.250000000000000,s4.800000000000000,s180.000000000000000
180_112,s5.950000000000000,s4.800000000000000,s180.000000000000000
180_113,s6.650000000000000,s4.800000000000000,s180.000000000000000
180_114,s7.350000000000000,s4.800000000000000,s180.000000000000000
180_115,s0.000000000000000,s5.000000000000000,s0.000000000000000
180_116,s0.700000000000000,s5.000000000000000,s0.000000000000000
180_117,s1.400000000000000,s5.000000000000000,s0.000000000000000
180_118,s2.100000000000000,s5.000000000000000,s0.000000000000000
180_119,s2.800000000000000,s5.000000000000000,s0.000000000000000
180_120,s3.500000000000000,s5.000000000000000,s0.000000000000000
180_121,s4.200000000000000,s5.000000000000000,s0.000000000000000
180_122,s4.900000000000000,s5.000000000000000,s0.000000000000000
180_123,s5.600000000000000,s5.000000000000000,s0.000000000000000
180_124,s6.300000000000000,s5.000000000000000,s0.000000000000000
180_125,s7.000000000000000,s5.000000000000000,s0.000000000000000
180_126,s7.700000000000000,s5.000000000000000,s0.000000000000000
180_127,s0.350000000000000,s5.800000000000000,s180.000000000000000
180_128,s1.050000000000000,s5.800000000000000,s180.000000000000000
180_129,s1.750000000000000,s5.800000000000000,s180.000000000000000
180_130,s2.450000000000000,s5.800000000000000,s180.000000000000000
180_131,s3.150000000000000,s5.800000000000000,s180.000000000000000
180_132,s3.850000000000000,s5.800000000000000,s180.000000000000000
180_133,s4.550000000000000,s5.800000000000000,s180.000000000000000
180_134,s5.250000000000000,s5.800000000000000,s180.000000000000000
180_135,s5.950000000000000,s5.800000000000000,s180.000000000000000
180_136,s6.650000000000000,s5.800000000000000,s180.000000000000000
180_137,s7.350000000000000,s5.800000000000000,s180.000000000000000
180_138,s0.000000000000000,s6.000000000000000,s0.000000000000000
180_139,s0.700000000000000,s6.000000000000000,s0.000000000000000
180_140,s1.400000000000000,s6.000000000000000,s0.000000000000000
180_141,s2.100000000000000,s6.000000000000000,s0.000000000000000
180_142,s2.800000000000000,s6.000000000000000,s0.000000000000000
180_143,s3.500000000000000,s6.000000000000000,s0.000000000000000
180_144,s4.200000000000000,s6.000000000000000,s0.000000000000000
180_145,s4.900000000000000,s6.000000000000000,s0.000000000000000
180_146,s5.600000000000000,s6.000000000000000,s0.000000000000000
180_147,s6.300000000000000,s6.000000000000000,s0.000000000000000
180_148,s7.000000000000000,s6.000000000000000,s0.000000000000000
180_149,s7.700000000000000,s6.000000000000000,s0.000000000000000
180_150,s0.350000000000000,s6.800000000000000,s180.000000000000000
180_151,s1.050000000000000,s6.800000000000000,s180.000000000000000
180_152,s1.750000000000000,s6.800000000000000,s180.000000000000000
180_153,s2.450000000000000,s6.800000000000000,s180.000000000000000
180_154,s3.150000000000000,s6.800000000000000,s180.000000000000000
180_155,s3.850000000000000,s6.800000000000000,s180.000000000000000
180_156,s4.550000000000000,s6.800000000000000,s180.000000000000000
180_157,s5.250000000000000,s6.800000000000000,s180.000000000000000
180_158,s5.950000000000000,s6.800000000000000,s180.000000000000000
180_159,s6.650000000000000,s6.800000000000000,s180.000000000000000
180_160,s7.350000000000000,s6.800000000000000,s180.000000000000000
180_161,s0.000000000000000,s7.000000000000000,s0.000000000000000
180_162,s0.700000000000000,s7.000000000000000,s0.000000000000000
180_163,s1.400000000000000,s7.000000000000000,s0.000000000000000
180_164,s2.100000000000000,s7.000000000000000,s0.000000000000000
180_165,s2.800000000000000,s7.000000000000000,s0.000000000000000
180_166,s3.500000000000000,s7.000000000000000,s0.000000000000000
180_167,s4.200000000000000,s7.000000000000000,s0.000000000000000
180_168,s4.900000000000000,s7.000000000000000,s0.000000000000000
180_169,s5.600000000000000,s7.000000000000000,s0.000000000000000
180_170,s6.300000000000000,s7.000000000000000,s0.000000000000000
180_171,s7.000000000000000,s7.000000000000000,s0.000000000000000
180_172,s7.700000000000000,s7.000000000000000,s0.000000000000000
180_173,s0.350000000000000,s7.800000000000000,s180.000000000000000
180_174,s1.050000000000000,s7.800000000000000,s180.000000000000000
180_175,s1.750000000000000,s7.800000000000000,s180.000000000000000
180_176,s2.450000000000000,s7.800000000000000,s180.000000000000000
180_177,s3.150000000000000,s7.800000000000000,s180.000000000000000
180_178,s3.850000000000000,s7.800000000000000,s180.000000000000000
180_179,s4.550000000000000,s7.800000000000000,s180.000000000000000
181_0,s0.000000000000000,s0.000000000000000,s0.000000000000000
181_1,s0.700000000000000,s0.000000000000000,s0.000000000000000
181_2,s1.400000000000000,s0.000000000000000,s0.000000000000000
181_3,s2.100000000000000,s0.000000000000000,s0.000000000000000
181_4,s2.800000000000000,s0.000000000000000,s0.000000000000000
181_5,s3.500000000000000,s0.000000000000000,s0.000000000000000
181_6,s4.200000000000000,s0.000000000000000,s0.000000000000000
181_7,s4.900000000000000,s0.000000000000000,s0.000000000000000
181_8,s5.600000000000000,s0.000000000000000,s0.000000000000000
181_9,s6.300000000000000,s0.000000000000000,s0.000000000000000
181_10,s7.000000000000000,s0.000000000000000,s0.000000000000000
181_11,s7.700000000000000,s0.000000000000000,s0.000000000000000
181_12,s0.350000000000000,s0.800000000000000,s180.000000000000000
181_13,s1.050000000000000,s0.800000000000000,s180.000000000000000
181_14,s1.750000000000000,s0.800000000000000,s180.000000000000000
181_15,s2.450000000000000,s0.800000000000000,s180.000000000000000
181_16,s3.150000000000000,s0.800000000000000,s180.000000000000000
181_17,s3.850000000000000,s0.800000000000000,s180.000000000000000
181_18,s4.550000000000000,s0.800000000000000,s180.000000000000000
181_19,s5.250000000000000,s0.800000000000000,s180.000000000000000
181_20,s5.950000000000000,s0.800000000000000,s180.000000000000000
181_21,s6.650000000000000,s0.800000000000000,s180.000000000000000
181_22,s7.350000000000000,s0.800000000000000,s180.000000000000000
181_23,s0.000000000000000,s1.000000000000000,s0.000000000000000
181_24,s0.700000000000000,s1.000000000000000,s0.000000000000000
181_25,s1.400000000000000,s1.000000000000000,s0.000000000000000
181_26,s2.100000000000000,s1.000000000000000,s0.000000000000000
181_27,s2.800000000000000,s1.000000000000000,s0.000000000000000
181_28,s3.500000000000000,s1.000000000000000,s0.000000000000000
181_29,s4.200000000000000,s1.000000000000000,s0.000000000000000
181_30,s4.900000000000000,s1.000000000000000,s0.000000000000000
181_31,s5.600000000000000,s1.000000000000000,s0.000000000000000
181_32,s6.300000000000000,s1.000000000000000,s0.000000000000000
181_33,s7.000000000000000,s1.000000000000000,s0.000000000000000
181_34,s7.700000000000000,s1.000000000000000,s0.000000000000000
181_35,s0.350000000000000,s1.800000000000000,s180.000000000000000
181_36,s1.050000000000000,s1.800000000000000,s180.000000000000000
181_37,s1.750000000000000,s1.800000000000000,s180.000000000000000
181_38,s2.450000000000000,s1.800000000000000,s180.000000000000000
181_39,s3.150000000000000,s1.800000000000000,s180.000000000000000
181_40,s3.850000000000000,s1.800000000000000,s180.000000000000000
181_41,s4.550000000000000,s1.800000000000000,s180.000000000000000
181_42,s5.250000000000000,s1.800000000000000,s180.000000000000000
181_43,s5.950000000000000,s1.800000000000000,s180.000000000000000
181_44,s6.650000000000000,s1.800000000000000,s180.000000000000000
181_45,s7.350000000000000,s1.800000000000000,s180.000000000000000
181_46,s0.000000000000000,s2.000000000000000,s0.000000000000000
181_47,s0.700000000000000,s2.000000000000000,s0.000000000000000
181_48,s1.400000000000000,s2.000000000000000,s0.000000000000000
181_49,s2.100000000000000,s2.000000000000000,s0.000000000000000
181_50,s2.800000000000000,s2.000000000000000,s0.000000000000000
181_51,s3.500000000000000,s2.000000000000000,s0.000000000000000
181_52,s4.200000000000000,s2.000000000000000,s0.000000000000000
181_53,s4.900000000000000,s2.000000000000000,s0.000000000000000
181_54,s5.600000000000000,s2.000000000000000,s0.000000000000000
181_55,s6.300000000000000,s2.000000000000000,s0.000000000000000
181_56,s7.000000000000000,s2.000000000000000,s0.000000000000000
181_57,s7.700000000000000,s2.000000000000000,s0.000000000000000
181_58,s0.350000000000000,s2.800000000000000,s180.000000000000000
181_59,s1.050000000000000,s2.800000000000000,s180.000000000000000
181_60,s1.750000000000000,s2.800000000000000,s180.000000000000000
181_61,s2.450000000000000,s2.800000000000000,s180.000000000000000
181_62,s3.150000000000000,s2.800000000000000,s180.000000000000000
181_63,s3.850000000000000,s2.800000000000000,s180.000000000000000
181_64,s4.550000000000000,s2.800000000000000,s180.000000000000000
181_65,s5.250000000000000,s2.800000000000000,s180.000000000000000
181_66,s5.950000000000000,s2.800000000000000,s180.000000000000000
181_67,s6.650000000000000,s2.800000000000000,s180.000000000000000
181_68,s7.350000000000000,s2.800000000000000,s180.000000000000000
181_69,s0.000000000000000,s3.000000000000000,s0.000000000000000
181_70,s0.700000000000000,s3.000000000000000,s0.000000000000000
181_71,s1.400000000000000,s3.000000000000000,s0.000000000000000
181_72,s2.100000000000000,s3.000000000000000,s0.000000000000000
181_73,s2.800000000000000,s3.000000000000000,s0.000000000000000
181_74,s3.500000000000000,s3.000000000000000,s0.000000000000000
181_75,s4.200000000000000,s3.000000000000000,s0.000000000000000
181_76,s4.900000000000000,s3.000000000000000,s0.000000000000000
181_77,s5.600000000000000,s3.000000000000000,s0.000000000000000
181_78,s6.300000000000000,s3.000000000000000,s0.000000000000000
181_79,s7.000000000000000,s3.000000000000000,s0.000000000000000
181_80,s7.700000000000000,s3.000000000000000,s0.000000000000000
181_81,s0.350000000000000,s3.800000000000000,s180.000000000000000
181_82,s1.050000000000000,s3.800000000000000,s180.000000000000000
181_83,s1.750000000000000,s3.800000000000000,s180.000000000000000
181_84,s2.450000000000000,s3.800000000000000,s180.000000000000000
181_85,s3.150000000000000,s3.800000000000000,s180.000000000000000
181_86,s3.850000000000000,s3.800000000000000,s180.000000000000000
181_87,s4.550000000000000,s3.800000000000000,s180.000000000000000
181_88,s5.250000000000000,s3.800000000000000,s180.000000000000000
181_89,s5.950000000000000,s3.800000000000000,s180.000000000000000
181_90,s6.650000000000000,s3.800000000000000,s180.000000000000000
181_91,s7.350000000000000,s3.800000000000000,s180.000000000000000
181_92,s0.000000000000000,s4.000000000000000,s0.000000000000000
181_93,s0.700000000000000,s4.000000000000000,s0.000000000000000
181_94,s1.400000000000000,s4.000000000000000,s0.000000000000000
181_95,s2.100000000000000,s4.000000000000000,s0.000000000000000
181_96,s2.800000000000000,s4.000000000000000,s0.000000000000000
181_97,s3.500000000000000,s4.000000000000000,s0.000000000000000
181_98,s4.200000000000000,s4.000000000000000,s0.000000000000000
181_99,s4.900000000000000,s4.000000000000000,s0.000000000000000
181_100,s5.600000000000000,s4.000000000000000,s0.000000000000000
181_101,s6.300000000000000,s4.000000000000000,s0.000000000000000
181_102,s7.000000000000000,s4.000000000000000,s0.000000000000000
181_103,s7.700000000000000,s4.000000000000000,s0.000000000000000
181_104,s0.350000000000000,s4.800000000000000,s180.000000000000000
181_105,s1.050000000000000,s4.800000000000000,s180.000000000000000
181_106,s1.750000000000000,s4.800000000000000,s180.000000000000000
181_107,s2.450000000000000,s4.800000000000000,s180.000000000000000
181_108,s3.150000000000000,s4.800000000000000,s180.000000000000000
181_109,s3.850000000000000,s4.800000000000000,s180.000000000000000
181_110,s4.550000000000000,s4.800000000000000,s180.000000000000000
181_111,s5.250000000000000,s4.800000000000000,s180.000000000000000
181_112,s5.950000000000000,s4.800000000000000,s180.000000000000000
181_113,s6.650000000000000,s4.800000000000000,s180.000000000000000
181_114,s7.350000000000000,s4.800000000000000,s180.000000000000000
181_115,s0.000000000000000,s5.000000000000000,s0.000000000000000
181_116,s0.700000000000000,s5.000000000000000,s0.000000000000000
181_117,s1.400000000000000,s5.000000000000000,s0.000000000000000
181_118,s2.100000000000000,s5.000000000000000,s0.000000000000000
181_119,s2.800000000000000,s5.000000000000000,s0.000000000000000
181_120,s3.500000000000000,s5.000000000000000,s0.000000000000000
181_121,s4.200000000000000,s5.000000000000000,s0.000000000000000
181_122,s4.900000000000000,s5.000000000000000,s0.000000000000000
181_123,s5.600000000000000,s5.000000000000000,s0.000000000000000
181_124,s6.300000000000000,s5.000000000000000,s0.000000000000000
181_125,s7.000000000000000,s5.000000000000000,s0.000000000000000
181_126,s7.700000000000000,s5.000000000000000,s0.000000000000000
181_127,s0.350000000000000,s5.800000000000000,s180.000000000000000
181_128,s1.050000000000000,s5.800000000000000,s180.000000000000000
181_129,s1.750000000000000,s5.800000000000000,s180.000000000000000
181_130,s2.450000000000000,s5.800000000000000,s180.000000000000000
181_131,s3.150000000000000,s5.800000000000000,s180.000000000000000
181_132,s3.850000000000000,s5.800000000000000,s180.000000000000000
181_133,s4.550000000000000,s5.800000000000000,s180.000000000000000
181_134,s5.250000000000000,s5.800000000000000,s180.000000000000000
181_135,s5.950000000000000,s5.800000000000000,s180.000000000000000
181_136,s6.650000000000000,s5.800000000000000,s180.000000000000000
181_137,s7.350000000000000,s5.800000000000000,s180.000000000000000
181_138,s0.000000000000000,s6.000000000000000,s0.000000000000000
181_139,s0.700000000000000,s6.000000000000000,s0.000000000000000
181_140,s1.400000000000000,s6.000000000000000,s0.000000000000000
181_141,s2.100000000000000,s6.000000000000000,s0.000000000000000
181_142,s2.800000000000000,s6.000000000000000,s0.000000000000000
181_143,s3.500000000000000,s6.000000000000000,s0.000000000000000
181_144,s4.200000000000000,s6.000000000000000,s0.000000000000000
181_145,s4.900000000000000,s6.000000000000000,s0.000000000000000
181_146,s5.600000000000000,s6.000000000000000,s0.000000000000000
181_147,s6.300000000000000,s6.000000000000000,s0.000000000000000
181_148,s7.000000000000000,s6.000000000000000,s0.000000000000000
181_149,s7.700000000000000,s6.000000000000000,s0.000000000000000
181_150,s0.350000000000000,s6.800000000000000,s180.000000000000000
181_151,s1.050000000000000,s6.800000000000000,s180.000000000000000
181_152,s1.750000000000000,s6.800000000000000,s180.000000000000000
181_153,s2.450000000000000,s6.800000000000000,s180.000000000000000
181_154,s3.150000000000000,s6.800000000000000,s180.000000000000000
181_155,s3.850000000000000,s6.800000000000000,s180.000000000000000
181_156,s4.550000000000000,s6.800000000000000,s180.000000000000000
181_157,s5.250000000000000,s6.800000000000000,s180.000000000000000
181_158,s5.950000000000000,s6.800000000000000,s180.000000000000000
181_159,s6.650000000000000,s6.800000000000000,s180.000000000000000
181_160,s7.350000000000000,s6.800000000000000,s180.000000000000000
181_161,s0.000000000000000,s7.000000000000000,s0.000000000000000
181_162,s0.700000000000000,s7.000000000000000,s0.000000000000000
181_163,s1.400000000000000,s7.000000000000000,s0.000000000000000
181_164,s2.100000000000000,s7.000000000000000,s0.000000000000000
181_165,s2.800000000000000,s7.000000000000000,s0.000000000000000
181_166,s3.500000000000000,s7.000000000000000,s0.000000000000000
181_167,s4.200000000000000,s7.000000000000000,s0.000000000000000
181_168,s4.900000000000000,s7.000000000000000,s0.000000000000000
181_169,s5.600000000000000,s7.000000000000000,s0.000000000000000
181_170,s6.300000000000000,s7.000000000000000,s0.000000000000000
181_171,s7.000000000000000,s7.000000000000000,s0.000000000000000
181_172,s7.700000000000000,s7.000000000000000,s0.000000000000000
181_173,s0.350000000000000,s7.800000000000000,s180.000000000000000
181_174,s1.050000000000000,s7.800000000000000,s180.000000000000000
181_175,s1.750000000000000,s7.800000000000000,s180.000000000000000
181_176,s2.450000000000000,s7.800000000000000,s180.000000000000000
181_177,s3.150000000000000,s7.800000000000000,s180.000000000000000
181_178,s3.850000000000000,s7.800000000000000,s180.000000000000000
181_179,s4.550000000000000,s7.800000000000000,s180.000000000000000
181_180,s5.250000000000000,s7.800000000000000,s180.000000000000000
182_0,s0.000000000000000,s0.000000000000000,s0.000000000000000
182_1,s0.700000000000000,s0.000000000000000,s0.000000000000000
182_2,s1.400000000000000,s0.000000000000000,s0.000000000000000
182_3,s2.100000000000000,s0.000000000000000,s0.000000000000000
182_4,s2.800000000000000,s0.000000000000000,s0.000000000000000
182_5,s3.500000000000000,s0.000000000000000,s0.000000000000000
182_6,s4.200000000000000,s0.000000000000000,s0.000000000000000
182_7,s4.900000000000000,s0.000000000000000,s0.000000000000000
182_8,s5.600000000000000,s0.000000000000000,s0.000000000000000
182_9,s6.300000000000000,s0.000000000000000,s0.000000000000000
182_10,s7.000000000000000,s0.000000000000000,s0.000000000000000
182_11,s7.700000000000000,s0.000000000000000,s0.000000000000000
182_12,s0.350000000000000,s0.800000000000000,s180.000000000000000
182_13,s1.050000000000000,s0.800000000000000,s180.000000000000000
182_14,s1.750000000000000,s0.800000000000000,s180.000000000000000
182_15,s2.450000000000000,s0.800000000000000,s180.000000000000000
182_16,s3.150000000000000,s0.800000000000000,s180.000000000000000
182_17,s3.850000000000000,s0.800000000000000,s180.000000000000000
182_18,s4.550000000000000,s0.800000000000000,s180.000000000000000
182_19,s5.250000000000000,s0.800000000000000,s180.000000000000000
182_20,s5.950000000000000,s0.800000000000000,s180.000000000000000
182_21,s6.650000000000000,s0.800000000000000,s180.000000000000000
182_22,s7.350000000000000,s0.800000000000000,s180.000000000000000
182_23,s0.000000000000000,s1.000000000000000,s0.000000000000000
182_24,s0.700000000000000,s1.000000000000000,s0.000000000000000
182_25,s1.400000000000000,s1.000000000000000,s0.000000000000000
182_26,s2.100000000000000,s1.000000000000000,s0.000000000000000
182_27,s2.800000000000000,s1.000000000000000,s0.000000000000000
182_28,s3.500000000000000,s1.000000000000000,s0.000000000000000
182_29,s4.200000000000000,s1.000000000000000,s0.000000000000000
182_30,s4.900000000000000,s1.000000000000000,s0.000000000000000
182_31,s5.600000000000000,s1.000000000000000,s0.000000000000000
182_32,s6.300000000000000,s1.000000000000000,s0.000000000000000
182_33,s7.000000000000000,s1.000000000000000,s0.000000000000000
182_34,s7.700000000000000,s1.000000000000000,s0.000000000000000
182_35,s0.350000000000000,s1.800000000000000,s180.000000000000000
182_36,s1.050000000000000,s1.800000000000000,s180.000000000000000
182_37,s1.750000000000000,s1.800000000000000,s180.000000000000000
182_38,s2.450000000000000,s1.800000000000000,s180.000000000000000
182_39,s3.150000000000000,s1.800000000000000,s180.000000000000000
182_40,s3.850000000000000,s1.800000000000000,s180.000000000000000
182_41,s4.550000000000000,s1.800000000000000,s180.000000000000000
182_42,s5.250000000000000,s1.800000000000000,s180.000000000000000
182_43,s5.950000000000000,s1.800000000000000,s180.000000000000000
182_44,s6.650000000000000,s1.800000000000000,s180.000000000000000
182_45,s7.350000000000000,s1.800000000000000,s180.000000000000000
182_46,s0.000000000000000,s2.000000000000000,s0.000000000000000
182_47,s0.700000000000000,s2.000000000000000,s0.000000000000000
182_48,s1.400000000000000,s2.000000000000000,s0.000000000000000
182_49,s2.100000000000000,s2.000000000000000,s0.000000000000000
182_50,s2.800000000000000,s2.000000000000000,s0.000000000000000
182_51,s3.500000000000000,s2.000000000000000,s0.000000000000000
182_52,s4.200000000000000,s2.000000000000000,s0.000000000000000
182_53,s4.900000000000000,s2.000000000000000,s0.000000000000000
182_54,s5.600000000000000,s2.000000000000000,s0.000000000000000
182_55,s6.300000000000000,s2.000000000000000,s0.000000000000000
182_56,s7.000000000000000,s2.000000000000000,s0.000000000000000
182_57,s7.700000000000000,s2.000000000000000,s0.000000000000000
182_58,s0.350000000000000,s2.800000000000000,s180.000000000000000
182_59,s1.050000000000000,s2.800000000000000,s180.000000000000000
182_60,s1.750000000000000,s2.800000000000000,s180.000000000000000
182_61,s2.450000000000000,s2.800000000000000,s180.000000000000000
182_62,s3.150000000000000,s2.800000000000000,s180.000000000000000
182_63,s3.850000000000000,s2.800000000000000,s180.000000000000000
182_64,s4.550000000000000,s2.800000000000000,s180.000000000000000
182_65,s5.250000000000000,s2.800000000000000,s180.000000000000000
182_66,s5.950000000000000,s2.800000000000000,s180.000000000000000
182_67,s6.650000000000000,s2.800000000000000,s180.000000000000000
182_68,s7.350000000000000,s2.800000000000000,s180.000000000000000
182_69,s0.000000000000000,s3.000000000000000,s0.000000000000000
182_70,s0.700000000000000,s3.000000000000000,s0.000000000000000
182_71,s1.400000000000000,s3.000000000000000,s0.000000000000000
182_72,s2.100000000000000,s3.000000000000000,s0.000000000000000
182_73,s2.800000000000000,s3.000000000000000,s0.000000000000000
182_74,s3.500000000000000,s3.000000000000000,s0.000000000000000
182_75,s4.200000000000000,s3.000000000000000,s0.000000000000000
182_76,s4.900000000000000,s3.000000000000000,s0.000000000000000
182_77,s5.600000000000000,s3.000000000000000,s0.000000000000000
182_78,s6.300000000000000,s3.000000000000000,s0.000000000000000
182_79,s7.000000000000000,s3.000000000000000,s0.000000000000000
182_80,s7.700000000000000,s3.000000000000000,s0.000000000000000
182_81,s0.350000000000000,s3.800000000000000,s180.000000000000000
182_82,s1.050000000000000,s3.800000000000000,s180.000000000000000
182_83,s1.750000000000000,s3.800000000000000,s180.000000000000000
182_84,s2.450000000000000,s3.800000000000000,s180.000000000000000
182_85,s3.150000000000000,s3.800000000000000,s180.000000000000000
182_86,s3.850000000000000,s3.800000000000000,s180.000000000000000
182_87,s4.550000000000000,s3.800000000000000,s180.000000000000000
182_88,s5.250000000000000,s3.800000000000000,s180.000000000000000
182_89,s5.950000000000000,s3.800000000000000,s180.000000000000000
182_90,s6.650000000000000,s3.800000000000000,s180.000000000000000
182_91,s7.350000000000000,s3.800000000000000,s180.000000000000000
182_92,s0.000000000000000,s4.000000000000000,s0.000000000000000
182_93,s0.700000000000000,s4.000000000000000,s0.000000000000000
182_94,s1.400000000000000,s4.000000000000000,s0.000000000000000
182_95,s2.100000000000000,s4.000000000000000,s0.000000000000000
182_96,s2.800000000000000,s4.000000000000000,s0.000000000000000
182_97,s3.500000000000000,s4.000000000000000,s0.000000000000000
182_98,s4.200000000000000,s4.000000000000000,s0.000000000000000
182_99,s4.900000000000000,s4.000000000000000,s0.000000000000000
182_100,s5.600000000000000,s4.000000000000000,s0.000000000000000
182_101,s6.300000000000000,s4.000000000000000,s0.000000000000000
182_102,s7.000000000000000,s4.000000000000000,s0.000000000000000
182_103,s7.700000000000000,s4.000000000000000,s0.000000000000000
182_104,s0.350000000000000,s4.800000000000000,s180.000000000000000
182_105,s1.050000000000000,s4.800000000000000,s180.000000000000000
182_106,s1.750000000000000,s4.800000000000000,s180.000000000000000
182_107,s2.450000000000000,s4.800000000000000,s180.000000000000000
182_108,s3.150000000000000,s4.800000000000000,s180.000000000000000
182_109,s3.850000000000000,s4.800000000000000,s180.000000000000000
182_110,s4.550000000000000,s4.800000000000000,s180.000000000000000
182_111,s5.250000000000000,s4.800000000000000,s180.000000000000000
182_112,s5.950000000000000,s4.800000000000000,s180.000000000000000
182_113,s6.650000000000000,s4.800000000000000,s180.000000000000000
182_114,s7.350000000000000,s4.800000000000000,s180.000000000000000
182_115,s0.000000000000000,s5.000000000000000,s0.000000000000000
182_116,s0.700000000000000,s5.000000000000000,s0.000000000000000
182_117,s1.400000000000000,s5.000000000000000,s0.000000000000000
182_118,s2.100000000000000,s5.000000000000000,s0.000000000000000
182_119,s2.800000000000000,s5.000000000000000,s0.000000000000000
182_120,s3.500000000000000,s5.000000000000000,s0.000000000000000
182_121,s4.200000000000000,s5.000000000000000,s0.000000000000000
182_122,s4.900000000000000,s5.000000000000000,s0.000000000000000
182_123,s5.600000000000000,s5.000000000000000,s0.000000000000000
182_124,s6.300000000000000,s5.000000000000000,s0.000000000000000
182_125,s7.000000000000000,s5.000000000000000,s0.000000000000000
182_126,s7.700000000000000,s5.000000000000000,s0.000000000000000
182_127,s0.350000000000000,s5.800000000000000,s180.000000000000000
182_128,s1.050000000000000,s5.800000000000000,s180.000000000000000
182_129,s1.750000000000000,s5.800000000000000,s180.000000000000000
182_130,s2.450000000000000,s5.800000000000000,s180.000000000000000
182_131,s3.150000000000000,s5.800000000000000,s180.000000000000000
182_132,s3.850000000000000,s5.800000000000000,s180.000000000000000
182_133,s4.550000000000000,s5.800000000000000,s180.000000000000000
182_134,s5.250000000000000,s5.800000000000000,s180.000000000000000
182_135,s5.950000000000000,s5.800000000000000,s180.000000000000000
182_136,s6.650000000000000,s5.800000000000000,s180.000000000000000
182_137,s7.350000000000000,s5.800000000000000,s180.000000000000000
182_138,s0.000000000000000,s6.000000000000000,s0.000000000000000
182_139,s0.700000000000000,s6.000000000000000,s0.000000000000000
182_140,s1.400000000000000,s6.000000000000000,s0.000000000000000
182_141,s2.100000000000000,s6.000000000000000,s0.000000000000000
182_142,s2.800000000000000,s6.000000000000000,s0.000000000000000
182_143,s3.500000000000000,s6.000000000000000,s0.000000000000000
182_144,s4.200000000000000,s6.000000000000000,s0.000000000000000
182_145,s4.900000000000000,s6.000000000000000,s0.000000000000000
182_146,s5.600000000000000,s6.000000000000000,s0.000000000000000
182_147,s6.300000000000000,s6.000000000000000,s0.000000000000000
182_148,s7.000000000000000,s6.000000000000000,s0.000000000000000
182_149,s7.700000000000000,s6.000000000000000,s0.000000000000000
182_150,s0.350000000000000,s6.800000000000000,s180.000000000000000
182_151,s1.050000000000000,s6.800000000000000,s180.000000000000000
182_152,s1.750000000000000,s6.800000000000000,s180.000000000000000
182_153,s2.450000000000000,s6.800000000000000,s180.000000000000000
182_154,s3.150000000000000,s6.800000000000000,s180.000000000000000
182_155,s3.850000000000000,s6.800000000000000,s180.000000000000000
182_156,s4.550000000000000,s6.800000000000000,s180.000000000000000
182_157,s5.250000000000000,s6.800000000000000,s180.000000000000000
182_158,s5.950000000000000,s6.800000000000000,s180.000000000000000
182_159,s6.650000000000000,s6.800000000000000,s180.000000000000000
182_160,s7.350000000000000,s6.800000000000000,s180.000000000000000
182_161,s0.000000000000000,s7.000000000000000,s0.000000000000000
182_162,s0.700000000000000,s7.000000000000000,s0.000000000000000
182_163,s1.400000000000000,s7.000000000000000,s0.000000000000000
182_164,s2.100000000000000,s7.000000000000000,s0.000000000000000
182_165,s2.800000000000000,s7.000000000000000,s0.000000000000000
182_166,s3.500000000000000,s7.000000000000000,s0.000000000000000
182_167,s4.200000000000000,s7.000000000000000,s0.000000000000000
182_168,s4.900000000000000,s7.000000000000000,s0.000000000000000
182_169,s5.600000000000000,s7.000000000000000,s0.000000000000000
182_170,s6.300000000000000,s7.000000000000000,s0.000000000000000
182_171,s7.000000000000000,s7.000000000000000,s0.000000000000000
182_172,s7.700000000000000,s7.000000000000000,s0.000000000000000
182_173,s0.350000000000000,s7.800000000000000,s180.000000000000000
182_174,s1.050000000000000,s7.800000000000000,s180.000000000000000
182_175,s1.750000000000000,s7.800000000000000,s180.000000000000000
182_176,s2.450000000000000,s7.800000000000000,s180.000000000000000
182_177,s3.150000000000000,s7.800000000000000,s180.000000000000000
182_178,s3.850000000000000,s7.800000000000000,s180.000000000000000
182_179,s4.550000000000000,s7.800000000000000,s180.000000000000000
182_180,s5.250000000000000,s7.800000000000000,s180.000000000000000
182_181,s5.950000000000000,s7.800000000000000,s180.000000000000000
183_0,s0.000000000000000,s0.000000000000000,s0.000000000000000
183_1,s0.700000000000000,s0.000000000000000,s0.000000000000000
183_2,s1.400000000000000,s0.000000000000000,s0.000000000000000
183_3,s2.100000000000000,s0.000000000000000,s0.000000000000000
183_4,s2.800000000000000,s0.000000000000000,s0.000000000000000
183_5,s3.500000000000000,s0.000000000000000,s0.000000000000000
183_6,s4.200000000000000,s0.000000000000000,s0.000000000000000
183_7,s4.900000000000000,s0.000000000000000,s0.000000000000000
183_8,s5.600000000000000,s0.000000000000000,s0.000000000000000
183_9,s6.300000000000000,s0.000000000000000,s0.000000000000000
183_10,s7.000000000000000,s0.000000000000000,s0.000000000000000
183_11,s7.700000000000000,s0.000000000000000,s0.000000000000000
183_12,s0.350000000000000,s0.800000000000000,s180.000000000000000
183_13,s1.050000000000000,s0.800000000000000,s180.000000000000000
183_14,s1.750000000000000,s0.800000000000000,s180.000000000000000
183_15,s2.450000000000000,s0.800000000000000,s180.000000000000000
183_16,s3.150000000000000,s0.800000000000000,s180.000000000000000
183_17,s3.850000000000000,s0.800000000000000,s180.000000000000000
183_18,s4.550000000000000,s0.800000000000000,s180.000000000000000
183_19,s5.250000000000000,s0.800000000000000,s180.000000000000000
183_20,s5.950000000000000,s0.800000000000000,s180.000000000000000
183_21,s6.650000000000000,s0.800000000000000,s180.000000000000000
183_22,s7.350000000000000,s0.800000000000000,s180.000000000000000
183_23,s0.000000000000000,s1.000000000000000,s0.000000000000000
183_24,s0.700000000000000,s1.000000000000000,s0.000000000000000
183_25,s1.400000000000000,s1.000000000000000,s0.000000000000000
183_26,s2.100000000000000,s1.000000000000000,s0.000000000000000
183_27,s2.800000000000000,s1.000000000000000,s0.000000000000000
183_28,s3.500000000000000,s1.000000000000000,s0.000000000000000
183_29,s4.200000000000000,s1.000000000000000,s0.000000000000000
183_30,s4.900000000000000,s1.000000000000000,s0.000000000000000
183_31,s5.600000000000000,s1.000000000000000,s0.000000000000000
183_32,s6.300000000000000,s1.000000000000000,s0.000000000000000
183_33,s7.000000000000000,s1.000000000000000,s0.000000000000000
183_34,s7.700000000000000,s1.000000000000000,s0.000000000000000
183_35,s0.350000000000000,s1.800000000000000,s180.000000000000000
183_36,s1.050000000000000,s1.800000000000000,s180.000000000000000
183_37,s1.750000000000000,s1.800000000000000,s180.000000000000000
183_38,s2.450000000000000,s1.800000000000000,s180.000000000000000
183_39,s3.150000000000000,s1.800000000000000,s180.000000000000000
183_40,s3.850000000000000,s1.800000000000000,s180.000000000000000
183_41,s4.550000000000000,s1.800000000000000,s180.000000000000000
183_42,s5.250000000000000,s1.800000000000000,s180.000000000000000
183_43,s5.950000000000000,s1.800000000000000,s180.000000000000000
183_44,s6.650000000000000,s1.800000000000000,s180.000000000000000
183_45,s7.350000000000000,s1.800000000000000,s180.000000000000000
183_46,s0.000000000000000,s2.000000000000000,s0.000000000000000
183_47,s0.700000000000000,s2.000000000000000,s0.000000000000000
183_48,s1.400000000000000,s2.000000000000000,s0.000000000000000
183_49,s2.100000000000000,s2.000000000000000,s0.000000000000000
183_50,s2.800000000000000,s2.000000000000000,s0.000000000000000
183_51,s3.500000000000000,s2.000000000000000,s0.000000000000000
183_52,s4.200000000000000,s2.000000000000000,s0.000000000000000
183_53,s4.900000000000000,s2.000000000000000,s0.000000000000000
183_54,s5.600000000000000,s2.000000000000000,s0.000000000000000
183_55,s6.300000000000000,s2.000000000000000,s0.000000000000000
183_56,s7.000000000000000,s2.000000000000000,s0.000000000000000
183_57,s7.700000000000000,s2.000000000000000,s0.000000000000000
183_58,s0.350000000000000,s2.800000000000000,s180.000000000000000
183_59,s1.050000000000000,s2.800000000000000,s180.000000000000000
183_60,s1.750000000000000,s2.800000000000000,s180.000000000000000
183_61,s2.450000000000000,s2.800000000000000,s180.000000000000000
183_62,s3.150000000000000,s2.800000000000000,s180.000000000000000
183_63,s3.850000000000000,s2.800000000000000,s180.000000000000000
183_64,s4.550000000000000,s2.800000000000000,s180.000000000000000
183_65,s5.250000000000000,s2.800000000000000,s180.000000000000000
183_66,s5.950000000000000,s2.800000000000000,s180.000000000000000
183_67,s6.650000000000000,s2.800000000000000,s180.000000000000000
183_68,s7.350000000000000,s2.800000000000000,s180.000000000000000
183_69,s0.000000000000000,s3.000000000000000,s0.000000000000000
183_70,s0.700000000000000,s3.000000000000000,s0.000000000000000
183_71,s1.400000000000000,s3.000000000000000,s0.000000000000000
183_72,s2.100000000000000,s3.000000000000000,s0.000000000000000
183_73,s2.800000000000000,s3.000000000000000,s0.000000000000000
183_74,s3.500000000000000,s3.000000000000000,s0.000000000000000
183_75,s4.200000000000000,s3.000000000000000,s0.000000000000000
183_76,s4.900000000000000,s3.000000000000000,s0.000000000000000
183_77,s5.600000000000000,s3.000000000000000,s0.000000000000000
183_78,s6.300000000000000,s3.000000000000000,s0.000000000000000
183_79,s7.000000000000000,s3.000000000000000,s0.000000000000000
183_80,s7.700000000000000,s3.000000000000000,s0.000000000000000
183_81,s0.350000000000000,s3.800000000000000,s180.000000000000000
183_82,s1.050000000000000,s3.800000000000000,s180.000000000000000
183_83,s1.750000000000000,s3.800000000000000,s180.000000000000000
183_84,s2.450000000000000,s3.800000000000000,s180.000000000000000
183_85,s3.150000000000000,s3.800000000000000,s180.000000000000000
183_86,s3.850000000000000,s3.800000000000000,s180.000000000000000
183_87,s4.550000000000000,s3.800000000000000,s180.000000000000000
183_88,s5.250000000000000,s3.800000000000000,s180.000000000000000
183_89,s5.950000000000000,s3.800000000000000,s180.000000000000000
183_90,s6.650000000000000,s3.800000000000000,s180.000000000000000
183_91,s7.350000000000000,s3.800000000000000,s180.000000000000000
183_92,s0.000000000000000,s4.000000000000000,s0.000000000000000
183_93,s0.700000000000000,s4.000000000000000,s0.000000000000000
183_94,s1.400000000000000,s4.000000000000000,s0.000000000000000
183_95,s2.100000000000000,s4.000000000000000,s0.000000000000000
183_96,s2.800000000000000,s4.000000000000000,s0.000000000000000
183_97,s3.500000000000000,s4.000000000000000,s0.000000000000000
183_98,s4.200000000000000,s4.000000000000000,s0.000000000000000
183_99,s4.900000000000000,s4.000000000000000,s0.000000000000000
183_100,s5.600000000000000,s4.000000000000000,s0.000000000000000
183_101,s6.300000000000000,s4.000000000000000,s0.000000000000000
183_102,s7.000000000000000,s4.000000000000000,s0.000000000000000
183_103,s7.700000000000000,s4.000000000000000,s0.000000000000000
183_104,s0.350000000000000,s4.800000000000000,s180.000000000000000
183_105,s1.050000000000000,s4.800000000000000,s180.000000000000000
183_106,s1.750000000000000,s4.800000000000000,s180.000000000000000
183_107,s2.450000000000000,s4.800000000000000,s180.000000000000000
183_108,s3.150000000000000,s4.800000000000000,s180.000000000000000
183_109,s3.850000000000000,s4.800000000000000,s180.000000000000000
183_110,s4.550000000000000,s4.800000000000000,s180.000000000000000
183_111,s5.250000000000000,s4.800000000000000,s180.000000000000000
183_112,s5.950000000000000,s4.800000000000000,s180.000000000000000
183_113,s6.650000000000000,s4.800000000000000,s180.000000000000000
183_114,s7.350000000000000,s4.800000000000000,s180.000000000000000
183_115,s0.000000000000000,s5.000000000000000,s0.000000000000000
183_116,s0.700000000000000,s5.000000000000000,s0.000000000000000
183_117,s1.400000000000000,s5.000000000000000,s0.000000000000000
183_118,s2.100000000000000,s5.000000000000000,s0.000000000000000
183_119,s2.800000000000000,s5.000000000000000,s0.000000000000000
183_120,s3.500000000000000,s5.000000000000000,s0.000000000000000
183_121,s4.200000000000000,s5.000000000000000,s0.000000000000000
183_122,s4.900000000000000,s5.000000000000000,s0.000000000000000
183_123,s5.600000000000000,s5.000000000000000,s0.000000000000000
183_124,s6.300000000000000,s5.000000000000000,s0.000000000000000
183_125,s7.000000000000000,s5.000000000000000,s0.000000000000000
183_126,s7.700000000000000,s5.000000000000000,s0.000000000000000
183_127,s0.350000000000000,s5.800000000000000,s180.000000000000000
183_128,s1.050000000000000,s5.800000000000000,s180.000000000000000
183_129,s1.750000000000000,s5.800000000000000,s180.000000000000000
183_130,s2.450000000000000,s5.800000000000000,s180.000000000000000
183_131,s3.150000000000000,s5.800000000000000,s180.000000000000000
183_132,s3.850000000000000,s5.800000000000000,s180.000000000000000
183_133,s4.550000000000000,s5.800000000000000,s180.000000000000000
183_134,s5.250000000000000,s5.800000000000000,s180.000000000000000
183_135,s5.950000000000000,s5.800000000000000,s180.000000000000000
183_136,s6.650000000000000,s5.800000000000000,s180.000000000000000
183_137,s7.350000000000000,s5.800000000000000,s180.000000000000000
183_138,s0.000000000000000,s6.000000000000000,s0.000000000000000
183_139,s0.700000000000000,s6.000000000000000,s0.000000000000000
183_140,s1.400000000000000,s6.000000000000000,s0.000000000000000
183_141,s2.100000000000000,s6.000000000000000,s0.000000000000000
183_142,s2.800000000000000,s6.000000000000000,s0.000000000000000
183_143,s3.500000000000000,s6.000000000000000,s0.000000000000000
183_144,s4.200000000000000,s6.000000000000000,s0.000000000000000
183_145,s4.900000000000000,s6.000000000000000,s0.000000000000000
183_146,s5.600000000000000,s6.000000000000000,s0.000000000000000
183_147,s6.300000000000000,s6.000000000000000,s0.000000000000000
183_148,s7.000000000000000,s6.000000000000000,s0.000000000000000
183_149,s7.700000000000000,s6.000000000000000,s0.000000000000000
183_150,s0.350000000000000,s6.800000000000000,s180.000000000000000
183_151,s1.050000000000000,s6.800000000000000,s180.000000000000000
183_152,s1.750000000000000,s6.800000000000000,s180.000000000000000
183_153,s2.450000000000000,s6.800000000000000,s180.000000000000000
183_154,s3.150000000000000,s6.800000000000000,s180.000000000000000
183_155,s3.850000000000000,s6.800000000000000,s180.000000000000000
183_156,s4.550000000000000,s6.800000000000000,s180.000000000000000
183_157,s5.250000000000000,s6.800000000000000,s180.000000000000000
183_158,s5.950000000000000,s6.800000000000000,s180.000000000000000
183_159,s6.650000000000000,s6.800000000000000,s180.000000000000000
183_160,s7.350000000000000,s6.800000000000000,s180.000000000000000
183_161,s0.000000000000000,s7.000000000000000,s0.000000000000000
183_162,s0.700000000000000,s7.000000000000000,s0.000000000000000
183_163,s1.400000000000000,s7.000000000000000,s0.000000000000000
183_164,s2.100000000000000,s7.000000000000000,s0.000000000000000
183_165,s2.800000000000000,s7.000000000000000,s0.000000000000000
183_166,s3.500000000000000,s7.000000000000000,s0.000000000000000
183_167,s4.200000000000000,s7.000000000000000,s0.000000000000000
183_168,s4.900000000000000,s7.000000000000000,s0.000000000000000
183_169,s5.600000000000000,s7.000000000000000,s0.000000000000000
183_170,s6.300000000000000,s7.000000000000000,s0.000000000000000
183_171,s7.000000000000000,s7.000000000000000,s0.000000000000000
183_172,s7.700000000000000,s7.000000000000000,s0.000000000000000
183_173,s0.350000000000000,s7.800000000000000,s180.000000000000000
183_174,s1.050000000000000,s7.800000000000000,s180.000000000000000
183_175,s1.750000000000000,s7.800000000000000,s180.000000000000000
183_176,s2.450000000000000,s7.800000000000000,s180.000000000000000
183_177,s3.150000000000000,s7.800000000000000,s180.000000000000000
183_178,s3.850000000000000,s7.800000000000000,s180.000000000000000
183_179,s4.550000000000000,s7.800000000000000,s180.000000000000000
183_180,s5.250000000000000,s7.800000000000000,s180.000000000000000
183_181,s5.950000000000000,s7.800000000000000,s180.000000000000000
183_182,s6.650000000000000,s7.800000000000000,s180.000000000000000
184_0,s0.000000000000000,s0.000000000000000,s0.000000000000000
184_1,s0.700000000000000,s0.000000000000000,s0.000000000000000
184_2,s1.400000000000000,s0.000000000000000,s0.000000000000000
184_3,s2.100000000000000,s0.000000000000000,s0.000000000000000
184_4,s2.800000000000000,s0.000000000000000,s0.000000000000000
184_5,s3.500000000000000,s0.000000000000000,s0.000000000000000
184_6,s4.200000000000000,s0.000000000000000,s0.000000000000000
184_7,s4.900000000000000,s0.000000000000000,s0.000000000000000
184_8,s5.600000000000000,s0.000000000000000,s0.000000000000000
184_9,s6.300000000000000,s0.000000000000000,s0.000000000000000
184_10,s7.000000000000000,s0.000000000000000,s0.000000000000000
184_11,s7.700000000000000,s0.000000000000000,s0.000000000000000
184_12,s0.350000000000000,s0.800000000000000,s180.000000000000000
184_13,s1.050000000000000,s0.800000000000000,s180.000000000000000
184_14,s1.750000000000000,s0.800000000000000,s180.000000000000000
184_15,s2.450000000000000,s0.800000000000000,s180.000000000000000
184_16,s3.150000000000000,s0.800000000000000,s180.000000000000000
184_17,s3.850000000000000,s0.800000000000000,s180.000000000000000
184_18,s4.550000000000000,s0.800000000000000,s180.000000000000000
184_19,s5.250000000000000,s0.800000000000000,s180.000000000000000
184_20,s5.950000000000000,s0.800000000000000,s180.000000000000000
184_21,s6.650000000000000,s0.800000000000000,s180.000000000000000
184_22,s7.350000000000000,s0.800000000000000,s180.000000000000000
184_23,s0.000000000000000,s1.000000000000000,s0.000000000000000
184_24,s0.700000000000000,s1.000000000000000,s0.000000000000000
184_25,s1.400000000000000,s1.000000000000000,s0.000000000000000
184_26,s2.100000000000000,s1.000000000000000,s0.000000000000000
184_27,s2.800000000000000,s1.000000000000000,s0.000000000000000
184_28,s3.500000000000000,s1.000000000000000,s0.000000000000000
184_29,s4.200000000000000,s1.000000000000000,s0.000000000000000
184_30,s4.900000000000000,s1.000000000000000,s0.000000000000000
184_31,s5.600000000000000,s1.000000000000000,s0.000000000000000
184_32,s6.300000000000000,s1.000000000000000,s0.000000000000000
184_33,s7.000000000000000,s1.000000000000000,s0.000000000000000
184_34,s7.700000000000000,s1.000000000000000,s0.000000000000000
184_35,s0.350000000000000,s1.800000000000000,s180.000000000000000
184_36,s1.050000000000000,s1.800000000000000,s180.000000000000000
184_37,s1.750000000000000,s1.800000000000000,s180.000000000000000
184_38,s2.450000000000000,s1.800000000000000,s180.000000000000000
184_39,s3.150000000000000,s1.800000000000000,s180.000000000000000
184_40,s3.850000000000000,s1.800000000000000,s180.000000000000000
184_41,s4.550000000000000,s1.800000000000000,s180.000000000000000
184_42,s5.250000000000000,s1.800000000000000,s180.000000000000000
184_43,s5.950000000000000,s1.800000000000000,s180.000000000000000
184_44,s6.650000000000000,s1.800000000000000,s180.000000000000000
184_45,s7.350000000000000,s1.800000000000000,s180.000000000000000
184_46,s0.000000000000000,s2.000000000000000,s0.000000000000000
184_47,s0.700000000000000,s2.000000000000000,s0.000000000000000
184_48,s1.400000000000000,s2.000000000000000,s0.000000000000000
184_49,s2.100000000000000,s2.000000000000000,s0.000000000000000
184_50,s2.800000000000000,s2.000000000000000,s0.000000000000000
184_51,s3.500000000000000,s2.000000000000000,s0.000000000000000
184_52,s4.200000000000000,s2.000000000000000,s0.000000000000000
184_53,s4.900000000000000,s2.000000000000000,s0.000000000000000
184_54,s5.600000000000000,s2.000000000000000,s0.000000000000000
184_55,s6.300000000000000,s2.000000000000000,s0.000000000000000
184_56,s7.000000000000000,s2.000000000000000,s0.000000000000000
184_57,s7.700000000000000,s2.000000000000000,s0.000000000000000
184_58,s0.350000000000000,s2.800000000000000,s180.000000000000000
184_59,s1.050000000000000,s2.800000000000000,s180.000000000000000
184_60,s1.750000000000000,s2.800000000000000,s180.000000000000000
184_61,s2.450000000000000,s2.800000000000000,s180.000000000000000
184_62,s3.150000000000000,s2.800000000000000,s180.000000000000000
184_63,s3.850000000000000,s2.800000000000000,s180.000000000000000
184_64,s4.550000000000000,s2.800000000000000,s180.000000000000000
184_65,s5.250000000000000,s2.800000000000000,s180.000000000000000
184_66,s5.950000000000000,s2.800000000000000,s180.000000000000000
184_67,s6.650000000000000,s2.800000000000000,s180.000000000000000
184_68,s7.350000000000000,s2.800000000000000,s180.000000000000000
184_69,s0.000000000000000,s3.000000000000000,s0.000000000000000
184_70,s0.700000000000000,s3.000000000000000,s0.000000000000000
184_71,s1.400000000000000,s3.000000000000000,s0.000000000000000
184_72,s2.100000000000000,s3.000000000000000,s0.000000000000000
184_73,s2.800000000000000,s3.000000000000000,s0.000000000000000
184_74,s3.500000000000000,s3.000000000000000,s0.000000000000000
184_75,s4.200000000000000,s3.000000000000000,s0.000000000000000
184_76,s4.900000000000000,s3.000000000000000,s0.000000000000000
184_77,s5.600000000000000,s3.000000000000000,s0.000000000000000
184_78,s6.300000000000000,s3.000000000000000,s0.000000000000000
184_79,s7.000000000000000,s3.000000000000000,s0.000000000000000
184_80,s7.700000000000000,s3.000000000000000,s0.000000000000000
184_81,s0.350000000000000,s3.800000000000000,s180.000000000000000
184_82,s1.050000000000000,s3.800000000000000,s180.000000000000000
184_83,s1.750000000000000,s3.800000000000000,s180.000000000000000
184_84,s2.450000000000000,s3.800000000000000,s180.000000000000000
184_85,s3.150000000000000,s3.800000000000000,s180.000000000000000
184_86,s3.850000000000000,s3.800000000000000,s180.000000000000000
184_87,s4.550000000000000,s3.800000000000000,s180.000000000000000
184_88,s5.250000000000000,s3.800000000000000,s180.000000000000000
184_89,s5.950000000000000,s3.800000000000000,s180.000000000000000
184_90,s6.650000000000000,s3.800000000000000,s180.000000000000000
184_91,s7.350000000000000,s3.800000000000000,s180.000000000000000
184_92,s0.000000000000000,s4.000000000000000,s0.000000000000000
184_93,s0.700000000000000,s4.000000000000000,s0.000000000000000
184_94,s1.400000000000000,s4.000000000000000,s0.000000000000000
184_95,s2.100000000000000,s4.000000000000000,s0.000000000000000
184_96,s2.800000000000000,s4.000000000000000,s0.000000000000000
184_97,s3.500000000000000,s4.000000000000000,s0.000000000000000
184_98,s4.200000000000000,s4.000000000000000,s0.000000000000000
184_99,s4.900000000000000,s4.000000000000000,s0.000000000000000
184_100,s5.600000000000000,s4.000000000000000,s0.000000000000000
184_101,s6.300000000000000,s4.000000000000000,s0.000000000000000
184_102,s7.000000000000000,s4.000000000000000,s0.000000000000000
184_103,s7.700000000000000,s4.000000000000000,s0.000000000000000
184_104,s0.350000000000000,s4.800000000000000,s180.000000000000000
184_105,s1.050000000000000,s4.800000000000000,s180.000000000000000
184_106,s1.750000000000000,s4.800000000000000,s180.000000000000000
184_107,s2.450000000000000,s4.800000000000000,s180.000000000000000
184_108,s3.150000000000000,s4.800000000000000,s180.000000000000000
184_109,s3.850000000000000,s4.800000000000000,s180.000000000000000
184_110,s4.550000000000000,s4.800000000000000,s180.000000000000000
184_111,s5.250000000000000,s4.800000000000000,s180.000000000000000
184_112,s5.950000000000000,s4.800000000000000,s180.000000000000000
184_113,s6.650000000000000,s4.800000000000000,s180.000000000000000
184_114,s7.350000000000000,s4.800000000000000,s180.000000000000000
184_115,s0.000000000000000,s5.000000000000000,s0.000000000000000
184_116,s0.700000000000000,s5.000000000000000,s0.000000000000000
184_117,s1.400000000000000,s5.000000000000000,s0.000000000000000
184_118,s2.100000000000000,s5.000000000000000,s0.000000000000000
184_119,s2.800000000000000,s5.000000000000000,s0.000000000000000
184_120,s3.500000000000000,s5.000000000000000,s0.000000000000000
184_121,s4.200000000000000,s5.000000000000000,s0.000000000000000
184_122,s4.900000000000000,s5.000000000000000,s0.000000000000000
184_123,s5.600000000000000,s5.000000000000000,s0.000000000000000
184_124,s6.300000000000000,s5.000000000000000,s0.000000000000000
184_125,s7.000000000000000,s5.000000000000000,s0.000000000000000
184_126,s7.700000000000000,s5.000000000000000,s0.000000000000000
184_127,s0.350000000000000,s5.800000000000000,s180.000000000000000
184_128,s1.050000000000000,s5.800000000000000,s180.000000000000000
184_129,s1.750000000000000,s5.800000000000000,s180.000000000000000
184_130,s2.450000000000000,s5.800000000000000,s180.000000000000000
184_131,s3.150000000000000,s5.800000000000000,s180.000000000000000
184_132,s3.850000000000000,s5.800000000000000,s180.000000000000000
184_133,s4.550000000000000,s5.800000000000000,s180.000000000000000
184_134,s5.250000000000000,s5.800000000000000,s180.000000000000000
184_135,s5.950000000000000,s5.800000000000000,s180.000000000000000
184_136,s6.650000000000000,s5.800000000000000,s180.000000000000000
184_137,s7.350000000000000,s5.800000000000000,s180.000000000000000
184_138,s0.000000000000000,s6.000000000000000,s0.000000000000000
184_139,s0.700000000000000,s6.000000000000000,s0.000000000000000
184_140,s1.400000000000000,s6.000000000000000,s0.000000000000000
184_141,s2.100000000000000,s6.000000000000000,s0.000000000000000
184_142,s2.800000000000000,s6.000000000000000,s0.000000000000000
184_143,s3.500000000000000,s6.000000000000000,s0.000000000000000
184_144,s4.200000000000000,s6.000000000000000,s0.000000000000000
184_145,s4.900000000000000,s6.000000000000000,s0.000000000000000
184_146,s5.600000000000000,s6.000000000000000,s0.000000000000000
184_147,s6.300000000000000,s6.000000000000000,s0.000000000000000
184_148,s7.000000000000000,s6.000000000000000,s0.000000000000000
184_149,s7.700000000000000,s6.000000000000000,s0.000000000000000
184_150,s0.350000000000000,s6.800000000000000,s180.000000000000000
184_151,s1.050000000000000,s6.800000000000000,s180.000000000000000
184_152,s1.750000000000000,s6.800000000000000,s180.000000000000000
184_153,s2.450000000000000,s6.800000000000000,s180.000000000000000
184_154,s3.150000000000000,s6.800000000000000,s180.000000000000000
184_155,s3.850000000000000,s6.800000000000000,s180.000000000000000
184_156,s4.550000000000000,s6.800000000000000,s180.000000000000000
184_157,s5.250000000000000,s6.800000000000000,s180.000000000000000
184_158,s5.950000000000000,s6.800000000000000,s180.000000000000000
184_159,s6.650000000000000,s6.800000000000000,s180.000000000000000
184_160,s7.350000000000000,s6.800000000000000,s180.000000000000000
184_161,s0.000000000000000,s7.000000000000000,s0.000000000000000
184_162,s0.700000000000000,s7.000000000000000,s0.000000000000000
184_163,s1.400000000000000,s7.000000000000000,s0.000000000000000
184_164,s2.100000000000000,s7.000000000000000,s0.000000000000000
184_165,s2.800000000000000,s7.000000000000000,s0.000000000000000
184_166,s3.500000000000000,s7.000000000000000,s0.000000000000000
184_167,s4.200000000000000,s7.000000000000000,s0.000000000000000
184_168,s4.900000000000000,s7.000000000000000,s0.000000000000000
184_169,s5.600000000000000,s7.000000000000000,s0.000000000000000
184_170,s6.300000000000000,s7.000000000000000,s0.000000000000000
184_171,s7.000000000000000,s7.000000000000000,s0.000000000000000
184_172,s7.700000000000000,s7.000000000000000,s0.000000000000000
184_173,s0.350000000000000,s7.800000000000000,s180.000000000000000
184_174,s1.050000000000000,s7.800000000000000,s180.000000000000000
184_175,s1.750000000000000,s7.800000000000000,s180.000000000000000
184_176,s2.450000000000000,s7.800000000000000,s180.000000000000000
184_177,s3.150000000000000,s7.800000000000000,s180.000000000000000
184_178,s3.850000000000000,s7.800000000000000,s180.000000000000000
184_179,s4.550000000000000,s7.800000000000000,s180.000000000000000
184_180,s5.250000000000000,s7.800000000000000,s180.000000000000000
184_181,s5.950000000000000,s7.800000000000000,s180.000000000000000
184_182,s6.650000000000000,s7.800000000000000,s180.000000000000000
184_183,s7.350000000000000,s7.800000000000000,s180.000000000000000
185_0,s0.000000000000000,s0.000000000000000,s0.000000000000000
185_1,s0.700000000000000,s0.000000000000000,s0.000000000000000
185_2,s1.400000000000000,s0.000000000000000,s0.000000000000000
185_3,s2.100000000000000,s0.000000000000000,s0.000000000000000
185_4,s2.800000000000000,s0.000000000000000,s0.000000000000000
185_5,s3.500000000000000,s0.000000000000000,s0.000000000000000
185_6,s4.200000000000000,s0.000000000000000,s0.000000000000000
185_7,s4.900000000000000,s0.000000000000000,s0.000000000000000
185_8,s5.600000000000000,s0.000000000000000,s0.000000000000000
185_9,s6.300000000000000,s0.000000000000000,s0.000000000000000
185_10,s7.000000000000000,s0.000000000000000,s0.000000000000000
185_11,s7.700000000000000,s0.000000000000000,s0.000000000000000
185_12,s0.350000000000000,s0.800000000000000,s180.000000000000000
185_13,s1.050000000000000,s0.800000000000000,s180.000000000000000
185_14,s1.750000000000000,s0.800000000000000,s180.000000000000000
185_15,s2.450000000000000,s0.800000000000000,s180.000000000000000
185_16,s3.150000000000000,s0.800000000000000,s180.000000000000000
185_17,s3.850000000000000,s0.800000000000000,s180.000000000000000
185_18,s4.550000000000000,s0.800000000000000,s180.000000000000000
185_19,s5.250000000000000,s0.800000000000000,s180.000000000000000
185_20,s5.950000000000000,s0.800000000000000,s180.000000000000000
185_21,s6.650000000000000,s0.800000000000000,s180.000000000000000
185_22,s7.350000000000000,s0.800000000000000,s180.000000000000000
185_23,s8.050000000000001,s0.800000000000000,s180.000000000000000
185_24,s0.000000000000000,s1.000000000000000,s0.000000000000000
185_25,s0.700000000000000,s1.000000000000000,s0.000000000000000
185_26,s1.400000000000000,s1.000000000000000,s0.000000000000000
185_27,s2.100000000000000,s1.000000000000000,s0.000000000000000
185_28,s2.800000000000000,s1.000000000000000,s0.000000000000000
185_29,s3.500000000000000,s1.000000000000000,s0.000000000000000
185_30,s4.200000000000000,s1.000000000000000,s0.000000000000000
185_31,s4.900000000000000,s1.000000000000000,s0.000000000000000
185_32,s5.600000000000000,s1.000000000000000,s0.000000000000000
185_33,s6.300000000000000,s1.000000000000000,s0.000000000000000
185_34,s7.000000000000000,s1.000000000000000,s0.000000000000000
185_35,s7.700000000000000,s1.000000000000000,s0.000000000000000
185_36,s0.350000000000000,s1.800000000000000,s180.000000000000000
185_37,s1.050000000000000,s1.800000000000000,s180.000000000000000
185_38,s1.750000000000000,s1.800000000000000,s180.000000000000000
185_39,s2.450000000000000,s1.800000000000000,s180.000000000000000
185_40,s3.150000000000000,s1.800000000000000,s180.000000000000000
185_41,s3.850000000000000,s1.800000000000000,s180.000000000000000
185_42,s4.550000000000000,s1.800000000000000,s180.000000000000000
185_43,s5.250000000000000,s1.800000000000000,s180.000000000000000
185_44,s5.950000000000000,s1.800000000000000,s180.000000000000000
185_45,s6.650000000000000,s1.800000000000000,s180.000000000000000
185_46,s7.350000000000000,s1.800000000000000,s180.000000000000000
185_47,s8.050000000000001,s1.800000000000000,s180.000000000000000
185_48,s0.000000000000000,s2.000000000000000,s0.000000000000000
185_49,s0.700000000000000,s2.000000000000000,s0.000000000000000
185_50,s1.400000000000000,s2.000000000000000,s0.000000000000000
185_51,s2.100000000000000,s2.000000000000000,s0.000000000000000
185_52,s2.800000000000000,s2.000000000000000,s0.000000000000000
185_53,s3.500000000000000,s2.000000000000000,s0.000000000000000
185_54,s4.200000000000000,s2.000000000000000,s0.000000000000000
185_55,s4.900000000000000,s2.000000000000000,s0.000000000000000
185_56,s5.600000000000000,s2.000000000000000,s0.000000000000000
185_57,s6.300000000000000,s2.000000000000000,s0.000000000000000
185_58,s7.000000000000000,s2.000000000000000,s0.000000000000000
185_59,s7.700000000000000,s2.000000000000000,s0.000000000000000
185_60,s0.350000000000000,s2.800000000000000,s180.000000000000000
185_61,s1.050000000000000,s2.800000000000000,s180.000000000000000
185_62,s1.750000000000000,s2.800000000000000,s180.000000000000000
185_63,s2.450000000000000,s2.800000000000000,s180.000000000000000
185_64,s3.150000000000000,s2.800000000000000,s180.000000000000000
185_65,s3.850000000000000,s2.800000000000000,s180.000000000000000
185_66,s4.550000000000000,s2.800000000000000,s180.000000000000000
185_67,s5.250000000000000,s2.800000000000000,s180.000000000000000
185_68,s5.950000000000000,s2.800000000000000,s180.000000000000000
185_69,s6.650000000000000,s2.800000000000000,s180.000000000000000
185_70,s7.350000000000000,s2.800000000000000,s180.000000000000000
185_71,s8.050000000000001,s2.800000000000000,s180.000000000000000
185_72,s0.000000000000000,s3.000000000000000,s0.000000000000000
185_73,s0.700000000000000,s3.000000000000000,s0.000000000000000
185_74,s1.400000000000000,s3.000000000000000,s0.000000000000000
185_75,s2.100000000000000,s3.000000000000000,s0.000000000000000
185_76,s2.800000000000000,s3.000000000000000,s0.000000000000000
185_77,s3.500000000000000,s3.000000000000000,s0.000000000000000
185_78,s4.200000000000000,s3.000000000000000,s0.000000000000000
185_79,s4.900000000000000,s3.000000000000000,s0.000000000000000
185_80,s5.600000000000000,s3.000000000000000,s0.000000000000000
185_81,s6.300000000000000,s3.000000000000000,s0.000000000000000
185_82,s7.000000000000000,s3.000000000000000,s0.000000000000000
185_83,s7.700000000000000,s3.000000000000000,s0.000000000000000
185_84,s0.350000000000000,s3.800000000000000,s180.000000000000000
185_85,s1.050000000000000,s3.800000000000000,s180.000000000000000
185_86,s1.750000000000000,s3.800000000000000,s180.000000000000000
185_87,s2.450000000000000,s3.800000000000000,s180.000000000000000
185_88,s3.150000000000000,s3.800000000000000,s180.000000000000000
185_89,s3.850000000000000,s3.800000000000000,s180.000000000000000
185_90,s4.550000000000000,s3.800000000000000,s180.000000000000000
185_91,s5.250000000000000,s3.800000000000000,s180.000000000000000
185_92,s5.950000000000000,s3.800000000000000,s180.000000000000000
185_93,s6.650000000000000,s3.800000000000000,s180.000000000000000
185_94,s7.350000000000000,s3.800000000000000,s180.000000000000000
185_95,s8.050000000000001,s3.800000000000000,s180.000000000000000
185_96,s0.000000000000000,s4.000000000000000,s0.000000000000000
185_97,s0.700000000000000,s4.000000000000000,s0.000000000000000
185_98,s1.400000000000000,s4.000000000000000,s0.000000000000000
185_99,s2.100000000000000,s4.000000000000000,s0.000000000000000
185_100,s2.800000000000000,s4.000000000000000,s0.000000000000000
185_101,s3.500000000000000,s4.000000000000000,s0.000000000000000
185_102,s4.200000000000000,s4.000000000000000,s0.000000000000000
185_103,s4.900000000000000,s4.000000000000000,s0.000000000000000
185_104,s5.600000000000000,s4.000000000000000,s0.000000000000000
185_105,s6.300000000000000,s4.000000000000000,s0.000000000000000
185_106,s7.000000000000000,s4.000000000000000,s0.000000000000000
185_107,s7.700000000000000,s4.000000000000000,s0.000000000000000
185_108,s0.350000000000000,s4.800000000000000,s180.000000000000000
185_109,s1.050000000000000,s4.800000000000000,s180.000000000000000
185_110,s1.750000000000000,s4.800000000000000,s180.000000000000000
185_111,s2.450000000000000,s4.800000000000000,s180.000000000000000
185_112,s3.150000000000000,s4.800000000000000,s180.000000000000000
185_113,s3.850000000000000,s4.800000000000000,s180.000000000000000
185_114,s4.550000000000000,s4.800000000000000,s180.000000000000000
185_115,s5.250000000000000,s4.800000000000000,s180.000000000000000
185_116,s5.950000000000000,s4.800000000000000,s180.000000000000000
185_117,s6.650000000000000,s4.800000000000000,s180.000000000000000
185_118,s7.350000000000000,s4.800000000000000,s180.000000000000000
185_119,s8.050000000000001,s4.800000000000000,s180.000000000000000
185_120,s0.000000000000000,s5.000000000000000,s0.000000000000000
185_121,s0.700000000000000,s5.000000000000000,s0.000000000000000
185_122,s1.400000000000000,s5.000000000000000,s0.000000000000000
185_123,s2.100000000000000,s5.000000000000000,s0.000000000000000
185_124,s2.800000000000000,s5.000000000000000,s0.000000000000000
185_125,s3.500000000000000,s5.000000000000000,s0.000000000000000
185_126,s4.200000000000000,s5.000000000000000,s0.000000000000000
185_127,s4.900000000000000,s5.000000000000000,s0.000000000000000
185_128,s5.600000000000000,s5.000000000000000,s0.000000000000000
185_129,s6.300000000000000,s5.000000000000000,s0.000000000000000
185_130,s7.000000000000000,s5.000000000000000,s0.000000000000000
185_131,s7.700000000000000,s5.000000000000000,s0.000000000000000
185_132,s0.350000000000000,s5.800000000000000,s180.000000000000000
185_133,s1.050000000000000,s5.800000000000000,s180.000000000000000
185_134,s1.750000000000000,s5.800000000000000,s180.000000000000000
185_135,s2.450000000000000,s5.800000000000000,s180.000000000000000
185_136,s3.150000000000000,s5.800000000000000,s180.000000000000000
185_137,s3.850000000000000,s5.800000000000000,s180.000000000000000
185_138,s4.550000000000000,s5.800000000000000,s180.000000000000000
185_139,s5.250000000000000,s5.800000000000000,s180.000000000000000
185_140,s5.950000000000000,s5.800000000000000,s180.000000000000000
185_141,s6.650000000000000,s5.800000000000000,s180.000000000000000
185_142,s7.350000000000000,s5.800000000000000,s180.000000000000000
185_143,s8.050000000000001,s5.800000000000000,s180.000000000000000
185_144,s0.000000000000000,s6.000000000000000,s0.000000000000000
185_145,s0.700000000000000,s6.000000000000000,s0.000000000000000
185_146,s1.400000000000000,s6.000000000000000,s0.000000000000000
185_147,s2.100000000000000,s6.000000000000000,s0.000000000000000
185_148,s2.800000000000000,s6.000000000000000,s0.000000000000000
185_149,s3.500000000000000,s6.000000000000000,s0.000000000000000
185_150,s4.200000000000000,s6.000000000000000,s0.000000000000000
185_151,s4.900000000000000,s6.000000000000000,s0.000000000000000
185_152,s5.600000000000000,s6.000000000000000,s0.000000000000000
185_153,s6.300000000000000,s6.000000000000000,s0.000000000000000
185_154,s7.000000000000000,s6.000000000000000,s0.000000000000000
185_155,s7.700000000000000,s6.000000000000000,s0.000000000000000
185_156,s0.350000000000000,s6.800000000000000,s180.000000000000000
185_157,s1.050000000000000,s6.800000000000000,s180.000000000000000
185_158,s1.750000000000000,s6.800000000000000,s180.000000000000000
185_159,s2.450000000000000,s6.800000000000000,s180.000000000000000
185_160,s3.150000000000000,s6.800000000000000,s180.000000000000000
185_161,s3.850000000000000,s6.800000000000000,s180.000000000000000
185_162,s4.550000000000000,s6.800000000000000,s180.000000000000000
185_163,s5.250000000000000,s6.800000000000000,s180.000000000000000
185_164,s5.950000000000000,s6.800000000000000,s180.000000000000000
185_165,s6.650000000000000,s6.800000000000000,s180.000000000000000
185_166,s7.350000000000000,s6.800000000000000,s180.000000000000000
185_167,s8.050000000000001,s6.800000000000000,s180.000000000000000
185_168,s0.000000000000000,s7.000000000000000,s0.000000000000000
185_169,s0.700000000000000,s7.000000000000000,s0.000000000000000
185_170,s1.400000000000000,s7.000000000000000,s0.000000000000000
185_171,s2.100000000000000,s7.000000000000000,s0.000000000000000
185_172,s2.800000000000000,s7.000000000000000,s0.000000000000000
185_173,s3.500000000000000,s7.000000000000000,s0.000000000000000
185_174,s4.200000000000000,s7.000000000000000,s0.000000000000000
185_175,s4.900000000000000,s7.000000000000000,s0.000000000000000
185_176,s5.600000000000000,s7.000000000000000,s0.000000000000000
185_177,s6.300000000000000,s7.000000000000000,s0.000000000000000
185_178,s7.000000000000000,s7.000000000000000,s0.000000000000000
185_179,s7.700000000000000,s7.000000000000000,s0.000000000000000
185_180,s0.350000000000000,s7.800000000000000,s180.000000000000000
185_181,s1.050000000000000,s7.800000000000000,s180.000000000000000
185_182,s1.750000000000000,s7.800000000000000,s180.000000000000000
185_183,s2.450000000000000,s7.800000000000000,s180.000000000000000
185_184,s3.150000000000000,s7.800000000000000,s180.000000000000000
186_0,s0.000000000000000,s0.000000000000000,s0.000000000000000
186_1,s0.700000000000000,s0.000000000000000,s0.000000000000000
186_2,s1.400000000000000,s0.000000000000000,s0.000000000000000
186_3,s2.100000000000000,s0.000000000000000,s0.000000000000000
186_4,s2.800000000000000,s0.000000000000000,s0.000000000000000
186_5,s3.500000000000000,s0.000000000000000,s0.000000000000000
186_6,s4.200000000000000,s0.000000000000000,s0.000000000000000
186_7,s4.900000000000000,s0.000000000000000,s0.000000000000000
186_8,s5.600000000000000,s0.000000000000000,s0.000000000000000
186_9,s6.300000000000000,s0.000000000000000,s0.000000000000000
186_10,s7.000000000000000,s0.000000000000000,s0.000000000000000
186_11,s7.700000000000000,s0.000000000000000,s0.000000000000000
186_12,s0.350000000000000,s0.800000000000000,s180.000000000000000
186_13,s1.050000000000000,s0.800000000000000,s180.000000000000000
186_14,s1.750000000000000,s0.800000000000000,s180.000000000000000
186_15,s2.450000000000000,s0.800000000000000,s180.000000000000000
186_16,s3.150000000000000,s0.800000000000000,s180.000000000000000
186_17,s3.850000000000000,s0.800000000000000,s180.000000000000000
186_18,s4.550000000000000,s0.800000000000000,s180.000000000000000
186_19,s5.250000000000000,s0.800000000000000,s180.000000000000000
186_20,s5.950000000000000,s0.800000000000000,s180.000000000000000
186_21,s6.650000000000000,s0.800000000000000,s180.000000000000000
186_22,s7.350000000000000,s0.800000000000000,s180.000000000000000
186_23,s8.050000000000001,s0.800000000000000,s180.000000000000000
186_24,s0.000000000000000,s1.000000000000000,s0.000000000000000
186_25,s0.700000000000000,s1.000000000000000,s0.000000000000000
186_26,s1.400000000000000,s1.000000000000000,s0.000000000000000
186_27,s2.100000000000000,s1.000000000000000,s0.000000000000000
186_28,s2.800000000000000,s1.000000000000000,s0.000000000000000
186_29,s3.500000000000000,s1.000000000000000,s0.000000000000000
186_30,s4.200000000000000,s1.000000000000000,s0.000000000000000
186_31,s4.900000000000000,s1.000000000000000,s0.000000000000000
186_32,s5.600000000000000,s1.000000000000000,s0.000000000000000
186_33,s6.300000000000000,s1.000000000000000,s0.000000000000000
186_34,s7.000000000000000,s1.000000000000000,s0.000000000000000
186_35,s7.700000000000000,s1.000000000000000,s0.000000000000000
186_36,s0.350000000000000,s1.800000000000000,s180.000000000000000
186_37,s1.050000000000000,s1.800000000000000,s180.000000000000000
186_38,s1.750000000000000,s1.800000000000000,s180.000000000000000
186_39,s2.450000000000000,s1.800000000000000,s180.000000000000000
186_40,s3.150000000000000,s1.800000000000000,s180.000000000000000
186_41,s3.850000000000000,s1.800000000000000,s180.000000000000000
186_42,s4.550000000000000,s1.800000000000000,s180.000000000000000
186_43,s5.250000000000000,s1.800000000000000,s180.000000000000000
186_44,s5.950000000000000,s1.800000000000000,s180.000000000000000
186_45,s6.650000000000000,s1.800000000000000,s180.000000000000000
186_46,s7.350000000000000,s1.800000000000000,s180.000000000000000
186_47,s8.050000000000001,s1.800000000000000,s180.000000000000000
186_48,s0.000000000000000,s2.000000000000000,s0.000000000000000
186_49,s0.700000000000000,s2.000000000000000,s0.000000000000000
186_50,s1.400000000000000,s2.000000000000000,s0.000000000000000
186_51,s2.100000000000000,s2.000000000000000,s0.000000000000000
186_52,s2.800000000000000,s2.000000000000000,s0.000000000000000
186_53,s3.500000000000000,s2.000000000000000,s0.000000000000000
186_54,s4.200000000000000,s2.000000000000000,s0.000000000000000
186_55,s4.900000000000000,s2.000000000000000,s0.000000000000000
186_56,s5.600000000000000,s2.000000000000000,s0.000000000000000
186_57,s6.300000000000000,s2.000000000000000,s0.000000000000000
186_58,s7.000000000000000,s2.000000000000000,s0.000000000000000
186_59,s7.700000000000000,s2.000000000000000,s0.000000000000000
186_60,s0.350000000000000,s2.800000000000000,s180.000000000000000
186_61,s1.050000000000000,s2.800000000000000,s180.000000000000000
186_62,s1.750000000000000,s2.800000000000000,s180.000000000000000
186_63,s2.450000000000000,s2.800000000000000,s180.000000000000000
186_64,s3.150000000000000,s2.800000000000000,s180.000000000000000
186_65,s3.850000000000000,s2.800000000000000,s180.000000000000000
186_66,s4.550000000000000,s2.800000000000000,s180.000000000000000
186_67,s5.250000000000000,s2.800000000000000,s180.000000000000000
186_68,s5.950000000000000,s2.800000000000000,s180.000000000000000
186_69,s6.650000000000000,s2.800000000000000,s180.000000000000000
186_70,s7.350000000000000,s2.800000000000000,s180.000000000000000
186_71,s8.050000000000001,s2.800000000000000,s180.000000000000000
186_72,s0.000000000000000,s3.000000000000000,s0.000000000000000
186_73,s0.700000000000000,s3.000000000000000,s0.000000000000000
186_74,s1.400000000000000,s3.000000000000000,s0.000000000000000
186_75,s2.100000000000000,s3.000000000000000,s0.000000000000000
186_76,s2.800000000000000,s3.000000000000000,s0.000000000000000
186_77,s3.500000000000000,s3.000000000000000,s0.000000000000000
186_78,s4.200000000000000,s3.000000000000000,s0.000000000000000
186_79,s4.900000000000000,s3.000000000000000,s0.000000000000000
186_80,s5.600000000000000,s3.000000000000000,s0.000000000000000
186_81,s6.300000000000000,s3.000000000000000,s0.000000000000000
186_82,s7.000000000000000,s3.000000000000000,s0.000000000000000
186_83,s7.700000000000000,s3.000000000000000,s0.000000000000000
186_84,s0.350000000000000,s3.800000000000000,s180.000000000000000
186_85,s1.050000000000000,s3.800000000000000,s180.000000000000000
186_86,s1.750000000000000,s3.800000000000000,s180.000000000000000
186_87,s2.450000000000000,s3.800000000000000,s180.000000000000000
186_88,s3.150000000000000,s3.800000000000000,s180.000000000000000
186_89,s3.850000000000000,s3.800000000000000,s180.000000000000000
186_90,s4.550000000000000,s3.800000000000000,s180.000000000000000
186_91,s5.250000000000000,s3.800000000000000,s180.000000000000000
186_92,s5.950000000000000,s3.800000000000000,s180.000000000000000
186_93,s6.650000000000000,s3.800000000000000,s180.000000000000000
186_94,s7.350000000000000,s3.800000000000000,s180.000000000000000
186_95,s8.050000000000001,s3.800000000000000,s180.000000000000000
186_96,s0.000000000000000,s4.000000000000000,s0.000000000000000
186_97,s0.700000000000000,s4.000000000000000,s0.000000000000000
186_98,s1.400000000000000,s4.000000000000000,s0.000000000000000
186_99,s2.100000000000000,s4.000000000000000,s0.000000000000000
186_100,s2.800000000000000,s4.000000000000000,s0.000000000000000
186_101,s3.500000000000000,s4.000000000000000,s0.000000000000000
186_102,s4.200000000000000,s4.000000000000000,s0.000000000000000
186_103,s4.900000000000000,s4.000000000000000,s0.000000000000000
186_104,s5.600000000000000,s4.000000000000000,s0.000000000000000
186_105,s6.300000000000000,s4.000000000000000,s0.000000000000000
186_106,s7.000000000000000,s4.000000000000000,s0.000000000000000
186_107,s7.700000000000000,s4.000000000000000,s0.000000000000000
186_108,s0.350000000000000,s4.800000000000000,s180.000000000000000
186_109,s1.050000000000000,s4.800000000000000,s180.000000000000000
186_110,s1.750000000000000,s4.800000000000000,s180.000000000000000
186_111,s2.450000000000000,s4.800000000000000,s180.000000000000000
186_112,s3.150000000000000,s4.800000000000000,s180.000000000000000
186_113,s3.850000000000000,s4.800000000000000,s180.000000000000000
186_114,s4.550000000000000,s4.800000000000000,s180.000000000000000
186_115,s5.250000000000000,s4.800000000000000,s180.000000000000000
186_116,s5.950000000000000,s4.800000000000000,s180.000000000000000
186_117,s6.650000000000000,s4.800000000000000,s180.000000000000000
186_118,s7.350000000000000,s4.800000000000000,s180.000000000000000
186_119,s8.050000000000001,s4.800000000000000,s180.000000000000000
186_120,s0.000000000000000,s5.000000000000000,s0.000000000000000
186_121,s0.700000000000000,s5.000000000000000,s0.000000000000000
186_122,s1.400000000000000,s5.000000000000000,s0.000000000000000
186_123,s2.100000000000000,s5.000000000000000,s0.000000000000000
186_124,s2.800000000000000,s5.000000000000000,s0.000000000000000
186_125,s3.500000000000000,s5.000000000000000,s0.000000000000000
186_126,s4.200000000000000,s5.000000000000000,s0.000000000000000
186_127,s4.900000000000000,s5.000000000000000,s0.000000000000000
186_128,s5.600000000000000,s5.000000000000000,s0.000000000000000
186_129,s6.300000000000000,s5.000000000000000,s0.000000000000000
186_130,s7.000000000000000,s5.000000000000000,s0.000000000000000
186_131,s7.700000000000000,s5.000000000000000,s0.000000000000000
186_132,s0.350000000000000,s5.800000000000000,s180.000000000000000
186_133,s1.050000000000000,s5.800000000000000,s180.000000000000000
186_134,s1.750000000000000,s5.800000000000000,s180.000000000000000
186_135,s2.450000000000000,s5.800000000000000,s180.000000000000000
186_136,s3.150000000000000,s5.800000000000000,s180.000000000000000
186_137,s3.850000000000000,s5.800000000000000,s180.000000000000000
186_138,s4.550000000000000,s5.800000000000000,s180.000000000000000
186_139,s5.250000000000000,s5.800000000000000,s180.000000000000000
186_140,s5.950000000000000,s5.800000000000000,s180.000000000000000
186_141,s6.650000000000000,s5.800000000000000,s180.000000000000000
186_142,s7.350000000000000,s5.800000000000000,s180.000000000000000
186_143,s8.050000000000001,s5.800000000000000,s180.000000000000000
186_144,s0.000000000000000,s6.000000000000000,s0.000000000000000
186_145,s0.700000000000000,s6.000000000000000,s0.000000000000000
186_146,s1.400000000000000,s6.000000000000000,s0.000000000000000
186_147,s2.100000000000000,s6.000000000000000,s0.000000000000000
186_148,s2.800000000000000,s6.000000000000000,s0.000000000000000
186_149,s3.500000000000000,s6.000000000000000,s0.000000000000000
186_150,s4.200000000000000,s6.000000000000000,s0.000000000000000
186_151,s4.900000000000000,s6.000000000000000,s0.000000000000000
186_152,s5.600000000000000,s6.000000000000000,s0.000000000000000
186_153,s6.300000000000000,s6.000000000000000,s0.000000000000000
186_154,s7.000000000000000,s6.000000000000000,s0.000000000000000
186_155,s7.700000000000000,s6.000000000000000,s0.000000000000000
186_156,s0.350000000000000,s6.800000000000000,s180.000000000000000
186_157,s1.050000000000000,s6.800000000000000,s180.000000000000000
186_158,s1.750000000000000,s6.800000000000000,s180.000000000000000
186_159,s2.450000000000000,s6.800000000000000,s180.000000000000000
186_160,s3.150000000000000,s6.800000000000000,s180.000000000000000
186_161,s3.850000000000000,s6.800000000000000,s180.000000000000000
186_162,s4.550000000000000,s6.800000000000000,s180.000000000000000
186_163,s5.250000000000000,s6.800000000000000,s180.000000000000000
186_164,s5.950000000000000,s6.800000000000000,s180.000000000000000
186_165,s6.650000000000000,s6.800000000000000,s180.000000000000000
186_166,s7.350000000000000,s6.800000000000000,s180.000000000000000
186_167,s8.050000000000001,s6.800000000000000,s180.000000000000000
186_168,s0.000000000000000,s7.000000000000000,s0.000000000000000
186_169,s0.700000000000000,s7.000000000000000,s0.000000000000000
186_170,s1.400000000000000,s7.000000000000000,s0.000000000000000
186_171,s2.100000000000000,s7.000000000000000,s0.000000000000000
186_172,s2.800000000000000,s7.000000000000000,s0.000000000000000
186_173,s3.500000000000000,s7.000000000000000,s0.000000000000000
186_174,s4.200000000000000,s7.000000000000000,s0.000000000000000
186_175,s4.900000000000000,s7.000000000000000,s0.000000000000000
186_176,s5.600000000000000,s7.000000000000000,s0.000000000000000
186_177,s6.300000000000000,s7.000000000000000,s0.000000000000000
186_178,s7.000000000000000,s7.000000000000000,s0.000000000000000
186_179,s7.700000000000000,s7.000000000000000,s0.000000000000000
186_180,s0.350000000000000,s7.800000000000000,s180.000000000000000
186_181,s1.050000000000000,s7.800000000000000,s180.000000000000000
186_182,s1.750000000000000,s7.800000000000000,s180.000000000000000
186_183,s2.450000000000000,s7.800000000000000,s180.000000000000000
186_184,s3.150000000000000,s7.800000000000000,s180.000000000000000
186_185,s3.850000000000000,s7.800000000000000,s180.000000000000000
187_0,s0.082409560935049,s0.146659213439268,s-3.292160472058676
187_1,s0.544851249318451,s-0.157842228738259,s-6.280521093885550
187_2,s1.100493917685416,s0.034105171033341,s2.831810912166960
187_3,s2.468316006870125,s-0.015816392396712,s-0.090909366003401
187_4,s2.737849846834192,s0.116526393051934,s-6.820910715676309
187_5,s3.823305406718493,s-0.028543747985227,s-9.416127117347916
187_6,s4.096601225589843,s-0.098937269860087,s-6.330168166035396
187_7,s5.027527757627503,s-0.283334930166082,s-2.743433207013207
187_8,s5.441667631464448,s0.093169833688641,s6.127505743635420
187_9,s6.562677107841328,s-0.015857280725015,s5.776084705079241
187_10,s7.111271985613731,s0.106266983475049,s2.404817120004037
187_11,s7.813120740212986,s-0.053972035050007,s3.189947361839080
187_12,s0.339019073233014,s0.870136257472278,s163.902757178038371
187_13,s0.745298174097690,s0.632624133371066,s191.299371840583888
187_14,s1.916815395571468,s1.008632447744062,s183.410395207741544
187_15,s2.362260992732789,s0.494738534789130,s186.006577133485820
187_16,s3.657074851525826,s1.233678149221654,s179.512142157433885
187_17,s4.129210786216061,s1.169470896271046,s183.096570179597990
187_18,s4.986024818026575,s0.724813461809478,s185.554283515163348
187_19,s5.035878086062914,s0.576967630390820,s181.579731337487971
187_20,s5.941017727288607,s0.555749838345069,s178.954804681940658
187_21,s6.589012466213888,s0.818384559035690,s183.789368800552467
187_22,s7.088348146305226,s0.907209539643449,s180.691550051505374
187_23,s7.906865183959944,s0.374470664892973,s181.679881122245604
187_24,s0.147567806812580,s0.781684167646836,s1.251090560604231
187_25,s0.953009502383182,s0.949563222362602,s0.106575378933863
187_26,s1.223850417956135,s0.619845976458095,s-2.338483182381943
187_27,s1.871105846527651,s0.983707647831218,s2.741768227222724
187_28,s2.917715613825713,s0.992491709091667,s-0.789197125595892
187_29,s3.403410896798216,s0.848755107397169,s-8.167009195482034
187_30,s4.469444197189571,s0.723962193890706,s-3.273648223238889
187_31,s5.083133263437407,s0.838652058586053,s-8.242339305889121
187_32,s5.321633879931710,s0.831315542133567,s-1.571790431725445
187_33,s6.058525321548824,s0.556935557285180,s4.131046760432906
187_34,s6.952645581371411,s0.919174035191962,s3.463788939948436
187_35,s7.750274140511672,s0.797677766203221,s7.685959013996778
187_36,s0.407449075612616,s1.860472997941518,s179.793750589060522
187_37,s1.246044103749389,s1.677731745547118,s178.156870108340911
187_38,s1.416571936065623,s1.917646040877346,s174.126952658614726
187_39,s2.072802228993860,s1.611171362937798,s178.228012519547548
187_40,s3.007243134819812,s1.726757543212755,s183.100607768404075
187_41,s3.601553883418368,s2.146303632103439,s170.880247846585604
187_42,s4.243688377560734,s1.807116440444765,s175.341068868237045
187_43,s4.994015056027135,s2.066168399991383,s172.016547488895327
187_44,s5.671503332711296,s2.022495067832447,s183.671565221761483
187_45,s6.521883378176699,s1.898187939066954,s181.837719203329584
187_46,s7.154014147922062,s1.600594407446803,s179.587248550487914
187_47,s7.600499432183421,s1.764260997066491,s179.238617019260801
187_48,s0.255604098822396,s1.896577551953277,s-1.798659808995836
187_49,s0.815531306126157,s2.092024851504925,s-7.699315062615960
187_50,s1.174551842430516,s1.652862412243156,s-6.972324237044818
187_51,s2.204053264542992,s1.656643466783887,s2.460741153174136
187_52,s2.803967715364377,s2.102603608766318,s7.498148650458022
187_53,s3.654904565839991,s2.033914361287694,s3.973720531506518
187_54,s4.340694303138892,s2.436046125177375,s-0.527273450073444
187_55,s4.768458367806810,s2.022137865810234,s-4.266583352483190
187_56,s5.701551513983784,s2.195365344430275,s8.055824931833319
187_57,s6.266624335731596,s1.868851102223951,s-3.006959247786099
187_58,s6.979106952925688,s1.843784048754098,s-8.209472594861058
187_59,s7.606144148925273,s2.050886704929860,s3.599878319357936
187_60,s0.161543300452127,s2.951875931855314,s179.732773573745618
187_61,s1.095448647734284,s3.185604251564166,s174.930373835384728
187_62,s2.185793610979565,s2.647455530063243,s183.917781540169727
187_63,s2.636709847011641,s2.849602572729937,s181.280084187107434
187_64,s3.254643665351078,s2.738062512591078,s189.910405841890650
187_65,s3.854012118464166,s2.500210832637559,s172.787827583325964
187_66,s4.730957420086724,s2.527965358543913,s170.732892039267966
187_67,s5.468247924993978,s2.526959553194285,s179.053665428641722
187_68,s5.945626624294579,s2.771635378670350,s177.540261322836841
187_69,s6.345749484662079,s2.738020744733902,s182.054770190554393
187_70,s7.538705010700461,s2.819163185441019,s185.850720188636046
187_71,s7.796913845134690,s2.802260962907784,s184.408733950136877
187_72,s0.066766573585543,s3.336932086793237,s16.658694009002293
187_73,s0.692447555978157,s3.319357463247524,s-4.392251666549725
187_74,s1.250756980486236,s3.187000421921492,s-3.352212397046457
187_75,s2.320607835133944,s2.826320441143990,s-11.072148971120150
187_76,s3.047230166600976,s3.228486324705277,s0.503555612297755
187_77,s3.796030140469798,s3.065904544038306,s1.448966147575551
187_78,s4.402259396828393,s3.160006188049626,s1.807549655357346
187_79,s5.014410193757356,s2.679954042149753,s-5.853820827312186
187_80,s5.844466760081753,s3.094381301953882,s-1.321190986312478
187_81,s6.260216046106049,s2.868383984930234,s-1.814467713683628
187_82,s7.116607128995370,s3.323785338489773,s-1.524790762938092
187_83,s7.629050082660670,s2.912820292005242,s4.607942421455110
187_84,s0.591843325540518,s3.815602208043146,s182.662621278860598
187_85,s1.136957281740101,s3.945787110296587,s174.341387130784398
187_86,s1.891308576002646,s3.465855068153300,s181.099362064800914
187_87,s2.419683880116118,s3.783857551611972,s182.357015362073952
187_88,s3.423455110630941,s3.581475202352105,s172.511152838262916
187_89,s3.864824677900292,s3.941163554963529,s180.997199116770901
187_90,s4.889520426987674,s3.563315429744799,s170.620617939384942
187_91,s5.406885455668015,s3.541505800456727,s177.812645724458548
187_92,s6.269182001533260,s3.820495770930195,s174.118463051016079
187_93,s6.741576319803402,s3.720370451038065,s174.096330644798286
187_94,s7.145732717190600,s3.965597290276286,s184.867952039984942
187_95,s7.752845506033928,s3.475137274074661,s183.609499754347098
187_96,s0.053312155515213,s3.717803526896277,s2.631529410691980
187_97,s0.859072814731566,s3.873631077521710,s-7.860806338011505
187_98,s1.613294353404691,s3.996465103581128,s5.984778607417647
187_99,s1.968875318597928,s4.069159311227829,s1.918479188290656
187_100,s3.105041717923068,s3.792846950141286,s-11.641055391495815
187_101,s3.479593236972065,s3.931475752979169,s-7.304877528941254
187_102,s4.358100255375848,s3.779416220275160,s-1.821229303414678
187_103,s5.209249506358646,s4.165031334717966,s1.461445871648443
187_104,s5.556189943261311,s4.083161708915569,s4.859468443057785
187_105,s6.150148952678298,s4.099265914108915,s-1.252512506023061
187_106,s6.878483642169482,s4.144233543581961,s-2.057412750562792
187_107,s7.746717033405276,s4.005878396561404,s-1.276405613200492
187_108,s0.316347385736440,s4.959964062128476,s183.163432393969543
187_109,s1.221300283398963,s5.183790999084428,s178.165947240349681
187_110,s1.776333673986865,s4.648278429220910,s189.461836416754750
187_111,s2.213832098597449,s4.607777683176081,s178.513838436116174
187_112,s3.078742227516628,s4.720147238780167,s181.044304572988977
187_113,s3.464529797175602,s4.701369229712658,s183.776642875914547
187_114,s4.404596971861968,s4.601494540056594,s190.234864541637279
187_115,s4.907062967076881,s4.607892161776760,s185.057920812695102
187_116,s5.981761921500492,s4.462887028927443,s173.697300560491499
187_117,s6.945105505006429,s4.859495624445632,s177.731074424837573
187_118,s7.300823196070046,s4.634560459486726,s177.997811259992375
187_119,s7.976710538043879,s4.771269559914253,s170.667123664993085
187_120,s0.361300744948899,s4.833680086312439,s-2.957681923414818
187_121,s0.501161738914693,s4.646265727809260,s-2.978030329972280
187_122,s1.534785135662117,s4.815698705976070,s3.413064093039458
187_123,s2.299689111865082,s5.354289287406004,s3.795967987565815
187_124,s2.387862734893315,s5.001712118512862,s2.659778343084258
187_125,s3.389700557288047,s5.018383299663020,s-0.735453292768496
187_126,s4.489547563649808,s5.165838454148957,s0.980889216416636
187_127,s4.983102723681169,s5.047330898621053,s7.431118686907889
187_128,s5.524831729885026,s4.816307106304559,s-6.621135942069454
187_129,s5.924364576255805,s4.971598380505634,s9.764897146755931
187_130,s7.011677901115684,s5.282265320518166,s-1.110790026087295
187_131,s7.437027633848758,s4.850917271049807,s-7.051812066567964
187_132,s0.570734339606097,s6.255848625388596,s186.724208213008609
187_133,s0.947503682778981,s5.641254125527077,s188.081518989170632
187_134,s1.736668340247789,s5.590676247662788,s178.866953357119598
187_135,s2.859207246231569,s5.898203772849517,s170.855080570708111
187_136,s3.079601163249841,s5.881690871850711,s177.976248672474782
187_137,s3.848441263344324,s5.772194983743174,s176.089637196613040
187_138,s4.347955451166611,s5.924521908153862,s176.708450951005318
187_139,s5.160264653979011,s5.958409343086640,s188.299119937814595
187_140,s6.028566276830458,s5.628364121472490,s171.828943842985495
187_141,s6.599544669604029,s5.595870490488264,s183.141550463728720
187_142,s7.378169258424840,s5.694508507271449,s187.031169591273624
187_143,s7.892112926074621,s5.777366618211463,s184.086655210631193
187_144,s0.229881472358863,s5.973900425625943,s10.470816454317374
187_145,s0.556954175387256,s6.109753026693887,s-1.380444145289593
187_146,s1.702162854119186,s5.843282464766060,s8.516895577597341
187_147,s2.306011201028551,s6.124902263910121,s0.909933713386199
187_148,s2.794871500301549,s5.957731794427023,s-8.280830587302120
187_149,s3.658798629246365,s5.857631725012180,s-0.736851543307419
187_150,s4.399657668205887,s5.932705204569722,s5.368646936491830
187_151,s4.570356274005656,s6.201746423677528,s-1.678302610014780
187_152,s5.858840699994063,s6.160303618219074,s-1.963654425466388
187_153,s6.428018135627361,s5.593142725240511,s8.769867457783917
187_154,s7.038046187966780,s5.942312443854248,s3.001061988456307
187_155,s7.311451988928326,s6.165715433479303,s-3.115582501962962
187_156,s0.313329785733010,s6.893822349503743,s187.235847113302071
187_157,s1.104340614728427,s6.553860465373525,s186.228402243398193
187_158,s1.428015801511373,s6.393631520393424,s181.193065607985602
187_159,s2.545578521296200,s6.711493763157369,s174.161849277776525
187_160,s3.216772654349236,s6.888874505366705,s177.517347160674717
187_161,s3.648258608770487,s6.976305987756896,s183.382901188358119
187_162,s4.746063773776190,s6.695128821609186,s185.687102963886105
187_163,s5.265446853055901,s6.789983294538635,s173.169869726970262
187_164,s5.916223742058162,s6.746222829730708,s183.146327237814120
187_165,s6.429814931089403,s6.600248943637197,s176.967538198225640
187_166,s7.449586724569020,s6.701126405268399,s181.586206370662410
187_167,s7.977101529794108,s6.650281355847714,s199.187547218855627
187_168,s0.096063943016195,s7.087873442381819,s13.905141592900982
187_169,s0.742110645175103,s6.718870831587465,s1.161835849723259
187_170,s1.534173909110796,s6.889745251427694,s3.308858423576098
187_171,s2.595052695991376,s7.022210967180636,s-0.126966105158166
187_172,s3.202146748493379,s6.984483800532447,s4.267944920566729
187_173,s3.321982776611151,s6.809758384289225,s3.723018013184926
187_174,s4.312389733914889,s6.997133803587459,s4.800372296987561
187_175,s5.093170482799723,s7.014266484436606,s-6.454401679984453
187_176,s5.989531555933286,s6.942185345215584,s3.273446808751414
187_177,s6.088177832273932,s7.052438039350457,s0.748907827063096
187_178,s6.721115181804588,s7.279506536000313,s-14.640503877885228
187_179,s7.611687647755002,s6.988983596465306,s-2.558290256486958
187_180,s0.689334369189759,s7.874427128850998,s176.062459221061175
187_181,s0.890125947529886,s7.884533349717036,s179.441190721834175
187_182,s1.750884472294530,s7.885786783449598,s181.803606872766949
187_183,s2.408514207141990,s7.864510052680969,s179.579029729695890
187_184,s3.308843779269855,s7.906318365795584,s179.353946501173311
187_185,s4.046074782418982,s7.523993372121135,s174.999490477380078
187_186,s4.681935416328023,s7.906583545255129,s177.737265177542525
188_0,s0.000000000000000,s0.000000000000000,s0.000000000000000
188_1,s0.700000000000000,s0.000000000000000,s0.000000000000000
188_2,s1.400000000000000,s0.000000000000000,s0.000000000000000
188_3,s2.100000000000000,s0.000000000000000,s0.000000000000000
188_4,s2.800000000000000,s0.000000000000000,s0.000000000000000
188_5,s3.500000000000000,s0.000000000000000,s0.000000000000000
188_6,s4.200000000000000,s0.000000000000000,s0.000000000000000
188_7,s4.900000000000000,s0.000000000000000,s0.000000000000000
188_8,s5.600000000000000,s0.000000000000000,s0.000000000000000
188_9,s6.300000000000000,s0.000000000000000,s0.000000000000000
188_10,s7.000000000000000,s0.000000000000000,s0.000000000000000
188_11,s7.700000000000000,s0.000000000000000,s0.000000000000000
188_12,s0.350000000000000,s0.800000000000000,s180.000000000000000
188_13,s1.050000000000000,s0.800000000000000,s180.000000000000000
188_14,s1.750000000000000,s0.800000000000000,s180.000000000000000
188_15,s2.450000000000000,s0.800000000000000,s180.000000000000000
188_16,s3.150000000000000,s0.800000000000000,s180.000000000000000
188_17,s3.850000000000000,s0.800000000000000,s180.000000000000000
188_18,s4.550000000000000,s0.800000000000000,s180.000000000000000
188_19,s5.250000000000000,s0.800000000000000,s180.000000000000000
188_20,s5.950000000000000,s0.800000000000000,s180.000000000000000
188_21,s6.650000000000000,s0.800000000000000,s180.000000000000000
188_22,s7.350000000000000,s0.800000000000000,s180.000000000000000
188_23,s8.050000000000001,s0.800000000000000,s180.000000000000000
188_24,s0.000000000000000,s1.000000000000000,s0.000000000000000
188_25,s0.700000000000000,s1.000000000000000,s0.000000000000000
188_26,s1.400000000000000,s1.000000000000000,s0.000000000000000
188_27,s2.100000000000000,s1.000000000000000,s0.000000000000000
188_28,s2.800000000000000,s1.000000000000000,s0.000000000000000
188_29,s3.500000000000000,s1.000000000000000,s0.000000000000000
188_30,s4.200000000000000,s1.000000000000000,s0.000000000000000
188_31,s4.900000000000000,s1.000000000000000,s0.000000000000000
188_32,s5.600000000000000,s1.000000000000000,s0.000000000000000
188_33,s6.300000000000000,s1.000000000000000,s0.000000000000000
188_34,s7.000000000000000,s1.000000000000000,s0.000000000000000
188_35,s7.700000000000000,s1.000000000000000,s0.000000000000000
188_36,s0.350000000000000,s1.800000000000000,s180.000000000000000
188_37,s1.050000000000000,s1.800000000000000,s180.000000000000000
188_38,s1.750000000000000,s1.800000000000000,s180.000000000000000
188_39,s2.450000000000000,s1.800000000000000,s180.000000000000000
188_40,s3.150000000000000,s1.800000000000000,s180.000000000000000
188_41,s3.850000000000000,s1.800000000000000,s180.000000000000000
188_42,s4.550000000000000,s1.800000000000000,s180.000000000000000
188_43,s5.250000000000000,s1.800000000000000,s180.000000000000000
188_44,s5.950000000000000,s1.800000000000000,s180.000000000000000
188_45,s6.650000000000000,s1.800000000000000,s180.000000000000000
188_46,s7.350000000000000,s1.800000000000000,s180.000000000000000
188_47,s8.050000000000001,s1.800000000000000,s180.000000000000000
188_48,s0.000000000000000,s2.000000000000000,s0.000000000000000
188_49,s0.700000000000000,s2.000000000000000,s0.000000000000000
188_50,s1.400000000000000,s2.000000000000000,s0.000000000000000
188_51,s2.100000000000000,s2.000000000000000,s0.000000000000000
188_52,s2.800000000000000,s2.000000000000000,s0.000000000000000
188_53,s3.500000000000000,s2.000000000000000,s0.000000000000000
188_54,s4.200000000000000,s2.000000000000000,s0.000000000000000
188_55,s4.900000000000000,s2.000000000000000,s0.000000000000000
188_56,s5.600000000000000,s2.000000000000000,s0.000000000000000
188_57,s6.300000000000000,s2.000000000000000,s0.000000000000000
188_58,s7.000000000000000,s2.000000000000000,s0.000000000000000
188_59,s7.700000000000000,s2.000000000000000,s0.000000000000000
188_60,s0.350000000000000,s2.800000000000000,s180.000000000000000
188_61,s1.050000000000000,s2.800000000000000,s180.000000000000000
188_62,s1.750000000000000,s2.800000000000000,s180.000000000000000
188_63,s2.450000000000000,s2.800000000000000,s180.000000000000000
188_64,s3.150000000000000,s2.800000000000000,s180.000000000000000
188_65,s3.850000000000000,s2.800000000000000,s180.000000000000000
188_66,s4.550000000000000,s2.800000000000000,s180.000000000000000
188_67,s5.250000000000000,s2.800000000000000,s180.000000000000000
188_68,s5.950000000000000,s2.800000000000000,s180.000000000000000
188_69,s6.650000000000000,s2.800000000000000,s180.000000000000000
188_70,s7.350000000000000,s2.800000000000000,s180.000000000000000
188_71,s8.050000000000001,s2.800000000000000,s180.000000000000000
188_72,s0.000000000000000,s3.000000000000000,s0.000000000000000
188_73,s0.700000000000000,s3.000000000000000,s0.000000000000000
188_74,s1.400000000000000,s3.000000000000000,s0.000000000000000
188_75,s2.100000000000000,s3.000000000000000,s0.000000000000000
188_76,s2.800000000000000,s3.000000000000000,s0.000000000000000
188_77,s3.500000000000000,s3.000000000000000,s0.000000000000000
188_78,s4.200000000000000,s3.000000000000000,s0.000000000000000
188_79,s4.900000000000000,s3.000000000000000,s0.000000000000000
188_80,s5.600000000000000,s3.000000000000000,s0.000000000000000
188_81,s6.300000000000000,s3.000000000000000,s0.000000000000000
188_82,s7.000000000000000,s3.000000000000000,s0.000000000000000
188_83,s7.700000000000000,s3.000000000000000,s0.000000000000000
188_84,s0.350000000000000,s3.800000000000000,s180.000000000000000
188_85,s1.050000000000000,s3.800000000000000,s180.000000000000000
188_86,s1.750000000000000,s3.800000000000000,s180.000000000000000
188_87,s2.450000000000000,s3.800000000000000,s180.000000000000000
188_88,s3.150000000000000,s3.800000000000000,s180.000000000000000
188_89,s3.850000000000000,s3.800000000000000,s180.000000000000000
188_90,s4.550000000000000,s3.800000000000000,s180.000000000000000
188_91,s5.250000000000000,s3.800000000000000,s180.000000000000000
188_92,s5.950000000000000,s3.800000000000000,s180.000000000000000
188_93,s6.650000000000000,s3.800000000000000,s180.000000000000000
188_94,s7.350000000000000,s3.800000000000000,s180.000000000000000
188_95,s8.050000000000001,s3.800000000000000,s180.000000000000000
188_96,s0.000000000000000,s4.000000000000000,s0.000000000000000
188_97,s0.700000000000000,s4.000000000000000,s0.000000000000000
188_98,s1.400000000000000,s4.000000000000000,s0.000000000000000
188_99,s2.100000000000000,s4.000000000000000,s0.000000000000000
188_100,s2.800000000000000,s4.000000000000000,s0.000000000000000
188_101,s3.500000000000000,s4.000000000000000,s0.000000000000000
188_102,s4.200000000000000,s4.000000000000000,s0.000000000000000
188_103,s4.900000000000000,s4.000000000000000,s0.000000000000000
188_104,s5.600000000000000,s4.000000000000000,s0.000000000000000
188_105,s6.300000000000000,s4.000000000000000,s0.000000000000000
188_106,s7.000000000000000,s4.000000000000000,s0.000000000000000
188_107,s7.700000000000000,s4.000000000000000,s0.000000000000000
188_108,s0.350000000000000,s4.800000000000000,s180.000000000000000
188_109,s1.050000000000000,s4.800000000000000,s180.000000000000000
188_110,s1.750000000000000,s4.800000000000000,s180.000000000000000
188_111,s2.450000000000000,s4.800000000000000,s180.000000000000000
188_112,s3.150000000000000,s4.800000000000000,s180.000000000000000
188_113,s3.850000000000000,s4.800000000000000,s180.000000000000000
188_114,s4.550000000000000,s4.800000000000000,s180.000000000000000
188_115,s5.250000000000000,s4.800000000000000,s180.000000000000000
188_116,s5.950000000000000,s4.800000000000000,s180.000000000000000
188_117,s6.650000000000000,s4.800000000000000,s180.000000000000000
188_118,s7.350000000000000,s4.800000000000000,s180.000000000000000
188_119,s8.050000000000001,s4.800000000000000,s180.000000000000000
188_120,s0.000000000000000,s5.000000000000000,s0.000000000000000
188_121,s0.700000000000000,s5.000000000000000,s0.000000000000000
188_122,s1.400000000000000,s5.000000000000000,s0.000000000000000
188_123,s2.100000000000000,s5.000000000000000,s0.000000000000000
188_124,s2.800000000000000,s5.000000000000000,s0.000000000000000
188_125,s3.500000000000000,s5.000000000000000,s0.000000000000000
188_126,s4.200000000000000,s5.000000000000000,s0.000000000000000
188_127,s4.900000000000000,s5.000000000000000,s0.000000000000000
188_128,s5.600000000000000,s5.000000000000000,s0.000000000000000
188_129,s6.300000000000000,s5.000000000000000,s0.000000000000000
188_130,s7.000000000000000,s5.000000000000000,s0.000000000000000
188_131,s7.700000000000000,s5.000000000000000,s0.000000000000000
188_132,s0.350000000000000,s5.800000000000000,s180.000000000000000
188_133,s1.050000000000000,s5.800000000000000,s180.000000000000000
188_134,s1.750000000000000,s5.800000000000000,s180.000000000000000
188_135,s2.450000000000000,s5.800000000000000,s180.000000000000000
188_136,s3.150000000000000,s5.800000000000000,s180.000000000000000
188_137,s3.850000000000000,s5.800000000000000,s180.000000000000000
188_138,s4.550000000000000,s5.800000000000000,s180.000000000000000
188_139,s5.250000000000000,s5.800000000000000,s180.000000000000000
188_140,s5.950000000000000,s5.800000000000000,s180.000000000000000
188_141,s6.650000000000000,s5.800000000000000,s180.000000000000000
188_142,s7.350000000000000,s5.800000000000000,s180.000000000000000
188_143,s8.050000000000001,s5.800000000000000,s180.000000000000000
188_144,s0.000000000000000,s6.000000000000000,s0.000000000000000
188_145,s0.700000000000000,s6.000000000000000,s0.000000000000000
188_146,s1.400000000000000,s6.000000000000000,s0.000000000000000
188_147,s2.100000000000000,s6.000000000000000,s0.000000000000000
188_148,s2.800000000000000,s6.000000000000000,s0.000000000000000
188_149,s3.500000000000000,s6.000000000000000,s0.000000000000000
188_150,s4.200000000000000,s6.000000000000000,s0.000000000000000
188_151,s4.900000000000000,s6.000000000000000,s0.000000000000000
188_152,s5.600000000000000,s6.000000000000000,s0.000000000000000
188_153,s6.300000000000000,s6.000000000000000,s0.000000000000000
188_154,s7.000000000000000,s6.000000000000000,s0.000000000000000
188_155,s7.700000000000000,s6.000000000000000,s0.000000000000000
188_156,s0.350000000000000,s6.800000000000000,s180.000000000000000
188_157,s1.050000000000000,s6.800000000000000,s180.000000000000000
188_158,s1.750000000000000,s6.800000000000000,s180.000000000000000
188_159,s2.450000000000000,s6.800000000000000,s180.000000000000000
188_160,s3.150000000000000,s6.800000000000000,s180.000000000000000
188_161,s3.850000000000000,s6.800000000000000,s180.000000000000000
188_162,s4.550000000000000,s6.800000000000000,s180.000000000000000
188_163,s5.250000000000000,s6.800000000000000,s180.000000000000000
188_164,s5.950000000000000,s6.800000000000000,s180.000000000000000
188_165,s6.650000000000000,s6.800000000000000,s180.000000000000000
188_166,s7.350000000000000,s6.800000000000000,s180.000000000000000
188_167,s8.050000000000001,s6.800000000000000,s180.000000000000000
188_168,s0.000000000000000,s7.000000000000000,s0.000000000000000
188_169,s0.700000000000000,s7.000000000000000,s0.000000000000000
188_170,s1.400000000000000,s7.000000000000000,s0.000000000000000
188_171,s2.100000000000000,s7.000000000000000,s0.000000000000000
188_172,s2.800000000000000,s7.000000000000000,s0.000000000000000
188_173,s3.500000000000000,s7.000000000000000,s0.000000000000000
188_174,s4.200000000000000,s7.000000000000000,s0.000000000000000
188_175,s4.900000000000000,s7.000000000000000,s0.000000000000000
188_176,s5.600000000000000,s7.000000000000000,s0.000000000000000
188_177,s6.300000000000000,s7.000000000000000,s0.000000000000000
188_178,s7.000000000000000,s7.000000000000000,s0.000000000000000
188_179,s7.700000000000000,s7.000000000000000,s0.000000000000000
188_180,s0.350000000000000,s7.800000000000000,s180.000000000000000
188_181,s1.050000000000000,s7.800000000000000,s180.000000000000000
188_182,s1.750000000000000,s7.800000000000000,s180.000000000000000
188_183,s2.450000000000000,s7.800000000000000,s180.000000000000000
188_184,s3.150000000000000,s7.800000000000000,s180.000000000000000
188_185,s3.850000000000000,s7.800000000000000,s180.000000000000000
188_186,s4.550000000000000,s7.800000000000000,s180.000000000000000
188_187,s5.250000000000000,s7.800000000000000,s180.000000000000000
189_0,s0.000000000000000,s0.000000000000000,s0.000000000000000
189_1,s0.700000000000000,s0.000000000000000,s0.000000000000000
189_2,s1.400000000000000,s0.000000000000000,s0.000000000000000
189_3,s2.100000000000000,s0.000000000000000,s0.000000000000000
189_4,s2.800000000000000,s0.000000000000000,s0.000000000000000
189_5,s3.500000000000000,s0.000000000000000,s0.000000000000000
189_6,s4.200000000000000,s0.000000000000000,s0.000000000000000
189_7,s4.900000000000000,s0.000000000000000,s0.000000000000000
189_8,s5.600000000000000,s0.000000000000000,s0.000000000000000
189_9,s6.300000000000000,s0.000000000000000,s0.000000000000000
189_10,s7.000000000000000,s0.000000000000000,s0.000000000000000
189_11,s7.700000000000000,s0.000000000000000,s0.000000000000000
189_12,s0.350000000000000,s0.800000000000000,s180.000000000000000
189_13,s1.050000000000000,s0.800000000000000,s180.000000000000000
189_14,s1.750000000000000,s0.800000000000000,s180.000000000000000
189_15,s2.450000000000000,s0.800000000000000,s180.000000000000000
189_16,s3.150000000000000,s0.800000000000000,s180.000000000000000
189_17,s3.850000000000000,s0.800000000000000,s180.000000000000000
189_18,s4.550000000000000,s0.800000000000000,s180.000000000000000
189_19,s5.250000000000000,s0.800000000000000,s180.000000000000000
189_20,s5.950000000000000,s0.800000000000000,s180.000000000000000
189_21,s6.650000000000000,s0.800000000000000,s180.000000000000000
189_22,s7.350000000000000,s0.800000000000000,s180.000000000000000
189_23,s8.050000000000001,s0.800000000000000,s180.000000000000000
189_24,s0.000000000000000,s1.000000000000000,s0.000000000000000
189_25,s0.700000000000000,s1.000000000000000,s0.000000000000000
189_26,s1.400000000000000,s1.000000000000000,s0.000000000000000
189_27,s2.100000000000000,s1.000000000000000,s0.000000000000000
189_28,s2.800000000000000,s1.000000000000000,s0.000000000000000
189_29,s3.500000000000000,s1.000000000000000,s0.000000000000000
189_30,s4.200000000000000,s1.000000000000000,s0.000000000000000
189_31,s4.900000000000000,s1.000000000000000,s0.000000000000000
189_32,s5.600000000000000,s1.000000000000000,s0.000000000000000
189_33,s6.300000000000000,s1.000000000000000,s0.000000000000000
189_34,s7.000000000000000,s1.000000000000000,s0.000000000000000
189_35,s7.700000000000000,s1.000000000000000,s0.000000000000000
189_36,s0.350000000000000,s1.800000000000000,s180.000000000000000
189_37,s1.050000000000000,s1.800000000000000,s180.000000000000000
189_38,s1.750000000000000,s1.800000000000000,s180.000000000000000
189_39,s2.450000000000000,s1.800000000000000,s180.000000000000000
189_40,s3.150000000000000,s1.800000000000000,s180.000000000000000
189_41,s3.850000000000000,s1.800000000000000,s180.000000000000000
189_42,s4.550000000000000,s1.800000000000000,s180.000000000000000
189_43,s5.250000000000000,s1.800000000000000,s180.000000000000000
189_44,s5.950000000000000,s1.800000000000000,s180.000000000000000
189_45,s6.650000000000000,s1.800000000000000,s180.000000000000000
189_46,s7.350000000000000,s1.800000000000000,s180.000000000000000
189_47,s8.050000000000001,s1.800000000000000,s180.000000000000000
189_48,s0.000000000000000,s2.000000000000000,s0.000000000000000
189_49,s0.700000000000000,s2.000000000000000,s0.000000000000000
189_50,s1.400000000000000,s2.000000000000000,s0.000000000000000
189_51,s2.100000000000000,s2.000000000000000,s0.000000000000000
189_52,s2.800000000000000,s2.000000000000000,s0.000000000000000
189_53,s3.500000000000000,s2.000000000000000,s0.000000000000000
189_54,s4.200000000000000,s2.000000000000000,s0.000000000000000
189_55,s4.900000000000000,s2.000000000000000,s0.000000000000000
189_56,s5.600000000000000,s2.000000000000000,s0.000000000000000
189_57,s6.300000000000000,s2.000000000000000,s0.000000000000000
189_58,s7.000000000000000,s2.000000000000000,s0.000000000000000
189_59,s7.700000000000000,s2.000000000000000,s0.000000000000000
189_60,s0.350000000000000,s2.800000000000000,s180.000000000000000
189_61,s1.050000000000000,s2.800000000000000,s180.000000000000000
189_62,s1.750000000000000,s2.800000000000000,s180.000000000000000
189_63,s2.450000000000000,s2.800000000000000,s180.000000000000000
189_64,s3.150000000000000,s2.800000000000000,s180.000000000000000
189_65,s3.850000000000000,s2.800000000000000,s180.000000000000000
189_66,s4.550000000000000,s2.800000000000000,s180.000000000000000
189_67,s5.250000000000000,s2.800000000000000,s180.000000000000000
189_68,s5.950000000000000,s2.800000000000000,s180.000000000000000
189_69,s6.650000000000000,s2.800000000000000,s180.000000000000000
189_70,s7.350000000000000,s2.800000000000000,s180.000000000000000
189_71,s8.050000000000001,s2.800000000000000,s180.000000000000000
189_72,s0.000000000000000,s3.000000000000000,s0.000000000000000
189_73,s0.700000000000000,s3.000000000000000,s0.000000000000000
189_74,s1.400000000000000,s3.000000000000000,s0.000000000000000
189_75,s2.100000000000000,s3.000000000000000,s0.000000000000000
189_76,s2.800000000000000,s3.000000000000000,s0.000000000000000
189_77,s3.500000000000000,s3.000000000000000,s0.000000000000000
189_78,s4.200000000000000,s3.000000000000000,s0.000000000000000
189_79,s4.900000000000000,s3.000000000000000,s0.000000000000000
189_80,s5.600000000000000,s3.000000000000000,s0.000000000000000
189_81,s6.300000000000000,s3.000000000000000,s0.000000000000000
189_82,s7.000000000000000,s3.000000000000000,s0.000000000000000
189_83,s7.700000000000000,s3.000000000000000,s0.000000000000000
189_84,s0.350000000000000,s3.800000000000000,s180.000000000000000
189_85,s1.050000000000000,s3.800000000000000,s180.000000000000000
189_86,s1.750000000000000,s3.800000000000000,s180.000000000000000
189_87,s2.450000000000000,s3.800000000000000,s180.000000000000000
189_88,s3.150000000000000,s3.800000000000000,s180.000000000000000
189_89,s3.850000000000000,s3.800000000000000,s180.000000000000000
189_90,s4.550000000000000,s3.800000000000000,s180.000000000000000
189_91,s5.250000000000000,s3.800000000000000,s180.000000000000000
189_92,s5.950000000000000,s3.800000000000000,s180.000000000000000
189_93,s6.650000000000000,s3.800000000000000,s180.000000000000000
189_94,s7.350000000000000,s3.800000000000000,s180.000000000000000
189_95,s8.050000000000001,s3.800000000000000,s180.000000000000000
189_96,s0.000000000000000,s4.000000000000000,s0.000000000000000
189_97,s0.700000000000000,s4.000000000000000,s0.000000000000000
189_98,s1.400000000000000,s4.000000000000000,s0.000000000000000
189_99,s2.100000000000000,s4.000000000000000,s0.000000000000000
189_100,s2.800000000000000,s4.000000000000000,s0.000000000000000
189_101,s3.500000000000000,s4.000000000000000,s0.000000000000000
189_102,s4.200000000000000,s4.000000000000000,s0.000000000000000
189_103,s4.900000000000000,s4.000000000000000,s0.000000000000000
189_104,s5.600000000000000,s4.000000000000000,s0.000000000000000
189_105,s6.300000000000000,s4.000000000000000,s0.000000000000000
189_106,s7.000000000000000,s4.000000000000000,s0.000000000000000
189_107,s7.700000000000000,s4.000000000000000,s0.000000000000000
189_108,s0.350000000000000,s4.800000000000000,s180.000000000000000
189_109,s1.050000000000000,s4.800000000000000,s180.000000000000000
189_110,s1.750000000000000,s4.800000000000000,s180.000000000000000
189_111,s2.450000000000000,s4.800000000000000,s180.000000000000000
189_112,s3.150000000000000,s4.800000000000000,s180.000000000000000
189_113,s3.850000000000000,s4.800000000000000,s180.000000000000000
189_114,s4.550000000000000,s4.800000000000000,s180.000000000000000
189_115,s5.250000000000000,s4.800000000000000,s180.000000000000000
189_116,s5.950000000000000,s4.800000000000000,s180.000000000000000
189_117,s6.650000000000000,s4.800000000000000,s180.000000000000000
189_118,s7.350000000000000,s4.800000000000000,s180.000000000000000
189_119,s8.050000000000001,s4.800000000000000,s180.000000000000000
189_120,s0.000000000000000,s5.000000000000000,s0.000000000000000
189_121,s0.700000000000000,s5.000000000000000,s0.000000000000000
189_122,s1.400000000000000,s5.000000000000000,s0.000000000000000
189_123,s2.100000000000000,s5.000000000000000,s0.000000000000000
189_124,s2.800000000000000,s5.000000000000000,s0.000000000000000
189_125,s3.500000000000000,s5.000000000000000,s0.000000000000000
189_126,s4.200000000000000,s5.000000000000000,s0.000000000000000
189_127,s4.900000000000000,s5.000000000000000,s0.000000000000000
189_128,s5.600000000000000,s5.000000000000000,s0.000000000000000
189_129,s6.300000000000000,s5.000000000000000,s0.000000000000000
189_130,s7.000000000000000,s5.000000000000000,s0.000000000000000
189_131,s7.700000000000000,s5.000000000000000,s0.000000000000000
189_132,s0.350000000000000,s5.800000000000000,s180.000000000000000
189_133,s1.050000000000000,s5.800000000000000,s180.000000000000000
189_134,s1.750000000000000,s5.800000000000000,s180.000000000000000
189_135,s2.450000000000000,s5.800000000000000,s180.000000000000000
189_136,s3.150000000000000,s5.800000000000000,s180.000000000000000
189_137,s3.850000000000000,s5.800000000000000,s180.000000000000000
189_138,s4.550000000000000,s5.800000000000000,s180.000000000000000
189_139,s5.250000000000000,s5.800000000000000,s180.000000000000000
189_140,s5.950000000000000,s5.800000000000000,s180.000000000000000
189_141,s6.650000000000000,s5.800000000000000,s180.000000000000000
189_142,s7.350000000000000,s5.800000000000000,s180.000000000000000
189_143,s8.050000000000001,s5.800000000000000,s180.000000000000000
189_144,s0.000000000000000,s6.000000000000000,s0.000000000000000
189_145,s0.700000000000000,s6.000000000000000,s0.000000000000000
189_146,s1.400000000000000,s6.000000000000000,s0.000000000000000
189_147,s2.100000000000000,s6.000000000000000,s0.000000000000000
189_148,s2.800000000000000,s6.000000000000000,s0.000000000000000
189_149,s3.500000000000000,s6.000000000000000,s0.000000000000000
189_150,s4.200000000000000,s6.000000000000000,s0.000000000000000
189_151,s4.900000000000000,s6.000000000000000,s0.000000000000000
189_152,s5.600000000000000,s6.000000000000000,s0.000000000000000
189_153,s6.300000000000000,s6.000000000000000,s0.000000000000000
189_154,s7.000000000000000,s6.000000000000000,s0.000000000000000
189_155,s7.700000000000000,s6.000000000000000,s0.000000000000000
189_156,s0.350000000000000,s6.800000000000000,s180.000000000000000
189_157,s1.050000000000000,s6.800000000000000,s180.000000000000000
189_158,s1.750000000000000,s6.800000000000000,s180.000000000000000
189_159,s2.450000000000000,s6.800000000000000,s180.000000000000000
189_160,s3.150000000000000,s6.800000000000000,s180.000000000000000
189_161,s3.850000000000000,s6.800000000000000,s180.000000000000000
189_162,s4.550000000000000,s6.800000000000000,s180.000000000000000
189_163,s5.250000000000000,s6.800000000000000,s180.000000000000000
189_164,s5.950000000000000,s6.800000000000000,s180.000000000000000
189_165,s6.650000000000000,s6.800000000000000,s180.000000000000000
189_166,s7.350000000000000,s6.800000000000000,s180.000000000000000
189_167,s8.050000000000001,s6.800000000000000,s180.000000000000000
189_168,s0.000000000000000,s7.000000000000000,s0.000000000000000
189_169,s0.700000000000000,s7.000000000000000,s0.000000000000000
189_170,s1.400000000000000,s7.000000000000000,s0.000000000000000
189_171,s2.100000000000000,s7.000000000000000,s0.000000000000000
189_172,s2.800000000000000,s7.000000000000000,s0.000000000000000
189_173,s3.500000000000000,s7.000000000000000,s0.000000000000000
189_174,s4.200000000000000,s7.000000000000000,s0.000000000000000
189_175,s4.900000000000000,s7.000000000000000,s0.000000000000000
189_176,s5.600000000000000,s7.000000000000000,s0.000000000000000
189_177,s6.300000000000000,s7.000000000000000,s0.000000000000000
189_178,s7.000000000000000,s7.000000000000000,s0.000000000000000
189_179,s7.700000000000000,s7.000000000000000,s0.000000000000000
189_180,s0.350000000000000,s7.800000000000000,s180.000000000000000
189_181,s1.050000000000000,s7.800000000000000,s180.000000000000000
189_182,s1.750000000000000,s7.800000000000000,s180.000000000000000
189_183,s2.450000000000000,s7.800000000000000,s180.000000000000000
189_184,s3.150000000000000,s7.800000000000000,s180.000000000000000
189_185,s3.850000000000000,s7.800000000000000,s180.000000000000000
189_186,s4.550000000000000,s7.800000000000000,s180.000000000000000
189_187,s5.250000000000000,s7.800000000000000,s180.000000000000000
189_188,s5.950000000000000,s7.800000000000000,s180.000000000000000
190_0,s0.000000000000000,s0.000000000000000,s0.000000000000000
190_1,s0.700000000000000,s0.000000000000000,s0.000000000000000
190_2,s1.400000000000000,s0.000000000000000,s0.000000000000000
190_3,s2.100000000000000,s0.000000000000000,s0.000000000000000
190_4,s2.800000000000000,s0.000000000000000,s0.000000000000000
190_5,s3.500000000000000,s0.000000000000000,s0.000000000000000
190_6,s4.200000000000000,s0.000000000000000,s0.000000000000000
190_7,s4.900000000000000,s0.000000000000000,s0.000000000000000
190_8,s5.600000000000000,s0.000000000000000,s0.000000000000000
190_9,s6.300000000000000,s0.000000000000000,s0.000000000000000
190_10,s7.000000000000000,s0.000000000000000,s0.000000000000000
190_11,s7.700000000000000,s0.000000000000000,s0.000000000000000
190_12,s0.350000000000000,s0.800000000000000,s180.000000000000000
190_13,s1.050000000000000,s0.800000000000000,s180.000000000000000
190_14,s1.750000000000000,s0.800000000000000,s180.000000000000000
190_15,s2.450000000000000,s0.800000000000000,s180.000000000000000
190_16,s3.150000000000000,s0.800000000000000,s180.000000000000000
190_17,s3.850000000000000,s0.800000000000000,s180.000000000000000
190_18,s4.550000000000000,s0.800000000000000,s180.000000000000000
190_19,s5.250000000000000,s0.800000000000000,s180.000000000000000
190_20,s5.950000000000000,s0.800000000000000,s180.000000000000000
190_21,s6.650000000000000,s0.800000000000000,s180.000000000000000
190_22,s7.350000000000000,s0.800000000000000,s180.000000000000000
190_23,s8.050000000000001,s0.800000000000000,s180.000000000000000
190_24,s0.000000000000000,s1.000000000000000,s0.000000000000000
190_25,s0.700000000000000,s1.000000000000000,s0.000000000000000
190_26,s1.400000000000000,s1.000000000000000,s0.000000000000000
190_27,s2.100000000000000,s1.000000000000000,s0.000000000000000
190_28,s2.800000000000000,s1.000000000000000,s0.000000000000000
190_29,s3.500000000000000,s1.000000000000000,s0.000000000000000
190_30,s4.200000000000000,s1.000000000000000,s0.000000000000000
190_31,s4.900000000000000,s1.000000000000000,s0.000000000000000
190_32,s5.600000000000000,s1.000000000000000,s0.000000000000000
190_33,s6.300000000000000,s1.000000000000000,s0.000000000000000
190_34,s7.000000000000000,s1.000000000000000,s0.000000000000000
190_35,s7.700000000000000,s1.000000000000000,s0.000000000000000
190_36,s0.350000000000000,s1.800000000000000,s180.000000000000000
190_37,s1.050000000000000,s1.800000000000000,s180.000000000000000
190_38,s1.750000000000000,s1.800000000000000,s180.000000000000000
190_39,s2.450000000000000,s1.800000000000000,s180.000000000000000
190_40,s3.150000000000000,s1.800000000000000,s180.000000000000000
190_41,s3.850000000000000,s1.800000000000000,s180.000000000000000
190_42,s4.550000000000000,s1.800000000000000,s180.000000000000000
190_43,s5.250000000000000,s1.800000000000000,s180.000000000000000
190_44,s5.950000000000000,s1.800000000000000,s180.000000000000000
190_45,s6.650000000000000,s1.800000000000000,s180.000000000000000
190_46,s7.350000000000000,s1.800000000000000,s180.000000000000000
190_47,s8.050000000000001,s1.800000000000000,s180.000000000000000
190_48,s0.000000000000000,s2.000000000000000,s0.000000000000000
190_49,s0.700000000000000,s2.000000000000000,s0.000000000000000
190_50,s1.400000000000000,s2.000000000000000,s0.000000000000000
190_51,s2.100000000000000,s2.000000000000000,s0.000000000000000
190_52,s2.800000000000000,s2.000000000000000,s0.000000000000000
190_53,s3.500000000000000,s2.000000000000000,s0.000000000000000
190_54,s4.200000000000000,s2.000000000000000,s0.000000000000000
190_55,s4.900000000000000,s2.000000000000000,s0.000000000000000
190_56,s5.600000000000000,s2.000000000000000,s0.000000000000000
190_57,s6.300000000000000,s2.000000000000000,s0.000000000000000
190_58,s7.000000000000000,s2.000000000000000,s0.000000000000000
190_59,s7.700000000000000,s2.000000000000000,s0.000000000000000
190_60,s0.350000000000000,s2.800000000000000,s180.000000000000000
190_61,s1.050000000000000,s2.800000000000000,s180.000000000000000
190_62,s1.750000000000000,s2.800000000000000,s180.000000000000000
190_63,s2.450000000000000,s2.800000000000000,s180.000000000000000
190_64,s3.150000000000000,s2.800000000000000,s180.000000000000000
190_65,s3.850000000000000,s2.800000000000000,s180.000000000000000
190_66,s4.550000000000000,s2.800000000000000,s180.000000000000000
190_67,s5.250000000000000,s2.800000000000000,s180.000000000000000
190_68,s5.950000000000000,s2.800000000000000,s180.000000000000000
190_69,s6.650000000000000,s2.800000000000000,s180.000000000000000
190_70,s7.350000000000000,s2.800000000000000,s180.000000000000000
190_71,s8.050000000000001,s2.800000000000000,s180.000000000000000
190_72,s0.000000000000000,s3.000000000000000,s0.000000000000000
190_73,s0.700000000000000,s3.000000000000000,s0.000000000000000
190_74,s1.400000000000000,s3.000000000000000,s0.000000000000000
190_75,s2.100000000000000,s3.000000000000000,s0.000000000000000
190_76,s2.800000000000000,s3.000000000000000,s0.000000000000000
190_77,s3.500000000000000,s3.000000000000000,s0.000000000000000
190_78,s4.200000000000000,s3.000000000000000,s0.000000000000000
190_79,s4.900000000000000,s3.000000000000000,s0.000000000000000
190_80,s5.600000000000000,s3.000000000000000,s0.000000000000000
190_81,s6.300000000000000,s3.000000000000000,s0.000000000000000
190_82,s7.000000000000000,s3.000000000000000,s0.000000000000000
190_83,s7.700000000000000,s3.000000000000000,s0.000000000000000
190_84,s0.350000000000000,s3.800000000000000,s180.000000000000000
190_85,s1.050000000000000,s3.800000000000000,s180.000000000000000
190_86,s1.750000000000000,s3.800000000000000,s180.000000000000000
190_87,s2.450000000000000,s3.800000000000000,s180.000000000000000
190_88,s3.150000000000000,s3.800000000000000,s180.000000000000000
190_89,s3.850000000000000,s3.800000000000000,s180.000000000000000
190_90,s4.550000000000000,s3.800000000000000,s180.000000000000000
190_91,s5.250000000000000,s3.800000000000000,s180.000000000000000
190_92,s5.950000000000000,s3.800000000000000,s180.000000000000000
190_93,s6.650000000000000,s3.800000000000000,s180.000000000000000
190_94,s7.350000000000000,s3.800000000000000,s180.000000000000000
190_95,s8.050000000000001,s3.800000000000000,s180.000000000000000
190_96,s0.000000000000000,s4.000000000000000,s0.000000000000000
190_97,s0.700000000000000,s4.000000000000000,s0.000000000000000
190_98,s1.400000000000000,s4.000000000000000,s0.000000000000000
190_99,s2.100000000000000,s4.000000000000000,s0.000000000000000
190_100,s2.800000000000000,s4.000000000000000,s0.000000000000000
190_101,s3.500000000000000,s4.000000000000000,s0.000000000000000
190_102,s4.200000000000000,s4.000000000000000,s0.000000000000000
190_103,s4.900000000000000,s4.000000000000000,s0.000000000000000
190_104,s5.600000000000000,s4.000000000000000,s0.000000000000000
190_105,s6.300000000000000,s4.000000000000000,s0.000000000000000
190_106,s7.000000000000000,s4.000000000000000,s0.000000000000000
190_107,s7.700000000000000,s4.000000000000000,s0.000000000000000
190_108,s0.350000000000000,s4.800000000000000,s180.000000000000000
190_109,s1.050000000000000,s4.800000000000000,s180.000000000000000
190_110,s1.750000000000000,s4.800000000000000,s180.000000000000000
190_111,s2.450000000000000,s4.800000000000000,s180.000000000000000
190_112,s3.150000000000000,s4.800000000000000,s180.000000000000000
190_113,s3.850000000000000,s4.800000000000000,s180.000000000000000
190_114,s4.550000000000000,s4.800000000000000,s180.000000000000000
190_115,s5.250000000000000,s4.800000000000000,s180.000000000000000
190_116,s5.950000000000000,s4.800000000000000,s180.000000000000000
190_117,s6.650000000000000,s4.800000000000000,s180.000000000000000
190_118,s7.350000000000000,s4.800000000000000,s180.000000000000000
190_119,s8.050000000000001,s4.800000000000000,s180.000000000000000
190_120,s0.000000000000000,s5.000000000000000,s0.000000000000000
190_121,s0.700000000000000,s5.000000000000000,s0.000000000000000
190_122,s1.400000000000000,s5.000000000000000,s0.000000000000000
190_123,s2.100000000000000,s5.000000000000000,s0.000000000000000
190_124,s2.800000000000000,s5.000000000000000,s0.000000000000000
190_125,s3.500000000000000,s5.000000000000000,s0.000000000000000
190_126,s4.200000000000000,s5.000000000000000,s0.000000000000000
190_127,s4.900000000000000,s5.000000000000000,s0.000000000000000
190_128,s5.600000000000000,s5.000000000000000,s0.000000000000000
190_129,s6.300000000000000,s5.000000000000000,s0.000000000000000
190_130,s7.000000000000000,s5.000000000000000,s0.000000000000000
190_131,s7.700000000000000,s5.000000000000000,s0.000000000000000
190_132,s0.350000000000000,s5.800000000000000,s180.000000000000000
190_133,s1.050000000000000,s5.800000000000000,s180.000000000000000
190_134,s1.750000000000000,s5.800000000000000,s180.000000000000000
190_135,s2.450000000000000,s5.800000000000000,s180.000000000000000
190_136,s3.150000000000000,s5.800000000000000,s180.000000000000000
190_137,s3.850000000000000,s5.800000000000000,s180.000000000000000
190_138,s4.550000000000000,s5.800000000000000,s180.000000000000000
190_139,s5.250000000000000,s5.800000000000000,s180.000000000000000
190_140,s5.950000000000000,s5.800000000000000,s180.000000000000000
190_141,s6.650000000000000,s5.800000000000000,s180.000000000000000
190_142,s7.350000000000000,s5.800000000000000,s180.000000000000000
190_143,s8.050000000000001,s5.800000000000000,s180.000000000000000
190_144,s0.000000000000000,s6.000000000000000,s0.000000000000000
190_145,s0.700000000000000,s6.000000000000000,s0.000000000000000
190_146,s1.400000000000000,s6.000000000000000,s0.000000000000000
190_147,s2.100000000000000,s6.000000000000000,s0.000000000000000
190_148,s2.800000000000000,s6.000000000000000,s0.000000000000000
190_149,s3.500000000000000,s6.000000000000000,s0.000000000000000
190_150,s4.200000000000000,s6.000000000000000,s0.000000000000000
190_151,s4.900000000000000,s6.000000000000000,s0.000000000000000
190_152,s5.600000000000000,s6.000000000000000,s0.000000000000000
190_153,s6.300000000000000,s6.000000000000000,s0.000000000000000
190_154,s7.000000000000000,s6.000000000000000,s0.000000000000000
190_155,s7.700000000000000,s6.000000000000000,s0.000000000000000
190_156,s0.350000000000000,s6.800000000000000,s180.000000000000000
190_157,s1.050000000000000,s6.800000000000000,s180.000000000000000
190_158,s1.750000000000000,s6.800000000000000,s180.000000000000000
190_159,s2.450000000000000,s6.800000000000000,s180.000000000000000
190_160,s3.150000000000000,s6.800000000000000,s180.000000000000000
190_161,s3.850000000000000,s6.800000000000000,s180.000000000000000
190_162,s4.550000000000000,s6.800000000000000,s180.000000000000000
190_163,s5.250000000000000,s6.800000000000000,s180.000000000000000
190_164,s5.950000000000000,s6.800000000000000,s180.000000000000000
190_165,s6.650000000000000,s6.800000000000000,s180.000000000000000
190_166,s7.350000000000000,s6.800000000000000,s180.000000000000000
190_167,s8.050000000000001,s6.800000000000000,s180.000000000000000
190_168,s0.000000000000000,s7.000000000000000,s0.000000000000000
190_169,s0.700000000000000,s7.000000000000000,s0.000000000000000
190_170,s1.400000000000000,s7.000000000000000,s0.000000000000000
190_171,s2.100000000000000,s7.000000000000000,s0.000000000000000
190_172,s2.800000000000000,s7.000000000000000,s0.000000000000000
190_173,s3.500000000000000,s7.000000000000000,s0.000000000000000
190_174,s4.200000000000000,s7.000000000000000,s0.000000000000000
190_175,s4.900000000000000,s7.000000000000000,s0.000000000000000
190_176,s5.600000000000000,s7.000000000000000,s0.000000000000000
190_177,s6.300000000000000,s7.000000000000000,s0.000000000000000
190_178,s7.000000000000000,s7.000000000000000,s0.000000000000000
190_179,s7.700000000000000,s7.000000000000000,s0.000000000000000
190_180,s0.350000000000000,s7.800000000000000,s180.000000000000000
190_181,s1.050000000000000,s7.800000000000000,s180.000000000000000
190_182,s1.750000000000000,s7.800000000000000,s180.000000000000000
190_183,s2.450000000000000,s7.800000000000000,s180.000000000000000
190_184,s3.150000000000000,s7.800000000000000,s180.000000000000000
190_185,s3.850000000000000,s7.800000000000000,s180.000000000000000
190_186,s4.550000000000000,s7.800000000000000,s180.000000000000000
190_187,s5.250000000000000,s7.800000000000000,s180.000000000000000
190_188,s5.950000000000000,s7.800000000000000,s180.000000000000000
190_189,s6.650000000000000,s7.800000000000000,s180.000000000000000
191_0,s0.378862645892294,s-0.050022580864726,s8.895791342025120
191_1,s0.664721367394689,s0.255670285595091,s4.134916091865899
191_2,s1.720191214705570,s0.349149595669662,s6.011763536994955
191_3,s1.982724876182392,s-0.066201969727714,s6.426126340115575
191_4,s2.870580625072503,s0.014514593585999,s-2.395658262269475
191_5,s3.332231476782344,s0.195734110979732,s-2.427967268866820
191_6,s3.856404103261566,s0.123419611185675,s0.630214441748835
191_7,s4.998361862896340,s0.045013206090771,s-3.950446898390139
191_8,s5.643064853997422,s-0.095676335573155,s6.119885179060250
191_9,s6.297364462873587,s-0.073940696302991,s-1.625461683190890
191_10,s6.842380204572631,s0.078140551519420,s-0.413434549131686
191_11,s7.568250550732057,s0.039328813912707,s11.930150504314350
191_12,s0.545434260350513,s0.802283180551596,s177.818487665390336
191_13,s1.238574896070916,s0.890314279334784,s182.800718931339873
191_14,s1.894224071604122,s1.142528941976835,s172.939964172527198
191_15,s2.668923531997285,s1.129991600053797,s168.088067887314025
191_16,s3.371861743717584,s0.802135212856455,s174.696815187784154
191_17,s4.143595226594378,s0.822950850938276,s178.479410303681476
191_18,s4.458169660263741,s1.003893584853458,s184.896526484978267
191_19,s5.443370388492135,s0.748268406530766,s181.801997006295608
191_20,s5.884833853703148,s0.878936682737332,s160.355706830270520
191_21,s6.450153363195362,s0.739743216628160,s171.294481990965579
191_22,s7.478426306039476,s0.944132678749178,s171.631267871644042
191_23,s7.869540771044726,s0.604593328532327,s205.790653012712966
191_24,s0.498356778823780,s1.088957351345383,s7.113569843630469
191_25,s0.376532541278624,s1.224065714385769,s-0.857984553447962
191_26,s1.658453499336820,s0.931037062271297,s9.975314137973124
191_27,s2.401752840349086,s0.831968808182022,s-0.441896636021294
191_28,s2.921411238568502,s0.970461144959770,s-6.597010089971777
191_29,s3.734231507745224,s0.821312026721669,s0.832798870757855
191_30,s4.084597297280979,s0.819399172825149,s5.322213451992319
191_31,s5.081193564290485,s0.850667805455998,s-3.194840489452582
191_32,s5.469872798701753,s0.705598141316512,s6.887577048713005
191_33,s6.627624258158742,s1.395211798008407,s-2.214803737903124
191_34,s7.247217711839243,s1.444689319250957,s-0.237471359016081
191_35,s7.793794070336738,s1.061070155578098,s-6.058790334053531
191_36,s0.251826437081257,s2.050225006200012,s178.500769646035877
191_37,s1.019450122274525,s1.539805281065294,s179.296784519158365
191_38,s1.352202070544171,s1.554652844006774,s184.381316393770874
191_39,s2.387725516273385,s2.091701345606364,s178.011421933619488
191_40,s3.177496383751465,s1.831893767995080,s189.413758727074850
191_41,s4.006063468735749,s1.724966731056008,s184.381758535912780
191_42,s4.326785917210715,s1.685586776045735,s187.496184858805520
191_43,s5.423570301877137,s1.948562050518871,s187.686837135450759
191_44,s5.841141327170821,s1.793727485469354,s185.310272480556591
191_45,s6.863376413378808,s1.748737277316659,s168.833092873041494
191_46,s7.071446895427500,s2.016458394156657,s181.543458505940038
191_47,s7.764173785432570,s1.746124365356262,s172.898787723535150
191_48,s0.044519105971765,s1.907078196475343,s0.858666673421413
191_49,s0.973434343756228,s2.007764705226533,s-2.621068549305262
191_50,s1.574685407120781,s2.169055938508941,s1.956263123344609
191_51,s2.168239489475805,s2.027586214495509,s-7.282118578823297
191_52,s2.863966969581313,s1.725074765180698,s2.129675734955678
191_53,s3.883861063849580,s2.137450383493346,s4.570876422362184
191_54,s4.202267104925768,s2.139938824019824,s-3.741931441772574
191_55,s4.861089884440554,s1.996139512756773,s1.301487596929390
191_56,s5.427102591818773,s1.963666348979291,s-3.557367868226884
191_57,s6.444582634512816,s2.077346764386125,s-5.959762785751698
191_58,s6.560349195007415,s1.943944877674948,s0.779167614059874
191_59,s7.720464503018349,s2.302061748095549,s7.589955115768833
191_60,s0.605165293508025,s2.645666546554856,s167.885119597807147
191_61,s1.000265109677452,s2.867456558849913,s188.873909771274640
191_62,s1.883913251027916,s2.810259105975163,s182.385351257398639
191_63,s2.742868263632058,s2.613262332036226,s176.300770736508923
191_64,s3.101284164826505,s3.059951146127733,s175.813050398621925
191_65,s3.951867406452679,s2.672992654794937,s180.303875686434196
191_66,s4.298733486273415,s2.658471329516939,s180.363230259148281
191_67,s4.940250890602495,s2.719507151668945,s179.671099197404061
191_68,s5.797181896293012,s2.718043755038223,s186.440544712421172
191_69,s6.671687094926264,s2.931461309700317,s181.617557156656545
191_70,s7.216611165069138,s3.007455435687306,s184.987264529493189
191_71,s7.807260056617720,s2.863001223432661,s172.843958201524828
191_72,s0.079819173363177,s2.967303935008396,s-6.647828806456482
191_73,s0.711503723867015,s3.024288956333234,s-2.866423098405124
191_74,s1.602529074133600,s2.506958910293651,s-5.058963095168853
191_75,s2.304028727955862,s3.283713968273861,s-3.921129692022332
191_76,s2.585226515226539,s2.854157503361834,s10.477274572790087
191_77,s3.068612187145968,s3.288069453301904,s0.516731540383363
191_78,s4.054264613179418,s3.228543896311523,s-1.500609944320509
191_79,s4.830438692990465,s2.919374490769457,s-2.954150177303620
191_80,s5.459407056280836,s3.046850750546048,s2.117811298663223
191_81,s6.253437649251561,s2.887918441086279,s7.398316311293155
191_82,s6.811084410562843,s2.797484558102064,s4.678115963140693
191_83,s7.862818526601107,s2.983085790439415,s-6.760131232927931
191_84,s0.003606317514828,s4.107906100058597,s182.748088941409151
191_85,s0.965761450259691,s3.795137767415537,s172.554663751850541
191_86,s1.657555370401026,s4.045259964036369,s178.087144855955444
191_87,s2.645932494538349,s4.119998835449453,s176.783911562079027
191_88,s3.233755253841158,s4.004320896715805,s174.465158644878073
191_89,s4.049949728860601,s3.395789216965701,s180.281984228692465
191_90,s4.097863372836842,s3.763538147267830,s182.642540452395878
191_91,s5.380790480293701,s3.725875143925353,s186.197421059361631
191_92,s6.009367787124392,s3.977445262106178,s173.312635398098791
191_93,s6.578065863542887,s4.037297455018900,s186.332975087324769
191_94,s7.130676690607312,s3.512259637475499,s175.860992710778618
191_95,s7.869645206691294,s3.957797126267590,s167.161331862982934
191_96,s0.125590911249390,s3.657103488990939,s1.313390748962700
191_97,s0.842061674610274,s4.105233071414649,s-2.956805066521330
191_98,s1.521976947888996,s3.881146667154530,s-15.938938335226382
191_99,s2.122607743714775,s3.909876287070548,s-1.935994193674115
191_100,s2.696291125285251,s3.724213078261441,s-3.611040739260674
191_101,s3.641472995213477,s4.052225257025741,s1.054379995195983
191_102,s3.907617599475755,s4.140057224880906,s-7.145693881905563
191_103,s5.055554138027884,s4.087674977073176,s-5.860569166489410
191_104,s5.276982306694325,s3.933071678551256,s-3.007824419077428
191_105,s6.396401669558271,s3.935520904061568,s4.577435192419045
191_106,s6.669753314689419,s4.372650063067288,s-7.406750737298565
191_107,s7.873208695486793,s3.757049746156469,s-0.733440666411611
191_108,s0.448617461493401,s4.674986129855808,s177.305161844009888
191_109,s0.538324004676883,s4.927658308547868,s183.277752469410160
191_110,s1.842553727937140,s5.084248466023976,s177.786111299263212
191_111,s2.314111833068977,s4.323638160950488,s181.543822563553192
191_112,s3.686457846910583,s4.915221396359912,s171.754735992060006
191_113,s3.841246552790285,s4.649279063031082,s170.638559943372599
191_114,s4.441555219079479,s4.755907166878871,s178.019526357173163
191_115,s5.548379885581528,s4.623199738918023,s181.181701779886538
191_116,s5.469969182960176,s5.024742391064145,s179.117473710478464
191_117,s7.027357165590723,s4.380949151254280,s175.586695559598894
191_118,s7.365892521120728,s4.677400776192090,s181.024725395526644
191_119,s7.829394598550486,s5.081952745846682,s166.724203219889091
191_120,s0.157401651997403,s5.173489104140122,s1.882949500555907
191_121,s0.576899084130426,s5.138700914668643,s-12.272292483820040
191_122,s1.414633935975638,s4.680643284259490,s-2.938375694676844
191_123,s2.112473441943170,s4.909292233255344,s-3.987045082952674
191_124,s2.549087036257107,s5.155352850291069,s-5.365032278438937
191_125,s3.350750400164053,s4.787298538388471,s-3.150345289159463
191_126,s4.235888801751796,s4.984590441533652,s-4.686682932213901
191_127,s4.707386259479995,s5.533728567939640,s0.992618812898993
191_128,s5.722823490924990,s4.789966183480956,s-3.957468181108390
191_129,s6.536094454164793,s4.927629918217916,s3.521054690135256
191_130,s7.069880848587818,s5.124754936151422,s-6.662910184515643
191_131,s7.303208692397471,s4.831968788947227,s1.479881171519636
191_132,s0.671708340055704,s6.040130890880997,s174.549778264611206
191_133,s1.355091140725161,s5.620241733896793,s176.114661062321602
191_134,s1.726894391626678,s5.640668487232027,s182.615698780756674
191_135,s2.054828263982686,s6.063291239477440,s181.617689204114157
191_136,s3.502091792240392,s5.787709079473833,s179.865116963121579
191_137,s3.833428990504812,s5.916097158175613,s170.803398492006124
191_138,s4.463432604151760,s5.978417346749458,s178.710834618365936
191_139,s5.196905227898884,s5.754139775219101,s182.818021614721118
191_140,s6.530101127556535,s5.670387246162567,s175.205675789023189
191_141,s6.656873684397826,s5.994132563099070,s180.706983887661409
191_142,s7.227616132754841,s5.815169954898098,s178.124179755827697
191_143,s7.705957685687304,s5.779987362300749,s185.721679350492423
191_144,s0.159828400739750,s5.760156738284480,s6.817224534771613
191_145,s0.437018558129627,s5.888041563192773,s3.378983590083973
191_146,s1.281187772838568,s5.936716200537346,s-7.849348319392877
191_147,s1.854490632060720,s5.780736624940170,s2.741156468103955
191_148,s3.082884516721335,s6.061262323190834,s1.149610594845039
191_149,s3.796903025009785,s6.142472546579970,s-2.282103085479849
191_150,s4.193777092397083,s5.918860791285312,s1.829588039075383
191_151,s5.162433573367488,s6.041466195861255,s-6.721737717422521
191_152,s5.597802974466049,s6.316389335466383,s-4.270391105241583
191_153,s6.274707209585234,s6.036087151116506,s0.390289220495729
191_154,s7.158022604514289,s6.274384891932108,s6.628102301789572
191_155,s7.515211194799125,s6.298262832869766,s-1.177564452436989
191_156,s0.280047295780614,s6.725155040860256,s174.088191377090538
191_157,s1.274485669292642,s6.461758322624747,s176.753956805316534
191_158,s1.989111962077445,s6.873714344776199,s176.681958651041043
191_159,s2.387950577004066,s6.538458455507270,s178.468571507350788
191_160,s3.344554266208557,s6.485148278065387,s174.764599083781178
191_161,s3.628571837785646,s6.882845251859920,s173.381507019119823
191_162,s4.840027035689464,s6.652695578586719,s187.110778837656369
191_163,s5.355046200366202,s6.594851139684293,s177.456762548569571
191_164,s6.004289524188784,s6.974948171835541,s191.466573873910818
191_165,s6.412891930842770,s6.725521734710611,s170.377604870204237
191_166,s7.147350120104007,s7.318333440143448,s184.444794183398415
191_167,s7.855896544248520,s6.728999928123923,s173.431555895005090
191_168,s0.074604333202289,s6.582456476813850,s1.228439202896511
191_169,s0.772874957620524,s6.850137983850717,s-2.000318399490296
191_170,s1.238351989141075,s7.175758360603320,s-5.993041033415037
191_171,s1.923360820193003,s6.877806328753275,s4.178324823085806
191_172,s2.947171163844278,s6.885106420108757,s-0.138922811792837
191_173,s3.832167181037040,s7.076350965425171,s2.497653682381652
191_174,s4.134064173282929,s7.388036967045342,s-4.810156071732646
191_175,s4.670543616503117,s6.968253764370273,s0.728903479669247
191_176,s5.544006080975184,s7.144588316337758,s-10.259624104032408
191_177,s6.600706263462094,s6.961703844939480,s-1.962088276696863
191_178,s6.986479710221411,s7.212781139982873,s7.033996140222660
191_179,s7.824437155537087,s6.836518268156786,s-9.046298918488228
191_180,s0.339785307114103,s7.867280608725831,s193.829679663222379
191_181,s1.021043298608534,s7.793743693623908,s171.073883180961843
191_182,s1.840154502120596,s7.846284270587756,s176.559625517623772
191_183,s2.590283757119042,s7.897299746823542,s176.452970129290861
191_184,s2.986803612006816,s7.622851392315034,s184.377137305509677
191_185,s3.708311951881334,s7.951981572901577,s177.762393314571909
191_186,s4.288064576851319,s7.820503711534375,s182.801859403627589
191_187,s5.441679280758399,s7.729069542590809,s193.316859542837136
191_188,s5.917169341496607,s7.674757033481984,s177.689311452953064
191_189,s6.594213450646442,s7.492718635390348,s175.866755066042117
191_190,s7.383482855186719,s7.387814877771654,s172.274251842046027
192_0,s0.000000000000000,s0.000000000000000,s0.000000000000000
192_1,s0.700000000000000,s0.000000000000000,s0.000000000000000
192_2,s1.400000000000000,s0.000000000000000,s0.000000000000000
192_3,s2.100000000000000,s0.000000000000000,s0.000000000000000
192_4,s2.800000000000000,s0.000000000000000,s0.000000000000000
192_5,s3.500000000000000,s0.000000000000000,s0.000000000000000
192_6,s4.200000000000000,s0.000000000000000,s0.000000000000000
192_7,s4.900000000000000,s0.000000000000000,s0.000000000000000
192_8,s5.600000000000000,s0.000000000000000,s0.000000000000000
192_9,s6.300000000000000,s0.000000000000000,s0.000000000000000
192_10,s7.000000000000000,s0.000000000000000,s0.000000000000000
192_11,s7.700000000000000,s0.000000000000000,s0.000000000000000
192_12,s0.350000000000000,s0.800000000000000,s180.000000000000000
192_13,s1.050000000000000,s0.800000000000000,s180.000000000000000
192_14,s1.750000000000000,s0.800000000000000,s180.000000000000000
192_15,s2.450000000000000,s0.800000000000000,s180.000000000000000
192_16,s3.150000000000000,s0.800000000000000,s180.000000000000000
192_17,s3.850000000000000,s0.800000000000000,s180.000000000000000
192_18,s4.550000000000000,s0.800000000000000,s180.000000000000000
192_19,s5.250000000000000,s0.800000000000000,s180.000000000000000
192_20,s5.950000000000000,s0.800000000000000,s180.000000000000000
192_21,s6.650000000000000,s0.800000000000000,s180.000000000000000
192_22,s7.350000000000000,s0.800000000000000,s180.000000000000000
192_23,s8.050000000000001,s0.800000000000000,s180.000000000000000
192_24,s0.000000000000000,s1.000000000000000,s0.000000000000000
192_25,s0.700000000000000,s1.000000000000000,s0.000000000000000
192_26,s1.400000000000000,s1.000000000000000,s0.000000000000000
192_27,s2.100000000000000,s1.000000000000000,s0.000000000000000
192_28,s2.800000000000000,s1.000000000000000,s0.000000000000000
192_29,s3.500000000000000,s1.000000000000000,s0.000000000000000
192_30,s4.200000000000000,s1.000000000000000,s0.000000000000000
192_31,s4.900000000000000,s1.000000000000000,s0.000000000000000
192_32,s5.600000000000000,s1.000000000000000,s0.000000000000000
192_33,s6.300000000000000,s1.000000000000000,s0.000000000000000
192_34,s7.000000000000000,s1.000000000000000,s0.000000000000000
192_35,s7.700000000000000,s1.000000000000000,s0.000000000000000
192_36,s0.350000000000000,s1.800000000000000,s180.000000000000000
192_37,s1.050000000000000,s1.800000000000000,s180.000000000000000
192_38,s1.750000000000000,s1.800000000000000,s180.000000000000000
192_39,s2.450000000000000,s1.800000000000000,s180.000000000000000
192_40,s3.150000000000000,s1.800000000000000,s180.000000000000000
192_41,s3.850000000000000,s1.800000000000000,s180.000000000000000
192_42,s4.550000000000000,s1.800000000000000,s180.000000000000000
192_43,s5.250000000000000,s1.800000000000000,s180.000000000000000
192_44,s5.950000000000000,s1.800000000000000,s180.000000000000000
192_45,s6.650000000000000,s1.800000000000000,s180.000000000000000
192_46,s7.350000000000000,s1.800000000000000,s180.000000000000000
192_47,s8.050000000000001,s1.800000000000000,s180.000000000000000
192_48,s0.000000000000000,s2.000000000000000,s0.000000000000000
192_49,s0.700000000000000,s2.000000000000000,s0.000000000000000
192_50,s1.400000000000000,s2.000000000000000,s0.000000000000000
192_51,s2.100000000000000,s2.000000000000000,s0.000000000000000
192_52,s2.800000000000000,s2.000000000000000,s0.000000000000000
192_53,s3.500000000000000,s2.000000000000000,s0.000000000000000
192_54,s4.200000000000000,s2.000000000000000,s0.000000000000000
192_55,s4.900000000000000,s2.000000000000000,s0.000000000000000
192_56,s5.600000000000000,s2.000000000000000,s0.000000000000000
192_57,s6.300000000000000,s2.000000000000000,s0.000000000000000
192_58,s7.000000000000000,s2.000000000000000,s0.000000000000000
192_59,s7.700000000000000,s2.000000000000000,s0.000000000000000
192_60,s0.350000000000000,s2.800000000000000,s180.000000000000000
192_61,s1.050000000000000,s2.800000000000000,s180.000000000000000
192_62,s1.750000000000000,s2.800000000000000,s180.000000000000000
192_63,s2.450000000000000,s2.800000000000000,s180.000000000000000
192_64,s3.150000000000000,s2.800000000000000,s180.000000000000000
192_65,s3.850000000000000,s2.800000000000000,s180.000000000000000
192_66,s4.550000000000000,s2.800000000000000,s180.000000000000000
192_67,s5.250000000000000,s2.800000000000000,s180.000000000000000
192_68,s5.950000000000000,s2.800000000000000,s180.000000000000000
192_69,s6.650000000000000,s2.800000000000000,s180.000000000000000
192_70,s7.350000000000000,s2.800000000000000,s180.000000000000000
192_71,s8.050000000000001,s2.800000000000000,s180.000000000000000
192_72,s0.000000000000000,s3.000000000000000,s0.000000000000000
192_73,s0.700000000000000,s3.000000000000000,s0.000000000000000
192_74,s1.400000000000000,s3.000000000000000,s0.000000000000000
192_75,s2.100000000000000,s3.000000000000000,s0.000000000000000
192_76,s2.800000000000000,s3.000000000000000,s0.000000000000000
192_77,s3.500000000000000,s3.000000000000000,s0.000000000000000
192_78,s4.200000000000000,s3.000000000000000,s0.000000000000000
192_79,s4.900000000000000,s3.000000000000000,s0.000000000000000
192_80,s5.600000000000000,s3.000000000000000,s0.000000000000000
192_81,s6.300000000000000,s3.000000000000000,s0.000000000000000
192_82,s7.000000000000000,s3.000000000000000,s0.000000000000000
192_83,s7.700000000000000,s3.000000000000000,s0.000000000000000
192_84,s0.350000000000000,s3.800000000000000,s180.000000000000000
192_85,s1.050000000000000,s3.800000000000000,s180.000000000000000
192_86,s1.750000000000000,s3.800000000000000,s180.000000000000000
192_87,s2.450000000000000,s3.800000000000000,s180.000000000000000
192_88,s3.150000000000000,s3.800000000000000,s180.000000000000000
192_89,s3.850000000000000,s3.800000000000000,s180.000000000000000
192_90,s4.550000000000000,s3.800000000000000,s180.000000000000000
192_91,s5.250000000000000,s3.800000000000000,s180.000000000000000
192_92,s5.950000000000000,s3.800000000000000,s180.000000000000000
192_93,s6.650000000000000,s3.800000000000000,s180.000000000000000
192_94,s7.350000000000000,s3.800000000000000,s180.000000000000000
192_95,s8.050000000000001,s3.800000000000000,s180.000000000000000
192_96,s0.000000000000000,s4.000000000000000,s0.000000000000000
192_97,s0.700000000000000,s4.000000000000000,s0.000000000000000
192_98,s1.400000000000000,s4.000000000000000,s0.000000000000000
192_99,s2.100000000000000,s4.000000000000000,s0.000000000000000
192_100,s2.800000000000000,s4.000000000000000,s0.000000000000000
192_101,s3.500000000000000,s4.000000000000000,s0.000000000000000
192_102,s4.200000000000000,s4.000000000000000,s0.000000000000000
192_103,s4.900000000000000,s4.000000000000000,s0.000000000000000
192_104,s5.600000000000000,s4.000000000000000,s0.000000000000000
192_105,s6.300000000000000,s4.000000000000000,s0.000000000000000
192_106,s7.000000000000000,s4.000000000000000,s0.000000000000000
192_107,s7.700000000000000,s4.000000000000000,s0.000000000000000
192_108,s0.350000000000000,s4.800000000000000,s180.000000000000000
192_109,s1.050000000000000,s4.800000000000000,s180.000000000000000
192_110,s1.750000000000000,s4.800000000000000,s180.000000000000000
192_111,s2.450000000000000,s4.800000000000000,s180.000000000000000
192_112,s3.150000000000000,s4.800000000000000,s180.000000000000000
192_113,s3.850000000000000,s4.800000000000000,s180.000000000000000
192_114,s4.550000000000000,s4.800000000000000,s180.000000000000000
192_115,s5.250000000000000,s4.800000000000000,s180.000000000000000
192_116,s5.950000000000000,s4.800000000000000,s180.000000000000000
192_117,s6.650000000000000,s4.800000000000000,s180.000000000000000
192_118,s7.350000000000000,s4.800000000000000,s180.000000000000000
192_119,s8.050000000000001,s4.800000000000000,s180.000000000000000
192_120,s0.000000000000000,s5.000000000000000,s0.000000000000000
192_121,s0.700000000000000,s5.000000000000000,s0.000000000000000
192_122,s1.400000000000000,s5.000000000000000,s0.000000000000000
192_123,s2.100000000000000,s5.000000000000000,s0.000000000000000
192_124,s2.800000000000000,s5.000000000000000,s0.000000000000000
192_125,s3.500000000000000,s5.000000000000000,s0.000000000000000
192_126,s4.200000000000000,s5.000000000000000,s0.000000000000000
192_127,s4.900000000000000,s5.000000000000000,s0.000000000000000
192_128,s5.600000000000000,s5.000000000000000,s0.000000000000000
192_129,s6.300000000000000,s5.000000000000000,s0.000000000000000
192_130,s7.000000000000000,s5.000000000000000,s0.000000000000000
192_131,s7.700000000000000,s5.000000000000000,s0.000000000000000
192_132,s0.350000000000000,s5.800000000000000,s180.000000000000000
192_133,s1.050000000000000,s5.800000000000000,s180.000000000000000
192_134,s1.750000000000000,s5.800000000000000,s180.000000000000000
192_135,s2.450000000000000,s5.800000000000000,s180.000000000000000
192_136,s3.150000000000000,s5.800000000000000,s180.000000000000000
192_137,s3.850000000000000,s5.800000000000000,s180.000000000000000
192_138,s4.550000000000000,s5.800000000000000,s180.000000000000000
192_139,s5.250000000000000,s5.800000000000000,s180.000000000000000
192_140,s5.950000000000000,s5.800000000000000,s180.000000000000000
192_141,s6.650000000000000,s5.800000000000000,s180.000000000000000
192_142,s7.350000000000000,s5.800000000000000,s180.000000000000000
192_143,s8.050000000000001,s5.800000000000000,s180.000000000000000
192_144,s0.000000000000000,s6.000000000000000,s0.000000000000000
192_145,s0.700000000000000,s6.000000000000000,s0.000000000000000
192_146,s1.400000000000000,s6.000000000000000,s0.000000000000000
192_147,s2.100000000000000,s6.000000000000000,s0.000000000000000
192_148,s2.800000000000000,s6.000000000000000,s0.000000000000000
192_149,s3.500000000000000,s6.000000000000000,s0.000000000000000
192_150,s4.200000000000000,s6.000000000000000,s0.000000000000000
192_151,s4.900000000000000,s6.000000000000000,s0.000000000000000
192_152,s5.600000000000000,s6.000000000000000,s0.000000000000000
192_153,s6.300000000000000,s6.000000000000000,s0.000000000000000
192_154,s7.000000000000000,s6.000000000000000,s0.000000000000000
192_155,s7.700000000000000,s6.000000000000000,s0.000000000000000
192_156,s0.350000000000000,s6.800000000000000,s180.000000000000000
192_157,s1.050000000000000,s6.800000000000000,s180.000000000000000
192_158,s1.750000000000000,s6.800000000000000,s180.000000000000000
192_159,s2.450000000000000,s6.800000000000000,s180.000000000000000
192_160,s3.150000000000000,s6.800000000000000,s180.000000000000000
192_161,s3.850000000000000,s6.800000000000000,s180.000000000000000
192_162,s4.550000000000000,s6.800000000000000,s180.000000000000000
192_163,s5.250000000000000,s6.800000000000000,s180.000000000000000
192_164,s5.950000000000000,s6.800000000000000,s180.000000000000000
192_165,s6.650000000000000,s6.800000000000000,s180.000000000000000
192_166,s7.350000000000000,s6.800000000000000,s180.000000000000000
192_167,s8.050000000000001,s6.800000000000000,s180.000000000000000
192_168,s0.000000000000000,s7.000000000000000,s0.000000000000000
192_169,s0.700000000000000,s7.000000000000000,s0.000000000000000
192_170,s1.400000000000000,s7.000000000000000,s0.000000000000000
192_171,s2.100000000000000,s7.000000000000000,s0.000000000000000
192_172,s2.800000000000000,s7.000000000000000,s0.000000000000000
192_173,s3.500000000000000,s7.000000000000000,s0.000000000000000
192_174,s4.200000000000000,s7.000000000000000,s0.000000000000000
192_175,s4.900000000000000,s7.000000000000000,s0.000000000000000
192_176,s5.600000000000000,s7.000000000000000,s0.000000000000000
192_177,s6.300000000000000,s7.000000000000000,s0.000000000000000
192_178,s7.000000000000000,s7.000000000000000,s0.000000000000000
192_179,s7.700000000000000,s7.000000000000000,s0.000000000000000
192_180,s0.350000000000000,s7.800000000000000,s180.000000000000000
192_181,s1.050000000000000,s7.800000000000000,s180.000000000000000
192_182,s1.750000000000000,s7.800000000000000,s180.000000000000000
192_183,s2.450000000000000,s7.800000000000000,s180.000000000000000
192_184,s3.150000000000000,s7.800000000000000,s180.000000000000000
192_185,s3.850000000000000,s7.800000000000000,s180.000000000000000
192_186,s4.550000000000000,s7.800000000000000,s180.000000000000000
192_187,s5.250000000000000,s7.800000000000000,s180.000000000000000
192_188,s5.950000000000000,s7.800000000000000,s180.000000000000000
192_189,s6.650000000000000,s7.800000000000000,s180.000000000000000
192_190,s7.350000000000000,s7.800000000000000,s180.000000000000000
192_191,s8.050000000000001,s7.800000000000000,s180.000000000000000
193_0,s-0.066180858495217,s0.062500278299094,s5.805432862616891
193_1,s0.870410209485160,s-0.019676976903614,s-4.749127535936037
193_2,s1.496306077443820,s0.117657277406009,s2.935496890254961
193_3,s2.269933322594657,s0.141525621821407,s0.659848483825939
193_4,s2.859941603177065,s-0.026521646905125,s4.703235825447965
193_5,s3.598951012557369,s-0.017107484080430,s-0.223967337506041
193_6,s4.270231039122132,s0.097978345440316,s-4.350080036429935
193_7,s4.934930707741921,s0.153998916638216,s-7.094313551573015
193_8,s5.369340365230290,s0.067580220399823,s1.406745222903622
193_9,s6.379851175452597,s0.013710713950958,s0.465480263669040
193_10,s7.088265639046528,s0.030189353665904,s-0.866618641241212
193_11,s7.752070097858044,s-0.044254923156962,s2.630485860857331
193_12,s0.468531386294768,s0.766583311153195,s176.925566088873865
193_13,s1.100584544818583,s0.676969199931079,s182.186713993269933
193_14,s1.725372527505616,s0.689077408038172,s183.125004097649992
193_15,s2.379876812357360,s0.851094747310903,s179.519392503920926
193_16,s3.019788570048292,s0.747957531466555,s186.468449944552702
193_17,s3.928892349194077,s0.835328138617581,s182.231784608442979
193_18,s4.537943585710825,s0.740292737201823,s178.868144389781861
193_19,s5.199278315531386,s0.897129106302561,s178.104396506711453
193_20,s5.969867413389840,s0.886484645320938,s179.271294147040294
193_21,s6.604971192330733,s0.932710656870410,s178.312810388190655
193_22,s7.367256808048956,s0.732816891378486,s180.252898869998404
193_23,s8.082552839994499,s0.796911150388275,s200.301024209589571
193_24,s0.100796877064000,s1.010931077537828,s-5.177464544524624
193_25,s0.618346319284337,s0.891893086972696,s0.057094799624142
193_26,s1.335087576044344,s1.032649418721332,s-1.061815377226079
193_27,s2.090467983603961,s0.917871925135234,s2.169632300534894
193_28,s2.729983382355329,s0.958440348299558,s-4.708035489308743
193_29,s3.400571338159443,s0.955085954569967,s-1.165195270695965
193_30,s4.333420158976053,s0.944250664537497,s3.573059520991364
193_31,s4.774511186950866,s1.047732227046775,s0.721604765325098
193_32,s5.565304660853634,s1.101334644830959,s1.548189895271996
193_33,s6.333295606023450,s0.933915733724113,s-1.741051922716272
193_34,s7.052612112177422,s0.977935908285588,s0.887278751693019
193_35,s7.545701844928196,s0.802626795284451,s-1.952384062539812
193_36,s0.363439660967082,s1.790193231540324,s178.449759067586285
193_37,s1.094848203541608,s1.869176469366400,s177.828575267125814
193_38,s1.828906305616280,s1.878276795671478,s181.652255086946724
193_39,s2.479939672647890,s1.683785417798061,s179.233224142216471
193_40,s3.253046050058591,s1.737512651761023,s178.353221570645218
193_41,s3.655644753460611,s1.730730061095598,s177.939478854303076
193_42,s4.658113680748518,s1.897674456010388,s175.581022859484989
193_43,s5.274869471348056,s1.867048384827729,s176.872628773776228
193_44,s5.961564900001936,s1.827654398342853,s180.529165878493814
193_45,s6.466006847304747,s2.002887366216175,s180.539110731615665
193_46,s7.272654284288650,s1.829157338643713,s186.243289941720008
193_47,s8.041550375048100,s1.793086046354965,s184.941435524706009
193_48,s-0.048307575161216,s2.099425429827357,s2.005220441656084
193_49,s0.702268346053403,s2.168883029485780,s2.020463220624614
193_50,s1.472985948271920,s1.823704520152687,s3.186524586261033
193_51,s2.164694721272930,s1.960890804943228,s-4.198728940634690
193_52,s2.787122377256044,s2.130083647335231,s1.202650184287988
193_53,s3.423874508460912,s1.998921210028986,s-0.530835504011210
193_54,s4.284437585760391,s2.013758381848483,s-6.029059651077616
193_55,s4.919852244189246,s1.933657572366597,s-0.419729018880187
193_56,s5.543379711978290,s2.071271875596747,s0.232361011692444
193_57,s6.356634498635099,s2.066829825467265,s-0.032310672633854
193_58,s6.801883951990310,s1.943037735432209,s4.381422993193025
193_59,s7.837533270850657,s1.988687123710164,s4.325153404484816
193_60,s0.317793653580011,s2.819497375425293,s183.062520789204228
193_61,s1.183506797957190,s2.860930021309295,s180.241175653344840
193_62,s1.885975833650277,s2.756849770025369,s177.707500562149335
193_63,s2.291510104330630,s2.745566013184213,s185.206481872049949
193_64,s3.167792286760680,s2.764020228196344,s179.327972627563042
193_65,s3.981084066684426,s2.908716695691491,s180.458157553741216
193_66,s4.464458908288697,s2.788842482634729,s182.928486147276573
193_67,s5.157047252206423,s2.859048472256178,s176.771167801259480
193_68,s5.980416406022272,s2.906579279381040,s179.148345594607179
193_69,s6.829919792136467,s2.676854870987174,s181.724174754276504
193_70,s7.343459566570967,s2.751217444084635,s184.126663734924847
193_71,s7.976911261211927,s2.844580464387838,s175.447526923383293
193_72,s0.008121644869677,s3.099676335794771,s4.152492979022300
193_73,s0.871370834757952,s2.878329200563272,s6.926988205646074
193_74,s1.348313254334132,s3.181590891848745,s-3.369563951263400
193_75,s2.160877810144834,s2.843405592460947,s3.883695876416777
193_76,s2.873643436200329,s2.885925100649243,s5.601823672513188
193_77,s3.521021475770997,s2.988279084561767,s-5.877159624443003
193_78,s4.159686187489472,s2.911426112334135,s-2.970313159085285
193_79,s4.959926222717661,s2.802768450250312,s1.673659008920228
193_80,s5.518462807821394,s2.927020828215346,s-3.159570681305324
193_81,s6.286618578281857,s2.878789107111604,s-5.714876400816290
193_82,s6.816397018743119,s2.958844721184495,s-3.302110661466620
193_83,s7.682756904164997,s2.818278324963389,s-0.016190708190734
193_84,s0.466145637087111,s3.827486432771793,s179.921065046439622
193_85,s1.018588887533225,s3.711924952852905,s181.021747555097761
193_86,s1.760268856254930,s3.819815361859216,s180.264346556271590
193_87,s2.326779694368040,s3.629719948996195,s181.984934535055942
193_88,s3.171779350993962,s3.814474745104854,s176.516368637183575
193_89,s3.998788015716499,s3.735486409851453,s183.411648028821503
193_90,s4.350759713170046,s3.770673712076429,s180.890131602550980
193_91,s5.323748139376733,s3.721523055358450,s181.014852972655916
193_92,s6.148413236497507,s3.871282235242247,s183.578390231340933
193_93,s6.582338108175406,s3.720705402106707,s176.653132207415609
193_94,s7.333753290478314,s3.710487583464790,s177.013572048791303
193_95,s8.053647299665426,s3.738994505286627,s195.386133241206039
193_96,s-0.048828359587795,s4.089152470522609,s11.184609738869906
193_97,s0.803564484543642,s4.167062187360141,s-1.053596040709964
193_98,s1.456713533700120,s3.949785908683672,s3.312829891888599
193_99,s2.349588934254238,s4.123363443279072,s0.925396577397739
193_100,s3.029690379633117,s4.029086351734876,s0.822119482068888
193_101,s3.370669239390266,s3.831218826017736,s0.149480268148206
193_102,s4.332109943367000,s3.794644060847464,s0.514659323436901
193_103,s4.892525124944928,s4.026385346892274,s-4.576613513893016
193_104,s5.596942061310046,s4.017832041405809,s-1.528625150234703
193_105,s6.350014508764574,s3.980737004251665,s5.590779720527415
193_106,s7.037867202851455,s3.976241374127870,s5.206327516700863
193_107,s7.675367852572796,s4.014169260973127,s1.979258447815285
193_108,s0.390550690999871,s4.732878822243314,s181.777788308077191
193_109,s1.033950084819290,s4.808473707425591,s179.494600427596737
193_110,s1.667107628034422,s4.781864224266471,s179.150509464240173
193_111,s2.602247051301050,s4.718294331291624,s175.399663662508999
193_112,s3.142260052719181,s4.886001322066649,s182.435501417776351
193_113,s3.721054022680899,s4.641002722071924,s173.165686804803357
193_114,s4.442724730933630,s4.851585790168531,s182.410099651185476
193_115,s5.038839079363420,s4.737296877525053,s179.678659444620024
193_116,s5.915664462847486,s4.943146756214504,s184.377083472256317
193_117,s6.804252830458202,s4.846948948644493,s179.847909404289084
193_118,s7.341069344934393,s4.822367285459931,s176.387966378492195
193_119,s7.995068256850919,s4.759490032557604,s192.334047356160710
193_120,s0.002811610623403,s4.950002629946394,s3.882363808278834
193_121,s0.853261514589144,s5.062956806387986,s-2.375806356788445
193_122,s1.480615210554902,s5.011942254151199,s-1.980263682550562
193_123,s2.109810615814849,s4.802258206155970,s1.169193936525699
193_124,s2.872656105497564,s5.046121720436853,s3.665780216530969
193_125,s3.424272797907262,s5.027726689488309,s-2.319225769852662
193_126,s4.199696374839200,s4.949064024729179,s6.663108577269706
193_127,s4.840475753454112,s5.061134215740182,s-2.475216187749576
193_128,s5.602232475285168,s5.022315566029095,s0.439015964525937
193_129,s6.290878818283790,s5.116326517920616,s-3.500854705434773
193_130,s6.795269446200292,s4.968633549206244,s1.746413065160001
193_131,s7.888527020066533,s5.194230323202470,s3.240725505553818
193_132,s0.447726902153491,s5.730065078343643,s173.440569492829383
193_133,s0.963128236821211,s5.938309837863274,s176.970683109089180
193_134,s1.788799833317999,s5.831347948173237,s182.892587383906204
193_135,s2.501692462653312,s5.777688218165604,s183.718080581638077
193_136,s2.959661492960680,s5.730018451959754,s182.517723333558422
193_137,s3.808500039214204,s5.864342719268016,s186.496616896834780
193_138,s4.431889739274126,s5.806252797297656,s181.494349795920783
193_139,s5.342004747803997,s5.705603517658776,s176.628694380164092
193_140,s5.891285597729386,s5.787375396959280,s177.737912197386464
193_141,s6.648499055415898,s5.844120457919170,s183.867811404719873
193_142,s7.360048938410358,s5.753707463696362,s181.490031322641613
193_143,s8.070374426364035,s5.812614205882072,s192.043274275571406
193_144,s-0.026328848681927,s5.947479741841296,s-1.431446860276746
193_145,s0.683558434213063,s6.018017623835462,s1.117295570262844
193_146,s1.532845059532558,s6.124779523814292,s-3.047662908621260
193_147,s2.255050500294603,s6.066487902383576,s-5.091831352646951
193_148,s2.928646754471959,s5.989274810859957,s-1.309999230076830
193_149,s3.530852290426110,s5.946976804501337,s-3.438641375739659
193_150,s4.207062223557068,s5.935507794781222,s4.121373040035647
193_151,s4.818405173204666,s5.948095603281428,s0.489160942405004
193_152,s5.688363700561475,s5.965335165148773,s3.848891651879377
193_153,s6.240475530053571,s6.077604261337128,s3.309177188550231
193_154,s6.982862478140333,s5.864976019036527,s0.343674845735036
193_155,s7.694608249481375,s6.094522950898276,s-0.355772128262516
193_156,s0.365584092935087,s6.703640089642459,s182.216951083675610
193_157,s1.113218273227951,s6.779378691201297,s180.981737030089135
193_158,s1.751012774252943,s6.725426875445178,s180.202736021619415
193_159,s2.482411407671714,s6.724839928341816,s180.480167580600096
193_160,s3.110375448360707,s6.813587101239623,s185.357167565712331
193_161,s4.001076533038359,s6.890326591335992,s177.027475211807968
193_162,s4.282229936496942,s6.649268059434322,s178.941868098404001
193_163,s5.247492621377696,s6.794206958714314,s183.964050729971518
193_164,s5.806209432758036,s6.825515062516128,s174.044771969180317
193_165,s6.709930773356511,s6.863388959176605,s180.829173836924610
193_166,s7.363801835192067,s6.846187308498808,s182.001593326151152
193_167,s8.026612299849386,s6.778414675258952,s177.682533665408670
193_168,s-0.101916574428943,s6.879099840468904,s-19.803900534074874
193_169,s0.756075828923893,s6.896225015278493,s1.326472354858407
193_170,s1.537647542507530,s6.992531844545245,s-3.227510452323020
193_171,s2.212904110319917,s7.084446443029533,s5.929612061018630
193_172,s2.785617490555576,s6.881675004419166,s-5.204093986635129
193_173,s3.492201132739697,s7.018055173496712,s-0.066452994844216
193_174,s4.369524198817157,s7.033053922587413,s5.584118229790462
193_175,s4.714592303400164,s6.911963741166831,s1.186355008502312
193_176,s5.557543710077238,s6.930186993072438,s0.379944357683905
193_177,s6.099014815787205,s6.930829599070615,s-0.356899766296136
193_178,s6.968084023542585,s6.928436895625449,s-2.717846865699988
193_179,s7.715606556743056,s7.121645900321060,s-0.565561975902763
193_180,s0.428380995568011,s7.732869257316258,s181.539950250898727
193_181,s1.078095291644126,s7.871531416731444,s179.291770706471709
193_182,s1.763485095074921,s7.660218391652521,s180.614122177137375
193_183,s2.443085790105402,s7.726225289784446,s180.473378825984497
193_184,s3.279899438418258,s7.722616683779558,s181.101575826774763
193_185,s3.757650543282993,s7.880238918961288,s183.257849797778192
193_186,s4.395042884696271,s7.736412192656575,s177.504954144255834
193_187,s5.169461667689159,s7.761632578963951,s180.240013345702494
193_188,s6.141233975294739,s7.824945134011964,s179.459209825988609
193_189,s6.672149546595434,s7.858363647900829,s183.850081106081007
193_190,s7.374109620322519,s7.917498745496506,s181.548286210367451
193_191,s7.960887326661314,s7.846424856097297,s195.188472459850999
193_192,s0.036849351266816,s7.903993995129061,s-29.712716621868488
194_0,s-0.040199729310007,s-0.133524280861786,s3.755216316609417
194_1,s0.768381510099651,s0.167997623632319,s0.133151840487658
194_2,s1.367688588579406,s-0.109277855629178,s-4.218785895635889
194_3,s1.990132101301407,s-0.012037468438062,s1.477729789770836
194_4,s2.658012135636305,s-0.153481343281866,s1.295502843089631
194_5,s3.638223325532129,s-0.093172296890571,s-2.298461376398102
194_6,s4.295344258607716,s0.034374376558359,s-0.343898823277425
194_7,s5.026296844877594,s0.080757430273244,s5.962931757373572
194_8,s5.804814664825281,s0.218535823828392,s1.427526760564395
194_9,s6.228463933551454,s0.163329824128028,s8.606001482739488
194_10,s6.805671895343427,s0.096422906206674,s-1.553555686129472
194_11,s7.987478075334654,s0.126884554473602,s5.683345131826449
194_12,s0.313561416678613,s0.818404612952851,s179.568993936200201
194_13,s0.916607390637999,s0.725944084817311,s183.522518553699513
194_14,s1.856686505393575,s0.663134856136805,s179.950971191656492
194_15,s2.442828106162501,s0.738528703731330,s176.811736374840962
194_16,s3.369739200495192,s1.012582977681393,s177.441399655022167
194_17,s3.818758620295833,s0.930378353751710,s178.230842794867357
194_18,s4.648109726021407,s0.589841918824001,s181.171422698407866
194_19,s5.152593469116103,s0.682091226310988,s176.638683168620304
194_20,s5.828154576647298,s0.827502397183908,s180.019351913990192
194_21,s6.773435070416339,s0.647065278918405,s181.629969375547290
194_22,s7.502321962899612,s0.905844631558608,s178.278413530626295
194_23,s8.034556001331335,s0.985084157615178,s182.472038979427936
194_24,s0.019799400359510,s0.876006738703970,s3.955032180598549
194_25,s0.975915209799911,s1.084565807198979,s-2.386872369532051
194_26,s1.441269594881263,s1.004835717001931,s0.072389161446358
194_27,s2.141761683859464,s1.047167801853021,s2.859189848714857
194_28,s2.568407100978642,s1.078082802050070,s-2.598627836158278
194_29,s3.436104914355826,s1.072416270822579,s-1.672759471427759
194_30,s4.199026123984148,s0.946192202725816,s-2.145722425253039
194_31,s4.853870937945405,s0.877102893762449,s0.405176913105795
194_32,s5.531300991632631,s1.014046516349028,s-2.455432471238881
194_33,s6.322940760779336,s0.941035413651714,s2.047086665947089
194_34,s7.062362372434528,s0.993129085989621,s2.371738986828114
194_35,s7.697103970082130,s1.208803753981531,s2.687650423503609
194_36,s0.272576394459791,s1.759959904367751,s175.997511728633015
194_37,s0.956369881500630,s1.742454770303400,s177.975222305603921
194_38,s1.616130697923444,s1.797847984825058,s179.774043766835746
194_39,s2.659762189419982,s1.921364295596370,s173.354589774128357
194_40,s3.269197688910156,s1.827239846300312,s180.562764232940253
194_41,s3.657513306027809,s1.713548045833713,s181.182364966606116
194_42,s4.464071379380089,s1.712967262448400,s182.358520486518699
194_43,s5.354254257978015,s1.968852581164556,s183.585687497488919
194_44,s5.820865670216110,s1.790759780230582,s180.282668949033251
194_45,s6.819291457090348,s1.738379383577465,s176.028310250473083
194_46,s7.141489120749224,s1.808848557918053,s172.655710262436855
194_47,s8.042628264433789,s1.909052435433110,s181.145248130309824
194_48,s0.167585055587921,s2.019173649023730,s-0.297675406553008
194_49,s0.889083429677251,s2.190874693631847,s0.427403165282795
194_50,s1.563718426828802,s2.186315824149158,s6.406032710066428
194_51,s2.197708722681366,s2.019873132798030,s-3.838643109151844
194_52,s2.751235970747291,s2.065273648924117,s1.616906853415514
194_53,s3.515152164977088,s1.896870800030163,s-2.534110556326988
194_54,s4.395414606368715,s2.070201989468167,s-1.004927037831451
194_55,s4.972502625568314,s1.902148060123074,s-3.881748599391569
194_56,s5.546992218264473,s2.101486257296146,s-5.159565426713808
194_57,s6.277660803625110,s1.976235520810881,s2.031742815610033
194_58,s7.027209658985256,s2.052136840113361,s5.081959119610032
194_59,s7.710037578037144,s1.923033202141032,s-0.787071685232522
194_60,s0.124667574379227,s2.872533403834100,s182.146990136860154
194_61,s1.063847817408914,s2.855298239737065,s185.198624556672627
194_62,s1.775102377246787,s2.850729892656871,s178.755615282893046
194_63,s2.468266295947831,s2.732916989883534,s174.358660855422727
194_64,s3.152484337064958,s2.817291337245826,s176.590362437447226
194_65,s3.877922629865185,s2.892911456395703,s179.443782230436767
194_66,s4.646878984396762,s2.651787023809280,s177.414305552188580
194_67,s5.132708263221702,s2.782718706279927,s184.214152569890217
194_68,s5.948876789692656,s2.955191659013108,s177.132672886866715
194_69,s6.680721840875521,s2.761852351213353,s183.886794598562403
194_70,s7.248214599509332,s2.792455940933135,s172.788575399884849
194_71,s7.988966709643125,s3.017710080761757,s179.766386376551935
194_72,s0.034311030372637,s2.987871273573005,s-7.225748030106647
194_73,s0.622082564322796,s2.861958498014413,s-2.572278510115636
194_74,s1.107393061982096,s2.955032586984327,s0.027091639006741
194_75,s2.020349985491225,s3.145811288913123,s0.325930934438773
194_76,s2.868106021775897,s2.993272899278762,s3.362792222941859
194_77,s3.633405410711373,s2.996968712826094,s-0.624976060540302
194_78,s4.172054630336597,s3.099463199335709,s0.452498047351515
194_79,s5.014755474430817,s3.141387662475404,s-5.883837309798468
194_80,s5.447025486154522,s2.992482059645479,s4.886486950019752
194_81,s6.368792423953810,s2.995365626418836,s4.762749169041560
194_82,s6.909070682912670,s2.962947663253511,s-3.529376057018675
194_83,s7.540566631606569,s3.197877106473322,s1.977931256517574
194_84,s0.254519950342210,s3.734465973159200,s180.056394896307381
194_85,s1.187083709167006,s3.703940379446848,s181.316637134772407
194_86,s1.990578551038017,s3.945888069180410,s180.498301082785360
194_87,s2.373807274145433,s3.794092956144070,s180.503251420479586
194_88,s2.996971775864430,s3.966539068771660,s179.789184137011659
194_89,s4.020797045377947,s3.815550910788434,s176.811107027822999
194_90,s4.357849745408870,s3.774859048865109,s179.322207459285778
194_91,s5.259072737716075,s3.950459056315188,s179.768395045721292
194_92,s5.738154006013018,s3.974874661595431,s183.687210929733652
194_93,s6.506697476879265,s3.693376612916357,s184.447099881525645
194_94,s7.484831289219782,s3.923403769581095,s180.489476881824203
194_95,s7.994114246268016,s3.722162391079850,s187.150692902419991
194_96,s-0.131645100040818,s3.930297721204990,s-28.054729736964276
194_97,s0.951308261793823,s3.896258098930232,s3.290683572515707
194_98,s1.268640953249993,s3.937685290305920,s4.087938096680839
194_99,s2.146302789906411,s4.038782498736068,s-4.784332789501685
194_100,s2.801219110149108,s4.095486537606139,s2.156187161865132
194_101,s3.488727009241006,s4.001171267283221,s-0.934636241437786
194_102,s4.083858037763372,s4.120239319863844,s6.350539976608531
194_103,s4.976144853919390,s3.954552067118603,s1.478935153749907
194_104,s5.831477902757483,s4.078930444974774,s0.152212288640056
194_105,s6.518096336782712,s3.899760116631498,s-6.379692929924023
194_106,s7.136086081279482,s4.048921206002953,s2.475193095613798
194_107,s7.712919899924969,s4.064219278758848,s6.140165193493834
194_108,s0.461446008350207,s4.844206180600444,s182.939676767186000
194_109,s1.150918030408558,s4.835260315572031,s178.331337542496868
194_110,s1.829811838930313,s4.952823600645220,s180.812232888933750
194_111,s2.536729536437089,s4.935099441904040,s184.072814770878864
194_112,s3.152243511767355,s4.838494822043201,s181.229842957766721
194_113,s4.061736287572990,s4.715615663228572,s172.906859821200101
194_114,s4.292505322167555,s4.963803929095143,s180.775210516489153
194_115,s5.285851083176981,s4.842474665845824,s178.384352324271333
194_116,s6.064613312750520,s4.957170665485789,s181.997860864466361
194_117,s6.756066163523176,s4.632311778330727,s175.797834504697704
194_118,s7.509049537235848,s4.750868534362925,s179.117350519806791
194_119,s7.985434398710861,s4.624533114444969,s176.355298571348698
194_120,s-0.043191529819102,s4.878756644083738,s5.174567053611287
194_121,s0.541073720527189,s5.171074155041365,s-2.970103235420551
194_122,s1.445485806143226,s4.871648935691761,s2.990755929053827
194_123,s2.051235705102016,s5.066919342573978,s-2.747264209591470
194_124,s2.849294223789605,s5.104916386221099,s0.924555220419215
194_125,s3.419331456207436,s4.892105868755166,s-2.575581765599028
194_126,s4.239306214633738,s5.000015215175234,s2.241838490980248
194_127,s4.889485539906770,s5.142738353189753,s-3.111956632936420
194_128,s5.425257948148213,s4.774845022895942,s-0.629180723952354
194_129,s6.214038357971616,s4.961948253019832,s0.091705364301246
194_130,s6.912412239840050,s4.829109632359954,s-3.221872420038686
194_131,s7.599952940778747,s5.077508434915672,s-1.281013482564162
194_132,s0.296540329766503,s5.860202409287570,s184.027025630349925
194_133,s1.106858417722589,s5.971932486924350,s177.054838484016500
194_134,s1.713362977095990,s5.823800766968469,s172.321036775004330
194_135,s2.441447367550550,s5.765322861191677,s180.467513618725604
194_136,s3.090590359209432,s5.751121507057882,s178.894483191359996
194_137,s3.925786379962810,s5.961322535835978,s180.803889022248399
194_138,s4.618613367224698,s5.910221944146648,s182.152879745697476
194_139,s5.289124940291328,s5.888878008985126,s178.873099258134317
194_140,s6.142334900328304,s5.843958957796773,s179.466576363796435
194_141,s6.575732187847317,s5.900599220195609,s181.681945921049277
194_142,s7.421622808997475,s5.771859743854344,s179.574891658735197
194_143,s8.063239484185203,s5.828268796507094,s179.182932507018592
194_144,s0.050407467499444,s5.858093055590224,s2.339875954139312
194_145,s0.874660028268211,s6.062647035395208,s-0.972227811500493
194_146,s1.351955025035259,s6.040527701245621,s4.708142702267018
194_147,s2.156470318907634,s6.018102255138710,s-0.445001182247178
194_148,s2.922918287611524,s5.863289481216782,s-6.197875740715777
194_149,s3.461056953670878,s5.933790819060112,s-0.565098280575848
194_150,s4.397501644164747,s5.791091340216113,s5.316065743967080
194_151,s4.842123526529998,s6.192182389972817,s-4.864727806919497
194_152,s5.644146437917551,s6.166616305554698,s-7.396325085575477
194_153,s6.426439536772360,s6.097627842074332,s2.782534328982837
194_154,s6.926752698487622,s6.302393330956626,s7.402980725282871
194_155,s7.747748716095397,s6.129704220628726,s-1.607837746125123
194_156,s0.356985452130882,s6.647307683446332,s179.919160582723066
194_157,s1.129087502270462,s6.763745881334356,s176.414706785269402
194_158,s1.857687621099297,s6.708734491362723,s179.988327877842920
194_159,s2.428580611698355,s6.825817387032808,s184.446874441724304
194_160,s3.296236101407455,s6.792131836298198,s184.314488703058174
194_161,s3.829742946316122,s6.892274916720540,s187.217194148043546
194_162,s4.519754581246351,s6.702626205082456,s176.226269853837238
194_163,s5.359320587018773,s6.842860276828691,s182.529306539392962
194_164,s6.060678410497755,s6.885747376020174,s176.507533154912608
194_165,s6.859347678554178,s6.727650192068722,s175.272693021839643
194_166,s7.387395216512029,s6.932843015782492,s183.169507118072346
194_167,s7.932821780860928,s6.852900834983080,s203.014002653100761
194_168,s-0.034803496831884,s6.944358424805848,s-1.547821934401667
194_169,s0.689794107805275,s7.035409802956921,s2.303205761921984
194_170,s1.464853318236057,s7.066951072292420,s4.600638039752827
194_171,s2.310660406371589,s6.884805778980922,s0.266172282386651
194_172,s2.982943454347644,s7.084210929110073,s1.353465897681578
194_173,s3.303090820606748,s6.970652852613694,s1.530783833353835
194_174,s4.343202808233290,s6.935590270648337,s2.125923388342364
194_175,s4.940323010078286,s6.913089141535957,s2.666777671491818
194_176,s5.746622277723531,s6.993835379595442,s1.781800834575973
194_177,s6.289105107457318,s7.012497027456360,s6.996579298165844
194_178,s6.887422678003123,s7.112887012207072,s-1.794336756211647
194_179,s7.762968332753915,s7.027920423807147,s-4.730084951293557
194_180,s0.477763039166304,s7.840901570656149,s185.301181473926817
194_181,s1.025543221423804,s7.740340774795492,s171.107737698845511
194_182,s1.808809879880213,s7.603409448012386,s178.151107067861801
194_183,s2.232792534248001,s7.701024435685682,s185.047762847656571
194_184,s3.246768452183713,s7.812623159976630,s176.220984460047703
194_185,s3.975906382695060,s7.914607328173074,s174.767286598078385
194_186,s4.378847941433618,s7.861127566259341,s185.396561113716928
194_187,s5.198399624817540,s7.905891543134230,s176.836339787108045
194_188,s5.824623104193915,s7.678794800714558,s182.298298035680091
194_189,s6.564794830284979,s7.761151178770687,s177.989287781472115
194_190,s7.104355772205471,s7.711763821326324,s175.737176550707062
194_191,s7.974217939581806,s7.946358250844891,s203.974376837903975
194_192,s0.030587433846196,s7.679703413456565,s-1.475896627973026
194_193,s0.591141340855180,s7.905564722698844,s-42.006539850108219
195_0,s0.021278854880666,s-0.009702584339469,s7.611853156308120
195_1,s0.787283263399363,s0.038128912766385,s20.835090611105990
195_2,s1.563115124270035,s-0.018254019236899,s-3.838067454205395
195_3,s2.147029541746865,s0.057149594229653,s-0.671954878053544
195_4,s2.951428923788852,s0.053463557312237,s30.246645934955293
195_5,s3.694346273678368,s0.280796298433144,s3.873679674238955
195_6,s4.214176514740872,s-0.003800477016114,s-1.896218115068529
195_7,s4.766377161465086,s0.004096127636694,s-0.570878977324476
195_8,s5.590538532324618,s0.084548758375199,s3.074457010070070
195_9,s6.319270301418067,s0.001795625498550,s0.683030833268751
195_10,s6.904411269101836,s-0.032130855986244,s2.247053295120337
195_11,s7.556632527550317,s0.231151386756589,s-3.993132071090484
195_12,s0.265838508519025,s0.971946290225530,s179.553682043546075
195_13,s1.275080182923087,s0.967671623058888,s185.019870737839511
195_14,s1.555055357935884,s0.771126211526597,s185.370378480234535
195_15,s2.280048608206099,s0.889141544582124,s174.503410365116849
195_16,s3.300567033199477,s0.805721072033740,s186.318002312854389
195_17,s3.781974189449020,s0.744231940988033,s181.582233554809136
195_18,s4.604269619334088,s0.885254283932231,s184.534450893373162
195_19,s5.450935574940531,s0.634020619727728,s183.765823989537409
195_20,s5.786694536434399,s0.723810943429033,s178.372287005586855
195_21,s6.813573558827311,s0.758162593214647,s174.104115506020037
195_22,s7.343347188527096,s0.659994027292042,s177.519488084402610
195_23,s8.005287850932424,s0.768021338728899,s180.337963361317236
195_24,s0.178158493618030,s0.852539289088341,s-1.712232777761405
195_25,s0.817004491194284,s1.196468423165388,s-3.668158488208348
195_26,s1.624118868842921,s1.031904276513555,s-8.411003366377045
195_27,s2.129306051967879,s1.201077613261346,s-1.158444784177998
195_28,s2.842594203701409,s0.969833103369734,s-5.476278193147623
195_29,s3.725253885095091,s1.176718823039553,s-1.405049055113910
195_30,s4.141687382219700,s0.945775418549072,s1.573972846651863
195_31,s4.852844679473571,s1.066846634316480,s-2.777177190975376
195_32,s5.590664944679717,s0.741160711611861,s-4.923613498465115
195_33,s6.525962603900858,s1.005529825568573,s3.902318298036791
195_34,s6.901572165558733,s1.217801036623002,s2.830413637194589
195_35,s7.535646667337637,s0.804318424754054,s-4.302045285495085
195_36,s0.512638394770342,s1.743566137712534,s175.138499240427819
195_37,s1.084744475757410,s1.641768854471961,s178.681810193991822
195_38,s1.621018757175771,s1.848899670470837,s179.125758723712636
195_39,s2.629409574976156,s1.804817570480012,s179.461974104056083
195_40,s3.105771837464723,s1.616914763093030,s181.942879926132349
195_41,s3.891656105289627,s1.866403329559864,s173.845753565402021
195_42,s4.611388088556560,s1.868528505661282,s177.529439932545529
195_43,s5.377062226140573,s1.954099177265388,s180.188192592007056
195_44,s6.029755613154589,s1.814422531738403,s182.384259632204447
195_45,s6.698013512101701,s1.740375758406048,s176.879443881646068
195_46,s7.442979946684334,s1.787690284795254,s173.556012994639616
195_47,s8.078730573178722,s1.767096386769835,s162.820958749712332
195_48,s0.033020440281322,s1.945381316363120,s1.392348939377811
195_49,s0.896548689591669,s1.725038640966198,s0.157416012897072
195_50,s1.324382138209012,s2.003547036865506,s3.193912071378239
195_51,s2.068973163340204,s2.012992572877382,s1.180275183116768
195_52,s2.736596696133514,s2.108788353173161,s-3.124196065628820
195_53,s3.528573624603834,s1.983267837081227,s-2.353281449867117
195_54,s4.088331961940292,s1.840729095512018,s-5.955032386333412
195_55,s5.095948363293183,s2.015580671966675,s-2.654922946349031
195_56,s5.465194162439135,s2.077053185220795,s8.336838820535993
195_57,s6.540360627015920,s2.035450638633899,s2.592273024687937
195_58,s7.171449444954594,s1.975943676737324,s1.154221970678100
195_59,s7.765747328888001,s2.187882375183988,s1.105946915693787
195_60,s0.322092753197741,s2.743760919994459,s176.028677290124875
195_61,s1.230049567957900,s2.773829195925117,s182.603162156438970
195_62,s1.842261043609914,s2.993261652820727,s179.781373224776672
195_63,s2.350271537065980,s2.840392991553732,s176.033654441870794
195_64,s3.274972882658862,s2.536329008769183,s178.890547913247588
195_65,s3.697735353061018,s2.863291616577963,s179.325408730080142
195_66,s4.576209299889952,s2.952872124960050,s173.970711370647848
195_67,s5.082262156305268,s2.944448307096854,s180.615743881926505
195_68,s5.990698657030712,s2.830160154293258,s175.873294383217740
195_69,s6.506652580959082,s3.021194459040876,s173.549070709474222
195_70,s7.287365736675100,s2.688599219446889,s177.217178698712132
195_71,s7.946363542034782,s2.741980270956007,s184.885432273636610
195_72,s-0.107317599881271,s3.126778776481649,s15.165153843913352
195_73,s0.642251195858239,s2.972034811840492,s-1.850346838186713
195_74,s1.229458009662679,s3.020714039063360,s-7.148020431585952
195_75,s2.120372392704923,s3.022007132714501,s0.079087809004921
195_76,s2.670926946958463,s2.943667977825595,s4.123820847526797
195_77,s3.495710650824638,s3.185774330543625,s-1.571109238100733
195_78,s4.246933854130230,s3.101747918623257,s0.793690207783055
195_79,s5.145791773268360,s2.958629032449281,s1.098992284069020
195_80,s5.544544067524445,s3.009354289171030,s0.992230929181185
195_81,s6.200255166838976,s3.061254545937247,s-0.672357503204350
195_82,s6.974126649988279,s3.136008189750759,s-5.805526063614758
195_83,s7.807825420191305,s3.226029429628010,s3.059011466280334
195_84,s0.540500890800760,s3.663958942900969,s183.056225217640929
195_85,s1.209590211812179,s3.813838740131579,s180.760854409941317
195_86,s1.957902963727892,s3.537958416478996,s179.722963463841495
195_87,s2.508889794967893,s3.882279124258674,s178.335187846189910
195_88,s3.123669262330579,s3.678209861583953,s183.330737888308931
195_89,s3.629088491301888,s3.729586993513449,s180.154777452117514
195_90,s4.455414926876569,s3.836244839119166,s183.696251613068171
195_91,s5.457676813200844,s3.721181635001943,s179.846916683990457
195_92,s6.061039053848676,s3.970523375931377,s183.016218134660363
195_93,s6.614194723129610,s4.011342640991368,s182.310654440210072
195_94,s7.249095261086451,s3.834411470758770,s178.945540379808421
195_95,s8.055328762495732,s3.820801630976994,s187.421058544761280
195_96,s-0.026684848474439,s4.004051813504924,s-2.609588714081310
195_97,s0.484468083461486,s3.755406354058257,s-4.177428209421405
195_98,s1.426440081112374,s3.778528734787565,s-7.216385003061178
195_99,s2.093981801731847,s3.775825498443616,s-0.861313878188720
195_100,s2.726109877422175,s3.990524085727778,s0.560549731324531
195_101,s3.510291370052627,s3.909175362544132,s-2.706677040588162
195_102,s4.267677162683079,s3.893071677273220,s-3.632505788239796
195_103,s4.971264355761798,s4.077458529814090,s-6.458546141671794
195_104,s5.602215114859082,s3.909235765001295,s-0.114482327779195
195_105,s6.473436672686877,s4.075543834902028,s-7.596937534923752
195_106,s6.932018111634751,s4.102701927488382,s0.577879414293044
195_107,s7.652171273650278,s4.015733023035559,s-1.922775251687597
195_108,s0.299003106680172,s4.646062158781662,s186.404233265520872
195_109,s1.203410044404073,s4.731879100610369,s181.742301931848800
195_110,s1.917928638326374,s4.950638465242355,s178.563001284208099
195_111,s2.621973445591094,s4.917323488485711,s179.597817878251277
195_112,s2.873783982597962,s4.874685016428480,s174.978186655531232
195_113,s3.835910018803623,s4.765204130668737,s178.849369318731419
195_114,s4.513877725657284,s4.689498439000887,s186.618893915793166
195_115,s5.195009627078497,s4.673771473772908,s180.413902870455814
195_116,s6.096086038088250,s4.990964714327326,s186.272818781242080
195_117,s6.452236704259942,s4.791521918724549,s177.335810763177733
195_118,s7.445600870199282,s4.862682321485835,s176.978384814970809
195_119,s7.849930516398871,s4.766210767078846,s185.271450163713297
195_120,s-0.032128427310478,s5.089370759349706,s25.147118281968883
195_121,s0.543925050001352,s4.944058247874191,s1.987975563410899
195_122,s1.530403539281606,s5.007651839508543,s-3.717357347230105
195_123,s1.842800380007052,s5.049080250420282,s4.361961420854422
195_124,s2.626598321445897,s4.891460280891272,s4.412448246658596
195_125,s3.734744838055121,s4.868744046585548,s6.543069773487330
195_126,s4.054455510890677,s5.214973350000787,s-1.469632502799941
195_127,s4.673085866201444,s5.084645059309777,s-3.992508217693491
195_128,s5.591528483993242,s5.197824992378088,s3.684398238354555
195_129,s6.413542111095961,s5.002258988890139,s7.047967174915926
195_130,s6.922563073877774,s5.036252442525313,s1.869175010655212
195_131,s7.621922068685252,s4.936885717937893,s-0.312943367778948
195_132,s0.472235853511177,s5.645539392797058,s180.043073964380625
195_133,s1.160683299868136,s5.890456807526903,s183.228331085288630
195_134,s1.915547476532103,s5.713027983390377,s177.231456279334452
195_135,s2.418602760721499,s5.706483606064954,s179.457617362516800
195_136,s3.257394433529303,s5.893617978212651,s181.824240839770596
195_137,s3.917141765264024,s5.710457334874621,s181.724786451810246
195_138,s4.426622669207966,s5.850523189097677,s180.449980849098893
195_139,s5.231789392317244,s5.867516905984266,s186.042643368041212
195_140,s5.865935169175246,s5.929716869459728,s183.020129856905129
195_141,s6.602072512982069,s5.909311340709558,s182.292351306462052
195_142,s7.279319521672593,s5.835871811598532,s178.396858239677982
195_143,s8.057801681337315,s5.961268820054445,s181.423624550282113
195_144,s-0.050825965453824,s6.023993309516931,s8.217423065449111
195_145,s0.781949509869019,s5.865548305720737,s-1.617208099570024
195_146,s1.364303686586241,s5.772597442308262,s-1.946197010065930
195_147,s2.192621827339061,s5.983676945033264,s-5.823961107465211
195_148,s2.799210710136747,s6.158941924017559,s-2.282476323644290
195_149,s3.317871457113097,s5.947038956766658,s0.914052916056646
195_150,s4.049067831716100,s6.015461828687866,s-7.181338356641538
195_151,s4.886625985855209,s6.113342158622838,s2.985843326529666
195_152,s5.555396185137238,s6.199437129641402,s-3.502685480982177
195_153,s6.338777803011913,s5.773934326341612,s-7.671007416779132
195_154,s7.046049472832415,s5.908791244481183,s-6.617388503608765
195_155,s7.689636389024618,s5.841836954494816,s-1.095776479916530
195_156,s0.484048537555080,s6.992075657779163,s176.776793600645988
195_157,s0.889383937059500,s6.948716059845577,s183.061383618029112
195_158,s1.876583404951620,s6.722461823311297,s181.728342396463376
195_159,s2.477257943263586,s6.825685065803916,s175.496607960023766
195_160,s3.365816787231389,s6.811355135406787,s183.790423779929768
195_161,s3.851947537124439,s6.680492513832012,s172.930726439550625
195_162,s4.516304591584725,s6.584419318572819,s186.316249138080565
195_163,s5.290387738609730,s6.835791104291874,s174.201777019344377
195_164,s5.773897623521890,s6.904918936854711,s184.870928937072932
195_165,s6.549271167596999,s6.706453740661745,s182.517437307157252
195_166,s7.277533046481160,s7.013209380543215,s175.818304461437549
195_167,s8.034889508161983,s6.888689026574952,s176.191078602403451
195_168,s0.057407120314228,s6.915780909417770,s0.382040356848619
195_169,s0.718590118905608,s6.928884645909624,s3.281884614273697
195_170,s1.332366570001672,s6.915241245857966,s6.378536193984083
195_171,s2.273565916975806,s6.904377034534577,s-1.388709485396201
195_172,s2.665997053132522,s6.983706316903135,s4.589702313471019
195_173,s3.373591721063400,s7.224728601559792,s-2.783479184699750
195_174,s4.162970588601680,s7.050363754649151,s-5.509514915383756
195_175,s4.969202148182507,s6.825699436254135,s-0.834675558380193
195_176,s5.830858566829280,s6.866774183046928,s-4.919932427303536
195_177,s6.309683663086146,s6.847421000076445,s-2.145418559687465
195_178,s7.112143167768256,s7.121427538788202,s-3.785538070171403
195_179,s7.849770674184686,s7.029914344936782,s-0.336156534204761
195_180,s0.247130233741264,s7.702370403797501,s178.203276536179828
195_181,s1.045139991946028,s7.813961988846578,s179.442614953033171
195_182,s1.655193276479968,s7.927009248892001,s179.969554333315813
195_183,s2.443208547820041,s7.693617705240531,s178.898755257791436
195_184,s3.239933145009695,s7.919887476295599,s179.016715047728951
195_185,s3.826191873110979,s7.698818271622639,s176.813137392723803
195_186,s4.469843205224851,s8.020172613629576,s185.262652298595611
195_187,s5.219484824896881,s7.834639405061536,s198.774448823654495
195_188,s6.052800498058185,s7.895724281953229,s182.655561617229807
195_189,s6.606409312853238,s8.013292998803738,s181.971261123416298
195_190,s7.098850181635773,s7.836872577894511,s182.298071499751757
195_191,s7.956042745872161,s7.752924039018491,s175.218468255603938
195_192,s-0.064887942966080,s7.784451488947155,s7.871575068381112
195_193,s0.535747926688634,s8.072137409257344,s-42.987121297729281
195_194,s1.462429069881868,s7.871377603635425,s6.959284714723180
196_0,s0.000000000000000,s0.000000000000000,s0.000000000000000
196_1,s0.700000000000000,s0.000000000000000,s0.000000000000000
196_2,s1.400000000000000,s0.000000000000000,s0.000000000000000
196_3,s2.100000000000000,s0.000000000000000,s0.000000000000000
196_4,s2.800000000000000,s0.000000000000000,s0.000000000000000
196_5,s3.500000000000000,s0.000000000000000,s0.000000000000000
196_6,s4.200000000000000,s0.000000000000000,s0.000000000000000
196_7,s4.900000000000000,s0.000000000000000,s0.000000000000000
196_8,s5.600000000000000,s0.000000000000000,s0.000000000000000
196_9,s6.300000000000000,s0.000000000000000,s0.000000000000000
196_10,s7.000000000000000,s0.000000000000000,s0.000000000000000
196_11,s7.700000000000000,s0.000000000000000,s0.000000000000000
196_12,s0.350000000000000,s0.800000000000000,s180.000000000000000
196_13,s1.050000000000000,s0.800000000000000,s180.000000000000000
196_14,s1.750000000000000,s0.800000000000000,s180.000000000000000
196_15,s2.450000000000000,s0.800000000000000,s180.000000000000000
196_16,s3.150000000000000,s0.800000000000000,s180.000000000000000
196_17,s3.850000000000000,s0.800000000000000,s180.000000000000000
196_18,s4.550000000000000,s0.800000000000000,s180.000000000000000
196_19,s5.250000000000000,s0.800000000000000,s180.000000000000000
196_20,s5.950000000000000,s0.800000000000000,s180.000000000000000
196_21,s6.650000000000000,s0.800000000000000,s180.000000000000000
196_22,s7.350000000000000,s0.800000000000000,s180.000000000000000
196_23,s8.050000000000001,s0.800000000000000,s180.000000000000000
196_24,s0.000000000000000,s1.000000000000000,s0.000000000000000
196_25,s0.700000000000000,s1.000000000000000,s0.000000000000000
196_26,s1.400000000000000,s1.000000000000000,s0.000000000000000
196_27,s2.100000000000000,s1.000000000000000,s0.000000000000000
196_28,s2.800000000000000,s1.000000000000000,s0.000000000000000
196_29,s3.500000000000000,s1.000000000000000,s0.000000000000000
196_30,s4.200000000000000,s1.000000000000000,s0.000000000000000
196_31,s4.900000000000000,s1.000000000000000,s0.000000000000000
196_32,s5.600000000000000,s1.000000000000000,s0.000000000000000
196_33,s6.300000000000000,s1.000000000000000,s0.000000000000000
196_34,s7.000000000000000,s1.000000000000000,s0.000000000000000
196_35,s7.700000000000000,s1.000000000000000,s0.000000000000000
196_36,s0.350000000000000,s1.800000000000000,s180.000000000000000
196_37,s1.050000000000000,s1.800000000000000,s180.000000000000000
196_38,s1.750000000000000,s1.800000000000000,s180.000000000000000
196_39,s2.450000000000000,s1.800000000000000,s180.000000000000000
196_40,s3.150000000000000,s1.800000000000000,s180.000000000000000
196_41,s3.850000000000000,s1.800000000000000,s180.000000000000000
196_42,s4.550000000000000,s1.800000000000000,s180.000000000000000
196_43,s5.250000000000000,s1.800000000000000,s180.000000000000000
196_44,s5.950000000000000,s1.800000000000000,s180.000000000000000
196_45,s6.650000000000000,s1.800000000000000,s180.000000000000000
196_46,s7.350000000000000,s1.800000000000000,s180.000000000000000
196_47,s8.050000000000001,s1.800000000000000,s180.000000000000000
196_48,s0.000000000000000,s2.000000000000000,s0.000000000000000
196_49,s0.700000000000000,s2.000000000000000,s0.000000000000000
196_50,s1.400000000000000,s2.000000000000000,s0.000000000000000
196_51,s2.100000000000000,s2.000000000000000,s0.000000000000000
196_52,s2.800000000000000,s2.000000000000000,s0.000000000000000
196_53,s3.500000000000000,s2.000000000000000,s0.000000000000000
196_54,s4.200000000000000,s2.000000000000000,s0.000000000000000
196_55,s4.900000000000000,s2.000000000000000,s0.000000000000000
196_56,s5.600000000000000,s2.000000000000000,s0.000000000000000
196_57,s6.300000000000000,s2.000000000000000,s0.000000000000000
196_58,s7.000000000000000,s2.000000000000000,s0.000000000000000
196_59,s7.700000000000000,s2.000000000000000,s0.000000000000000
196_60,s0.350000000000000,s2.800000000000000,s180.000000000000000
196_61,s1.050000000000000,s2.800000000000000,s180.000000000000000
196_62,s1.750000000000000,s2.800000000000000,s180.000000000000000
196_63,s2.450000000000000,s2.800000000000000,s180.000000000000000
196_64,s3.150000000000000,s2.800000000000000,s180.000000000000000
196_65,s3.850000000000000,s2.800000000000000,s180.000000000000000
196_66,s4.550000000000000,s2.800000000000000,s180.000000000000000
196_67,s5.250000000000000,s2.800000000000000,s180.000000000000000
196_68,s5.950000000000000,s2.800000000000000,s180.000000000000000
196_69,s6.650000000000000,s2.800000000000000,s180.000000000000000
196_70,s7.350000000000000,s2.800000000000000,s180.000000000000000
196_71,s8.050000000000001,s2.800000000000000,s180.000000000000000
196_72,s0.000000000000000,s3.000000000000000,s0.000000000000000
196_73,s0.700000000000000,s3.000000000000000,s0.000000000000000
196_74,s1.400000000000000,s3.000000000000000,s0.000000000000000
196_75,s2.100000000000000,s3.000000000000000,s0.000000000000000
196_76,s2.800000000000000,s3.000000000000000,s0.000000000000000
196_77,s3.500000000000000,s3.000000000000000,s0.000000000000000
196_78,s4.200000000000000,s3.000000000000000,s0.000000000000000
196_79,s4.900000000000000,s3.000000000000000,s0.000000000000000
196_80,s5.600000000000000,s3.000000000000000,s0.000000000000000
196_81,s6.300000000000000,s3.000000000000000,s0.000000000000000
196_82,s7.000000000000000,s3.000000000000000,s0.000000000000000
196_83,s7.700000000000000,s3.000000000000000,s0.000000000000000
196_84,s0.350000000000000,s3.800000000000000,s180.000000000000000
196_85,s1.050000000000000,s3.800000000000000,s180.000000000000000
196_86,s1.750000000000000,s3.800000000000000,s180.000000000000000
196_87,s2.450000000000000,s3.800000000000000,s180.000000000000000
196_88,s3.150000000000000,s3.800000000000000,s180.000000000000000
196_89,s3.850000000000000,s3.800000000000000,s180.000000000000000
196_90,s4.550000000000000,s3.800000000000000,s180.000000000000000
196_91,s5.250000000000000,s3.800000000000000,s180.000000000000000
196_92,s5.950000000000000,s3.800000000000000,s180.000000000000000
196_93,s6.650000000000000,s3.800000000000000,s180.000000000000000
196_94,s7.350000000000000,s3.800000000000000,s180.000000000000000
196_95,s8.050000000000001,s3.800000000000000,s180.000000000000000
196_96,s0.000000000000000,s4.000000000000000,s0.000000000000000
196_97,s0.700000000000000,s4.000000000000000,s0.000000000000000
196_98,s1.400000000000000,s4.000000000000000,s0.000000000000000
196_99,s2.100000000000000,s4.000000000000000,s0.000000000000000
196_100,s2.800000000000000,s4.000000000000000,s0.000000000000000
196_101,s3.500000000000000,s4.000000000000000,s0.000000000000000
196_102,s4.200000000000000,s4.000000000000000,s0.000000000000000
196_103,s4.900000000000000,s4.000000000000000,s0.000000000000000
196_104,s5.600000000000000,s4.000000000000000,s0.000000000000000
196_105,s6.300000000000000,s4.000000000000000,s0.000000000000000
196_106,s7.000000000000000,s4.000000000000000,s0.000000000000000
196_107,s7.700000000000000,s4.000000000000000,s0.000000000000000
196_108,s0.350000000000000,s4.800000000000000,s180.000000000000000
196_109,s1.050000000000000,s4.800000000000000,s180.000000000000000
196_110,s1.750000000000000,s4.800000000000000,s180.000000000000000
196_111,s2.450000000000000,s4.800000000000000,s180.000000000000000
196_112,s3.150000000000000,s4.800000000000000,s180.000000000000000
196_113,s3.850000000000000,s4.800000000000000,s180.000000000000000
196_114,s4.550000000000000,s4.800000000000000,s180.000000000000000
196_115,s5.250000000000000,s4.800000000000000,s180.000000000000000
196_116,s5.950000000000000,s4.800000000000000,s180.000000000000000
196_117,s6.650000000000000,s4.800000000000000,s180.000000000000000
196_118,s7.350000000000000,s4.800000000000000,s180.000000000000000
196_119,s8.050000000000001,s4.800000000000000,s180.000000000000000
196_120,s0.000000000000000,s5.000000000000000,s0.000000000000000
196_121,s0.700000000000000,s5.000000000000000,s0.000000000000000
196_122,s1.400000000000000,s5.000000000000000,s0.000000000000000
196_123,s2.100000000000000,s5.000000000000000,s0.000000000000000
196_124,s2.800000000000000,s5.000000000000000,s0.000000000000000
196_125,s3.500000000000000,s5.000000000000000,s0.000000000000000
196_126,s4.200000000000000,s5.000000000000000,s0.000000000000000
196_127,s4.900000000000000,s5.000000000000000,s0.000000000000000
196_128,s5.600000000000000,s5.000000000000000,s0.000000000000000
196_129,s6.300000000000000,s5.000000000000000,s0.000000000000000
196_130,s7.000000000000000,s5.000000000000000,s0.000000000000000
196_131,s7.700000000000000,s5.000000000000000,s0.000000000000000
196_132,s0.350000000000000,s5.800000000000000,s180.000000000000000
196_133,s1.050000000000000,s5.800000000000000,s180.000000000000000
196_134,s1.750000000000000,s5.800000000000000,s180.000000000000000
196_135,s2.450000000000000,s5.800000000000000,s180.000000000000000
196_136,s3.150000000000000,s5.800000000000000,s180.000000000000000
196_137,s3.850000000000000,s5.800000000000000,s180.000000000000000
196_138,s4.550000000000000,s5.800000000000000,s180.000000000000000
196_139,s5.250000000000000,s5.800000000000000,s180.000000000000000
196_140,s5.950000000000000,s5.800000000000000,s180.000000000000000
196_141,s6.650000000000000,s5.800000000000000,s180.000000000000000
196_142,s7.350000000000000,s5.800000000000000,s180.000000000000000
196_143,s8.050000000000001,s5.800000000000000,s180.000000000000000
196_144,s0.000000000000000,s6.000000000000000,s0.000000000000000
196_145,s0.700000000000000,s6.000000000000000,s0.000000000000000
196_146,s1.400000000000000,s6.000000000000000,s0.000000000000000
196_147,s2.100000000000000,s6.000000000000000,s0.000000000000000
196_148,s2.800000000000000,s6.000000000000000,s0.000000000000000
196_149,s3.500000000000000,s6.000000000000000,s0.000000000000000
196_150,s4.200000000000000,s6.000000000000000,s0.000000000000000
196_151,s4.900000000000000,s6.000000000000000,s0.000000000000000
196_152,s5.600000000000000,s6.000000000000000,s0.000000000000000
196_153,s6.300000000000000,s6.000000000000000,s0.000000000000000
196_154,s7.000000000000000,s6.000000000000000,s0.000000000000000
196_155,s7.700000000000000,s6.000000000000000,s0.000000000000000
196_156,s0.350000000000000,s6.800000000000000,s180.000000000000000
196_157,s1.050000000000000,s6.800000000000000,s180.000000000000000
196_158,s1.750000000000000,s6.800000000000000,s180.000000000000000
196_159,s2.450000000000000,s6.800000000000000,s180.000000000000000
196_160,s3.150000000000000,s6.800000000000000,s180.000000000000000
196_161,s3.850000000000000,s6.800000000000000,s180.000000000000000
196_162,s4.550000000000000,s6.800000000000000,s180.000000000000000
196_163,s5.250000000000000,s6.800000000000000,s180.000000000000000
196_164,s5.950000000000000,s6.800000000000000,s180.000000000000000
196_165,s6.650000000000000,s6.800000000000000,s180.000000000000000
196_166,s7.350000000000000,s6.800000000000000,s180.000000000000000
196_167,s8.050000000000001,s6.800000000000000,s180.000000000000000
196_168,s0.000000000000000,s7.000000000000000,s0.000000000000000
196_169,s0.700000000000000,s7.000000000000000,s0.000000000000000
196_170,s1.400000000000000,s7.000000000000000,s0.000000000000000
196_171,s2.100000000000000,s7.000000000000000,s0.000000000000000
196_172,s2.800000000000000,s7.000000000000000,s0.000000000000000
196_173,s3.500000000000000,s7.000000000000000,s0.000000000000000
196_174,s4.200000000000000,s7.000000000000000,s0.000000000000000
196_175,s4.900000000000000,s7.000000000000000,s0.000000000000000
196_176,s5.600000000000000,s7.000000000000000,s0.000000000000000
196_177,s6.300000000000000,s7.000000000000000,s0.000000000000000
196_178,s7.000000000000000,s7.000000000000000,s0.000000000000000
196_179,s7.700000000000000,s7.000000000000000,s0.000000000000000
196_180,s0.350000000000000,s7.800000000000000,s180.000000000000000
196_181,s1.050000000000000,s7.800000000000000,s180.000000000000000
196_182,s1.750000000000000,s7.800000000000000,s180.000000000000000
196_183,s2.450000000000000,s7.800000000000000,s180.000000000000000
196_184,s3.150000000000000,s7.800000000000000,s180.000000000000000
196_185,s3.850000000000000,s7.800000000000000,s180.000000000000000
196_186,s4.550000000000000,s7.800000000000000,s180.000000000000000
196_187,s5.250000000000000,s7.800000000000000,s180.000000000000000
196_188,s5.950000000000000,s7.800000000000000,s180.000000000000000
196_189,s6.650000000000000,s7.800000000000000,s180.000000000000000
196_190,s7.350000000000000,s7.800000000000000,s180.000000000000000
196_191,s8.050000000000001,s7.800000000000000,s180.000000000000000
196_192,s0.000000000000000,s8.000000000000000,s0.000000000000000
196_193,s0.700000000000000,s8.000000000000000,s0.000000000000000
196_194,s1.400000000000000,s8.000000000000000,s0.000000000000000
196_195,s2.100000000000000,s8.000000000000000,s0.000000000000000
197_0,s0.000000000000000,s0.000000000000000,s0.000000000000000
197_1,s0.700000000000000,s0.000000000000000,s0.000000000000000
197_2,s1.400000000000000,s0.000000000000000,s0.000000000000000
197_3,s2.100000000000000,s0.000000000000000,s0.000000000000000
197_4,s2.800000000000000,s0.000000000000000,s0.000000000000000
197_5,s3.500000000000000,s0.000000000000000,s0.000000000000000
197_6,s4.200000000000000,s0.000000000000000,s0.000000000000000
197_7,s4.900000000000000,s0.000000000000000,s0.000000000000000
197_8,s5.600000000000000,s0.000000000000000,s0.000000000000000
197_9,s6.300000000000000,s0.000000000000000,s0.000000000000000
197_10,s7.000000000000000,s0.000000000000000,s0.000000000000000
197_11,s7.700000000000000,s0.000000000000000,s0.000000000000000
197_12,s0.350000000000000,s0.800000000000000,s180.000000000000000
197_13,s1.050000000000000,s0.800000000000000,s180.000000000000000
197_14,s1.750000000000000,s0.800000000000000,s180.000000000000000
197_15,s2.450000000000000,s0.800000000000000,s180.000000000000000
197_16,s3.150000000000000,s0.800000000000000,s180.000000000000000
197_17,s3.850000000000000,s0.800000000000000,s180.000000000000000
197_18,s4.550000000000000,s0.800000000000000,s180.000000000000000
197_19,s5.250000000000000,s0.800000000000000,s180.000000000000000
197_20,s5.950000000000000,s0.800000000000000,s180.000000000000000
197_21,s6.650000000000000,s0.800000000000000,s180.000000000000000
197_22,s7.350000000000000,s0.800000000000000,s180.000000000000000
197_23,s8.050000000000001,s0.800000000000000,s180.000000000000000
197_24,s0.000000000000000,s1.000000000000000,s0.000000000000000
197_25,s0.700000000000000,s1.000000000000000,s0.000000000000000
197_26,s1.400000000000000,s1.000000000000000,s0.000000000000000
197_27,s2.100000000000000,s1.000000000000000,s0.000000000000000
197_28,s2.800000000000000,s1.000000000000000,s0.000000000000000
197_29,s3.500000000000000,s1.000000000000000,s0.000000000000000
197_30,s4.200000000000000,s1.000000000000000,s0.000000000000000
197_31,s4.900000000000000,s1.000000000000000,s0.000000000000000
197_32,s5.600000000000000,s1.000000000000000,s0.000000000000000
197_33,s6.300000000000000,s1.000000000000000,s0.000000000000000
197_34,s7.000000000000000,s1.000000000000000,s0.000000000000000
197_35,s7.700000000000000,s1.000000000000000,s0.000000000000000
197_36,s0.350000000000000,s1.800000000000000,s180.000000000000000
197_37,s1.050000000000000,s1.800000000000000,s180.000000000000000
197_38,s1.750000000000000,s1.800000000000000,s180.000000000000000
197_39,s2.450000000000000,s1.800000000000000,s180.000000000000000
197_40,s3.150000000000000,s1.800000000000000,s180.000000000000000
197_41,s3.850000000000000,s1.800000000000000,s180.000000000000000
197_42,s4.550000000000000,s1.800000000000000,s180.000000000000000
197_43,s5.250000000000000,s1.800000000000000,s180.000000000000000
197_44,s5.950000000000000,s1.800000000000000,s180.000000000000000
197_45,s6.650000000000000,s1.800000000000000,s180.000000000000000
197_46,s7.350000000000000,s1.800000000000000,s180.000000000000000
197_47,s8.050000000000001,s1.800000000000000,s180.000000000000000
197_48,s0.000000000000000,s2.000000000000000,s0.000000000000000
197_49,s0.700000000000000,s2.000000000000000,s0.000000000000000
197_50,s1.400000000000000,s2.000000000000000,s0.000000000000000
197_51,s2.100000000000000,s2.000000000000000,s0.000000000000000
197_52,s2.800000000000000,s2.000000000000000,s0.000000000000000
197_53,s3.500000000000000,s2.000000000000000,s0.000000000000000
197_54,s4.200000000000000,s2.000000000000000,s0.000000000000000
197_55,s4.900000000000000,s2.000000000000000,s0.000000000000000
197_56,s5.600000000000000,s2.000000000000000,s0.000000000000000
197_57,s6.300000000000000,s2.000000000000000,s0.000000000000000
197_58,s7.000000000000000,s2.000000000000000,s0.000000000000000
197_59,s7.700000000000000,s2.000000000000000,s0.000000000000000
197_60,s0.350000000000000,s2.800000000000000,s180.000000000000000
197_61,s1.050000000000000,s2.800000000000000,s180.000000000000000
197_62,s1.750000000000000,s2.800000000000000,s180.000000000000000
197_63,s2.450000000000000,s2.800000000000000,s180.000000000000000
197_64,s3.150000000000000,s2.800000000000000,s180.000000000000000
197_65,s3.850000000000000,s2.800000000000000,s180.000000000000000
197_66,s4.550000000000000,s2.800000000000000,s180.000000000000000
197_67,s5.250000000000000,s2.800000000000000,s180.000000000000000
197_68,s5.950000000000000,s2.800000000000000,s180.000000000000000
197_69,s6.650000000000000,s2.800000000000000,s180.000000000000000
197_70,s7.350000000000000,s2.800000000000000,s180.000000000000000
197_71,s8.050000000000001,s2.800000000000000,s180.000000000000000
197_72,s0.000000000000000,s3.000000000000000,s0.000000000000000
197_73,s0.700000000000000,s3.000000000000000,s0.000000000000000
197_74,s1.400000000000000,s3.000000000000000,s0.000000000000000
197_75,s2.100000000000000,s3.000000000000000,s0.000000000000000
197_76,s2.800000000000000,s3.000000000000000,s0.000000000000000
197_77,s3.500000000000000,s3.000000000000000,s0.000000000000000
197_78,s4.200000000000000,s3.000000000000000,s0.000000000000000
197_79,s4.900000000000000,s3.000000000000000,s0.000000000000000
197_80,s5.600000000000000,s3.000000000000000,s0.000000000000000
197_81,s6.300000000000000,s3.000000000000000,s0.000000000000000
197_82,s7.000000000000000,s3.000000000000000,s0.000000000000000
197_83,s7.700000000000000,s3.000000000000000,s0.000000000000000
197_84,s0.350000000000000,s3.800000000000000,s180.000000000000000
197_85,s1.050000000000000,s3.800000000000000,s180.000000000000000
197_86,s1.750000000000000,s3.800000000000000,s180.000000000000000
197_87,s2.450000000000000,s3.800000000000000,s180.000000000000000
197_88,s3.150000000000000,s3.800000000000000,s180.000000000000000
197_89,s3.850000000000000,s3.800000000000000,s180.000000000000000
197_90,s4.550000000000000,s3.800000000000000,s180.000000000000000
197_91,s5.250000000000000,s3.800000000000000,s180.000000000000000
197_92,s5.950000000000000,s3.800000000000000,s180.000000000000000
197_93,s6.650000000000000,s3.800000000000000,s180.000000000000000
197_94,s7.350000000000000,s3.800000000000000,s180.000000000000000
197_95,s8.050000000000001,s3.800000000000000,s180.000000000000000
197_96,s0.000000000000000,s4.000000000000000,s0.000000000000000
197_97,s0.700000000000000,s4.000000000000000,s0.000000000000000
197_98,s1.400000000000000,s4.000000000000000,s0.000000000000000
197_99,s2.100000000000000,s4.000000000000000,s0.000000000000000
197_100,s2.800000000000000,s4.000000000000000,s0.000000000000000
197_101,s3.500000000000000,s4.000000000000000,s0.000000000000000
197_102,s4.200000000000000,s4.000000000000000,s0.000000000000000
197_103,s4.900000000000000,s4.000000000000000,s0.000000000000000
197_104,s5.600000000000000,s4.000000000000000,s0.000000000000000
197_105,s6.300000000000000,s4.000000000000000,s0.000000000000000
197_106,s7.000000000000000,s4.000000000000000,s0.000000000000000
197_107,s7.700000000000000,s4.000000000000000,s0.000000000000000
197_108,s0.350000000000000,s4.800000000000000,s180.000000000000000
197_109,s1.050000000000000,s4.800000000000000,s180.000000000000000
197_110,s1.750000000000000,s4.800000000000000,s180.000000000000000
197_111,s2.450000000000000,s4.800000000000000,s180.000000000000000
197_112,s3.150000000000000,s4.800000000000000,s180.000000000000000
197_113,s3.850000000000000,s4.800000000000000,s180.000000000000000
197_114,s4.550000000000000,s4.800000000000000,s180.000000000000000
197_115,s5.250000000000000,s4.800000000000000,s180.000000000000000
197_116,s5.950000000000000,s4.800000000000000,s180.000000000000000
197_117,s6.650000000000000,s4.800000000000000,s180.000000000000000
197_118,s7.350000000000000,s4.800000000000000,s180.000000000000000
197_119,s8.050000000000001,s4.800000000000000,s180.000000000000000
197_120,s0.000000000000000,s5.000000000000000,s0.000000000000000
197_121,s0.700000000000000,s5.000000000000000,s0.000000000000000
197_122,s1.400000000000000,s5.000000000000000,s0.000000000000000
197_123,s2.100000000000000,s5.000000000000000,s0.000000000000000
197_124,s2.800000000000000,s5.000000000000000,s0.000000000000000
197_125,s3.500000000000000,s5.000000000000000,s0.000000000000000
197_126,s4.200000000000000,s5.000000000000000,s0.000000000000000
197_127,s4.900000000000000,s5.000000000000000,s0.000000000000000
197_128,s5.600000000000000,s5.000000000000000,s0.000000000000000
197_129,s6.300000000000000,s5.000000000000000,s0.000000000000000
197_130,s7.000000000000000,s5.000000000000000,s0.000000000000000
197_131,s7.700000000000000,s5.000000000000000,s0.000000000000000
197_132,s0.350000000000000,s5.800000000000000,s180.000000000000000
197_133,s1.050000000000000,s5.800000000000000,s180.000000000000000
197_134,s1.750000000000000,s5.800000000000000,s180.000000000000000
197_135,s2.450000000000000,s5.800000000000000,s180.000000000000000
197_136,s3.150000000000000,s5.800000000000000,s180.000000000000000
197_137,s3.850000000000000,s5.800000000000000,s180.000000000000000
197_138,s4.550000000000000,s5.800000000000000,s180.000000000000000
197_139,s5.250000000000000,s5.800000000000000,s180.000000000000000
197_140,s5.950000000000000,s5.800000000000000,s180.000000000000000
197_141,s6.650000000000000,s5.800000000000000,s180.000000000000000
197_142,s7.350000000000000,s5.800000000000000,s180.000000000000000
197_143,s8.050000000000001,s5.800000000000000,s180.000000000000000
197_144,s0.000000000000000,s6.000000000000000,s0.000000000000000
197_145,s0.700000000000000,s6.000000000000000,s0.000000000000000
197_146,s1.400000000000000,s6.000000000000000,s0.000000000000000
197_147,s2.100000000000000,s6.000000000000000,s0.000000000000000
197_148,s2.800000000000000,s6.000000000000000,s0.000000000000000
197_149,s3.500000000000000,s6.000000000000000,s0.000000000000000
197_150,s4.200000000000000,s6.000000000000000,s0.000000000000000
197_151,s4.900000000000000,s6.000000000000000,s0.000000000000000
197_152,s5.600000000000000,s6.000000000000000,s0.000000000000000
197_153,s6.300000000000000,s6.000000000000000,s0.000000000000000
197_154,s7.000000000000000,s6.000000000000000,s0.000000000000000
197_155,s7.700000000000000,s6.000000000000000,s0.000000000000000
197_156,s0.350000000000000,s6.800000000000000,s180.000000000000000
197_157,s1.050000000000000,s6.800000000000000,s180.000000000000000
197_158,s1.750000000000000,s6.800000000000000,s180.000000000000000
197_159,s2.450000000000000,s6.800000000000000,s180.000000000000000
197_160,s3.150000000000000,s6.800000000000000,s180.000000000000000
197_161,s3.850000000000000,s6.800000000000000,s180.000000000000000
197_162,s4.550000000000000,s6.800000000000000,s180.000000000000000
197_163,s5.250000000000000,s6.800000000000000,s180.000000000000000
197_164,s5.950000000000000,s6.800000000000000,s180.000000000000000
197_165,s6.650000000000000,s6.800000000000000,s180.000000000000000
197_166,s7.350000000000000,s6.800000000000000,s180.000000000000000
197_167,s8.050000000000001,s6.800000000000000,s180.000000000000000
197_168,s0.000000000000000,s7.000000000000000,s0.000000000000000
197_169,s0.700000000000000,s7.000000000000000,s0.000000000000000
197_170,s1.400000000000000,s7.000000000000000,s0.000000000000000
197_171,s2.100000000000000,s7.000000000000000,s0.000000000000000
197_172,s2.800000000000000,s7.000000000000000,s0.000000000000000
197_173,s3.500000000000000,s7.000000000000000,s0.000000000000000
197_174,s4.200000000000000,s7.000000000000000,s0.000000000000000
197_175,s4.900000000000000,s7.000000000000000,s0.000000000000000
197_176,s5.600000000000000,s7.000000000000000,s0.000000000000000
197_177,s6.300000000000000,s7.000000000000000,s0.000000000000000
197_178,s7.000000000000000,s7.000000000000000,s0.000000000000000
197_179,s7.700000000000000,s7.000000000000000,s0.000000000000000
197_180,s0.350000000000000,s7.800000000000000,s180.000000000000000
197_181,s1.050000000000000,s7.800000000000000,s180.000000000000000
197_182,s1.750000000000000,s7.800000000000000,s180.000000000000000
197_183,s2.450000000000000,s7.800000000000000,s180.000000000000000
197_184,s3.150000000000000,s7.800000000000000,s180.000000000000000
197_185,s3.850000000000000,s7.800000000000000,s180.000000000000000
197_186,s4.550000000000000,s7.800000000000000,s180.000000000000000
197_187,s5.250000000000000,s7.800000000000000,s180.000000000000000
197_188,s5.950000000000000,s7.800000000000000,s180.000000000000000
197_189,s6.650000000000000,s7.800000000000000,s180.000000000000000
197_190,s7.350000000000000,s7.800000000000000,s180.000000000000000
197_191,s8.050000000000001,s7.800000000000000,s180.000000000000000
197_192,s0.000000000000000,s8.000000000000000,s0.000000000000000
197_193,s0.700000000000000,s8.000000000000000,s0.000000000000000
197_194,s1.400000000000000,s8.000000000000000,s0.000000000000000
197_195,s2.100000000000000,s8.000000000000000,s0.000000000000000
197_196,s2.800000000000000,s8.000000000000000,s0.000000000000000
198_0,s0.000000000000000,s0.000000000000000,s0.000000000000000
198_1,s0.700000000000000,s0.000000000000000,s0.000000000000000
198_2,s1.400000000000000,s0.000000000000000,s0.000000000000000
198_3,s2.100000000000000,s0.000000000000000,s0.000000000000000
198_4,s2.800000000000000,s0.000000000000000,s0.000000000000000
198_5,s3.500000000000000,s0.000000000000000,s0.000000000000000
198_6,s4.200000000000000,s0.000000000000000,s0.000000000000000
198_7,s4.900000000000000,s0.000000000000000,s0.000000000000000
198_8,s5.600000000000000,s0.000000000000000,s0.000000000000000
198_9,s6.300000000000000,s0.000000000000000,s0.000000000000000
198_10,s7.000000000000000,s0.000000000000000,s0.000000000000000
198_11,s7.700000000000000,s0.000000000000000,s0.000000000000000
198_12,s0.350000000000000,s0.800000000000000,s180.000000000000000
198_13,s1.050000000000000,s0.800000000000000,s180.000000000000000
198_14,s1.750000000000000,s0.800000000000000,s180.000000000000000
198_15,s2.450000000000000,s0.800000000000000,s180.000000000000000
198_16,s3.150000000000000,s0.800000000000000,s180.000000000000000
198_17,s3.850000000000000,s0.800000000000000,s180.000000000000000
198_18,s4.550000000000000,s0.800000000000000,s180.000000000000000
198_19,s5.250000000000000,s0.800000000000000,s180.000000000000000
198_20,s5.950000000000000,s0.800000000000000,s180.000000000000000
198_21,s6.650000000000000,s0.800000000000000,s180.000000000000000
198_22,s7.350000000000000,s0.800000000000000,s180.000000000000000
198_23,s8.050000000000001,s0.800000000000000,s180.000000000000000
198_24,s0.000000000000000,s1.000000000000000,s0.000000000000000
198_25,s0.700000000000000,s1.000000000000000,s0.000000000000000
198_26,s1.400000000000000,s1.000000000000000,s0.000000000000000
198_27,s2.100000000000000,s1.000000000000000,s0.000000000000000
198_28,s2.800000000000000,s1.000000000000000,s0.000000000000000
198_29,s3.500000000000000,s1.000000000000000,s0.000000000000000
198_30,s4.200000000000000,s1.000000000000000,s0.000000000000000
198_31,s4.900000000000000,s1.000000000000000,s0.000000000000000
198_32,s5.600000000000000,s1.000000000000000,s0.000000000000000
198_33,s6.300000000000000,s1.000000000000000,s0.000000000000000
198_34,s7.000000000000000,s1.000000000000000,s0.000000000000000
198_35,s7.700000000000000,s1.000000000000000,s0.000000000000000
198_36,s0.350000000000000,s1.800000000000000,s180.000000000000000
198_37,s1.050000000000000,s1.800000000000000,s180.000000000000000
198_38,s1.750000000000000,s1.800000000000000,s180.000000000000000
198_39,s2.450000000000000,s1.800000000000000,s180.000000000000000
198_40,s3.150000000000000,s1.800000000000000,s180.000000000000000
198_41,s3.850000000000000,s1.800000000000000,s180.000000000000000
198_42,s4.550000000000000,s1.800000000000000,s180.000000000000000
198_43,s5.250000000000000,s1.800000000000000,s180.000000000000000
198_44,s5.950000000000000,s1.800000000000000,s180.000000000000000
198_45,s6.650000000000000,s1.800000000000000,s180.000000000000000
198_46,s7.350000000000000,s1.800000000000000,s180.000000000000000
198_47,s8.050000000000001,s1.800000000000000,s180.000000000000000
198_48,s0.000000000000000,s2.000000000000000,s0.000000000000000
198_49,s0.700000000000000,s2.000000000000000,s0.000000000000000
198_50,s1.400000000000000,s2.000000000000000,s0.000000000000000
198_51,s2.100000000000000,s2.000000000000000,s0.000000000000000
198_52,s2.800000000000000,s2.000000000000000,s0.000000000000000
198_53,s3.500000000000000,s2.000000000000000,s0.000000000000000
198_54,s4.200000000000000,s2.000000000000000,s0.000000000000000
198_55,s4.900000000000000,s2.000000000000000,s0.000000000000000
198_56,s5.600000000000000,s2.000000000000000,s0.000000000000000
198_57,s6.300000000000000,s2.000000000000000,s0.000000000000000
198_58,s7.000000000000000,s2.000000000000000,s0.000000000000000
198_59,s7.700000000000000,s2.000000000000000,s0.000000000000000
198_60,s0.350000000000000,s2.800000000000000,s180.000000000000000
198_61,s1.050000000000000,s2.800000000000000,s180.000000000000000
198_62,s1.750000000000000,s2.800000000000000,s180.000000000000000
198_63,s2.450000000000000,s2.800000000000000,s180.000000000000000
198_64,s3.150000000000000,s2.800000000000000,s180.000000000000000
198_65,s3.850000000000000,s2.800000000000000,s180.000000000000000
198_66,s4.550000000000000,s2.800000000000000,s180.000000000000000
198_67,s5.250000000000000,s2.800000000000000,s180.000000000000000
198_68,s5.950000000000000,s2.800000000000000,s180.000000000000000
198_69,s6.650000000000000,s2.800000000000000,s180.000000000000000
198_70,s7.350000000000000,s2.800000000000000,s180.000000000000000
198_71,s8.050000000000001,s2.800000000000000,s180.000000000000000
198_72,s0.000000000000000,s3.000000000000000,s0.000000000000000
198_73,s0.700000000000000,s3.000000000000000,s0.000000000000000
198_74,s1.400000000000000,s3.000000000000000,s0.000000000000000
198_75,s2.100000000000000,s3.000000000000000,s0.000000000000000
198_76,s2.800000000000000,s3.000000000000000,s0.000000000000000
198_77,s3.500000000000000,s3.000000000000000,s0.000000000000000
198_78,s4.200000000000000,s3.000000000000000,s0.000000000000000
198_79,s4.900000000000000,s3.000000000000000,s0.000000000000000
198_80,s5.600000000000000,s3.000000000000000,s0.000000000000000
198_81,s6.300000000000000,s3.000000000000000,s0.000000000000000
198_82,s7.000000000000000,s3.000000000000000,s0.000000000000000
198_83,s7.700000000000000,s3.000000000000000,s0.000000000000000
198_84,s0.350000000000000,s3.800000000000000,s180.000000000000000
198_85,s1.050000000000000,s3.800000000000000,s180.000000000000000
198_86,s1.750000000000000,s3.800000000000000,s180.000000000000000
198_87,s2.450000000000000,s3.800000000000000,s180.000000000000000
198_88,s3.150000000000000,s3.800000000000000,s180.000000000000000
198_89,s3.850000000000000,s3.800000000000000,s180.000000000000000
198_90,s4.550000000000000,s3.800000000000000,s180.000000000000000
198_91,s5.250000000000000,s3.800000000000000,s180.000000000000000
198_92,s5.950000000000000,s3.800000000000000,s180.000000000000000
198_93,s6.650000000000000,s3.800000000000000,s180.000000000000000
198_94,s7.350000000000000,s3.800000000000000,s180.000000000000000
198_95,s8.050000000000001,s3.800000000000000,s180.000000000000000
198_96,s0.000000000000000,s4.000000000000000,s0.000000000000000
198_97,s0.700000000000000,s4.000000000000000,s0.000000000000000
198_98,s1.400000000000000,s4.000000000000000,s0.000000000000000
198_99,s2.100000000000000,s4.000000000000000,s0.000000000000000
198_100,s2.800000000000000,s4.000000000000000,s0.000000000000000
198_101,s3.500000000000000,s4.000000000000000,s0.000000000000000
198_102,s4.200000000000000,s4.000000000000000,s0.000000000000000
198_103,s4.900000000000000,s4.000000000000000,s0.000000000000000
198_104,s5.600000000000000,s4.000000000000000,s0.000000000000000
198_105,s6.300000000000000,s4.000000000000000,s0.000000000000000
198_106,s7.000000000000000,s4.000000000000000,s0.000000000000000
198_107,s7.700000000000000,s4.000000000000000,s0.000000000000000
198_108,s0.350000000000000,s4.800000000000000,s180.000000000000000
198_109,s1.050000000000000,s4.800000000000000,s180.000000000000000
198_110,s1.750000000000000,s4.800000000000000,s180.000000000000000
198_111,s2.450000000000000,s4.800000000000000,s180.000000000000000
198_112,s3.150000000000000,s4.800000000000000,s180.000000000000000
198_113,s3.850000000000000,s4.800000000000000,s180.000000000000000
198_114,s4.550000000000000,s4.800000000000000,s180.000000000000000
198_115,s5.250000000000000,s4.800000000000000,s180.000000000000000
198_116,s5.950000000000000,s4.800000000000000,s180.000000000000000
198_117,s6.650000000000000,s4.800000000000000,s180.000000000000000
198_118,s7.350000000000000,s4.800000000000000,s180.000000000000000
198_119,s8.050000000000001,s4.800000000000000,s180.000000000000000
198_120,s0.000000000000000,s5.000000000000000,s0.000000000000000
198_121,s0.700000000000000,s5.000000000000000,s0.000000000000000
198_122,s1.400000000000000,s5.000000000000000,s0.000000000000000
198_123,s2.100000000000000,s5.000000000000000,s0.000000000000000
198_124,s2.800000000000000,s5.000000000000000,s0.000000000000000
198_125,s3.500000000000000,s5.000000000000000,s0.000000000000000
198_126,s4.200000000000000,s5.000000000000000,s0.000000000000000
198_127,s4.900000000000000,s5.000000000000000,s0.000000000000000
198_128,s5.600000000000000,s5.000000000000000,s0.000000000000000
198_129,s6.300000000000000,s5.000000000000000,s0.000000000000000
198_130,s7.000000000000000,s5.000000000000000,s0.000000000000000
198_131,s7.700000000000000,s5.000000000000000,s0.000000000000000
198_132,s0.350000000000000,s5.800000000000000,s180.000000000000000
198_133,s1.050000000000000,s5.800000000000000,s180.000000000000000
198_134,s1.750000000000000,s5.800000000000000,s180.000000000000000
198_135,s2.450000000000000,s5.800000000000000,s180.000000000000000
198_136,s3.150000000000000,s5.800000000000000,s180.000000000000000
198_137,s3.850000000000000,s5.800000000000000,s180.000000000000000
198_138,s4.550000000000000,s5.800000000000000,s180.000000000000000
198_139,s5.250000000000000,s5.800000000000000,s180.000000000000000
198_140,s5.950000000000000,s5.800000000000000,s180.000000000000000
198_141,s6.650000000000000,s5.800000000000000,s180.000000000000000
198_142,s7.350000000000000,s5.800000000000000,s180.000000000000000
198_143,s8.050000000000001,s5.800000000000000,s180.000000000000000
198_144,s0.000000000000000,s6.000000000000000,s0.000000000000000
198_145,s0.700000000000000,s6.000000000000000,s0.000000000000000
198_146,s1.400000000000000,s6.000000000000000,s0.000000000000000
198_147,s2.100000000000000,s6.000000000000000,s0.000000000000000
198_148,s2.800000000000000,s6.000000000000000,s0.000000000000000
198_149,s3.500000000000000,s6.000000000000000,s0.000000000000000
198_150,s4.200000000000000,s6.000000000000000,s0.000000000000000
198_151,s4.900000000000000,s6.000000000000000,s0.000000000000000
198_152,s5.600000000000000,s6.000000000000000,s0.000000000000000
198_153,s6.300000000000000,s6.000000000000000,s0.000000000000000
198_154,s7.000000000000000,s6.000000000000000,s0.000000000000000
198_155,s7.700000000000000,s6.000000000000000,s0.000000000000000
198_156,s0.350000000000000,s6.800000000000000,s180.000000000000000
198_157,s1.050000000000000,s6.800000000000000,s180.000000000000000
198_158,s1.750000000000000,s6.800000000000000,s180.000000000000000
198_159,s2.450000000000000,s6.800000000000000,s180.000000000000000
198_160,s3.150000000000000,s6.800000000000000,s180.000000000000000
198_161,s3.850000000000000,s6.800000000000000,s180.000000000000000
198_162,s4.550000000000000,s6.800000000000000,s180.000000000000000
198_163,s5.250000000000000,s6.800000000000000,s180.000000000000000
198_164,s5.950000000000000,s6.800000000000000,s180.000000000000000
198_165,s6.650000000000000,s6.800000000000000,s180.000000000000000
198_166,s7.350000000000000,s6.800000000000000,s180.000000000000000
198_167,s8.050000000000001,s6.800000000000000,s180.000000000000000
198_168,s0.000000000000000,s7.000000000000000,s0.000000000000000
198_169,s0.700000000000000,s7.000000000000000,s0.000000000000000
198_170,s1.400000000000000,s7.000000000000000,s0.000000000000000
198_171,s2.100000000000000,s7.000000000000000,s0.000000000000000
198_172,s2.800000000000000,s7.000000000000000,s0.000000000000000
198_173,s3.500000000000000,s7.000000000000000,s0.000000000000000
198_174,s4.200000000000000,s7.000000000000000,s0.000000000000000
198_175,s4.900000000000000,s7.000000000000000,s0.000000000000000
198_176,s5.600000000000000,s7.000000000000000,s0.000000000000000
198_177,s6.300000000000000,s7.000000000000000,s0.000000000000000
198_178,s7.000000000000000,s7.000000000000000,s0.000000000000000
198_179,s7.700000000000000,s7.000000000000000,s0.000000000000000
198_180,s0.350000000000000,s7.800000000000000,s180.000000000000000
198_181,s1.050000000000000,s7.800000000000000,s180.000000000000000
198_182,s1.750000000000000,s7.800000000000000,s180.000000000000000
198_183,s2.450000000000000,s7.800000000000000,s180.000000000000000
198_184,s3.150000000000000,s7.800000000000000,s180.000000000000000
198_185,s3.850000000000000,s7.800000000000000,s180.000000000000000
198_186,s4.550000000000000,s7.800000000000000,s180.000000000000000
198_187,s5.250000000000000,s7.800000000000000,s180.000000000000000
198_188,s5.950000000000000,s7.800000000000000,s180.000000000000000
198_189,s6.650000000000000,s7.800000000000000,s180.000000000000000
198_190,s7.350000000000000,s7.800000000000000,s180.000000000000000
198_191,s8.050000000000001,s7.800000000000000,s180.000000000000000
198_192,s0.000000000000000,s8.000000000000000,s0.000000000000000
198_193,s0.700000000000000,s8.000000000000000,s0.000000000000000
198_194,s1.400000000000000,s8.000000000000000,s0.000000000000000
198_195,s2.100000000000000,s8.000000000000000,s0.000000000000000
198_196,s2.800000000000000,s8.000000000000000,s0.000000000000000
198_197,s3.500000000000000,s8.000000000000000,s0.000000000000000
199_0,s0.000000000000000,s0.000000000000000,s0.000000000000000
199_1,s0.700000000000000,s0.000000000000000,s0.000000000000000
199_2,s1.400000000000000,s0.000000000000000,s0.000000000000000
199_3,s2.100000000000000,s0.000000000000000,s0.000000000000000
199_4,s2.800000000000000,s0.000000000000000,s0.000000000000000
199_5,s3.500000000000000,s0.000000000000000,s0.000000000000000
199_6,s4.200000000000000,s0.000000000000000,s0.000000000000000
199_7,s4.900000000000000,s0.000000000000000,s0.000000000000000
199_8,s5.600000000000000,s0.000000000000000,s0.000000000000000
199_9,s6.300000000000000,s0.000000000000000,s0.000000000000000
199_10,s7.000000000000000,s0.000000000000000,s0.000000000000000
199_11,s7.700000000000000,s0.000000000000000,s0.000000000000000
199_12,s0.350000000000000,s0.800000000000000,s180.000000000000000
199_13,s1.050000000000000,s0.800000000000000,s180.000000000000000
199_14,s1.750000000000000,s0.800000000000000,s180.000000000000000
199_15,s2.450000000000000,s0.800000000000000,s180.000000000000000
199_16,s3.150000000000000,s0.800000000000000,s180.000000000000000
199_17,s3.850000000000000,s0.800000000000000,s180.000000000000000
199_18,s4.550000000000000,s0.800000000000000,s180.000000000000000
199_19,s5.250000000000000,s0.800000000000000,s180.000000000000000
199_20,s5.950000000000000,s0.800000000000000,s180.000000000000000
199_21,s6.650000000000000,s0.800000000000000,s180.000000000000000
199_22,s7.350000000000000,s0.800000000000000,s180.000000000000000
199_23,s8.050000000000001,s0.800000000000000,s180.000000000000000
199_24,s0.000000000000000,s1.000000000000000,s0.000000000000000
199_25,s0.700000000000000,s1.000000000000000,s0.000000000000000
199_26,s1.400000000000000,s1.000000000000000,s0.000000000000000
199_27,s2.100000000000000,s1.000000000000000,s0.000000000000000
199_28,s2.800000000000000,s1.000000000000000,s0.000000000000000
199_29,s3.500000000000000,s1.000000000000000,s0.000000000000000
199_30,s4.200000000000000,s1.000000000000000,s0.000000000000000
199_31,s4.900000000000000,s1.000000000000000,s0.000000000000000
199_32,s5.600000000000000,s1.000000000000000,s0.000000000000000
199_33,s6.300000000000000,s1.000000000000000,s0.000000000000000
199_34,s7.000000000000000,s1.000000000000000,s0.000000000000000
199_35,s7.700000000000000,s1.000000000000000,s0.000000000000000
199_36,s0.350000000000000,s1.800000000000000,s180.000000000000000
199_37,s1.050000000000000,s1.800000000000000,s180.000000000000000
199_38,s1.750000000000000,s1.800000000000000,s180.000000000000000
199_39,s2.450000000000000,s1.800000000000000,s180.000000000000000
199_40,s3.150000000000000,s1.800000000000000,s180.000000000000000
199_41,s3.850000000000000,s1.800000000000000,s180.000000000000000
199_42,s4.550000000000000,s1.800000000000000,s180.000000000000000
199_43,s5.250000000000000,s1.800000000000000,s180.000000000000000
199_44,s5.950000000000000,s1.800000000000000,s180.000000000000000
199_45,s6.650000000000000,s1.800000000000000,s180.000000000000000
199_46,s7.350000000000000,s1.800000000000000,s180.000000000000000
199_47,s8.050000000000001,s1.800000000000000,s180.000000000000000
199_48,s0.000000000000000,s2.000000000000000,s0.000000000000000
199_49,s0.700000000000000,s2.000000000000000,s0.000000000000000
199_50,s1.400000000000000,s2.000000000000000,s0.000000000000000
199_51,s2.100000000000000,s2.000000000000000,s0.000000000000000
199_52,s2.800000000000000,s2.000000000000000,s0.000000000000000
199_53,s3.500000000000000,s2.000000000000000,s0.000000000000000
199_54,s4.200000000000000,s2.000000000000000,s0.000000000000000
199_55,s4.900000000000000,s2.000000000000000,s0.000000000000000
199_56,s5.600000000000000,s2.000000000000000,s0.000000000000000
199_57,s6.300000000000000,s2.000000000000000,s0.000000000000000
199_58,s7.000000000000000,s2.000000000000000,s0.000000000000000
199_59,s7.700000000000000,s2.000000000000000,s0.000000000000000
199_60,s0.350000000000000,s2.800000000000000,s180.000000000000000
199_61,s1.050000000000000,s2.800000000000000,s180.000000000000000
199_62,s1.750000000000000,s2.800000000000000,s180.000000000000000
199_63,s2.450000000000000,s2.800000000000000,s180.000000000000000
199_64,s3.150000000000000,s2.800000000000000,s180.000000000000000
199_65,s3.850000000000000,s2.800000000000000,s180.000000000000000
199_66,s4.550000000000000,s2.800000000000000,s180.000000000000000
199_67,s5.250000000000000,s2.800000000000000,s180.000000000000000
199_68,s5.950000000000000,s2.800000000000000,s180.000000000000000
199_69,s6.650000000000000,s2.800000000000000,s180.000000000000000
199_70,s7.350000000000000,s2.800000000000000,s180.000000000000000
199_71,s8.050000000000001,s2.800000000000000,s180.000000000000000
199_72,s0.000000000000000,s3.000000000000000,s0.000000000000000
199_73,s0.700000000000000,s3.000000000000000,s0.000000000000000
199_74,s1.400000000000000,s3.000000000000000,s0.000000000000000
199_75,s2.100000000000000,s3.000000000000000,s0.000000000000000
199_76,s2.800000000000000,s3.000000000000000,s0.000000000000000
199_77,s3.500000000000000,s3.000000000000000,s0.000000000000000
199_78,s4.200000000000000,s3.000000000000000,s0.000000000000000
199_79,s4.900000000000000,s3.000000000000000,s0.000000000000000
199_80,s5.600000000000000,s3.000000000000000,s0.000000000000000
199_81,s6.300000000000000,s3.000000000000000,s0.000000000000000
199_82,s7.000000000000000,s3.000000000000000,s0.000000000000000
199_83,s7.700000000000000,s3.000000000000000,s0.000000000000000
199_84,s0.350000000000000,s3.800000000000000,s180.000000000000000
199_85,s1.050000000000000,s3.800000000000000,s180.000000000000000
199_86,s1.750000000000000,s3.800000000000000,s180.000000000000000
199_87,s2.450000000000000,s3.800000000000000,s180.000000000000000
199_88,s3.150000000000000,s3.800000000000000,s180.000000000000000
199_89,s3.850000000000000,s3.800000000000000,s180.000000000000000
199_90,s4.550000000000000,s3.800000000000000,s180.000000000000000
199_91,s5.250000000000000,s3.800000000000000,s180.000000000000000
199_92,s5.950000000000000,s3.800000000000000,s180.000000000000000
199_93,s6.650000000000000,s3.800000000000000,s180.000000000000000
199_94,s7.350000000000000,s3.800000000000000,s180.000000000000000
199_95,s8.050000000000001,s3.800000000000000,s180.000000000000000
199_96,s0.000000000000000,s4.000000000000000,s0.000000000000000
199_97,s0.700000000000000,s4.000000000000000,s0.000000000000000
199_98,s1.400000000000000,s4.000000000000000,s0.000000000000000
199_99,s2.100000000000000,s4.000000000000000,s0.000000000000000
199_100,s2.800000000000000,s4.000000000000000,s0.000000000000000
199_101,s3.500000000000000,s4.000000000000000,s0.000000000000000
199_102,s4.200000000000000,s4.000000000000000,s0.000000000000000
199_103,s4.900000000000000,s4.000000000000000,s0.000000000000000
199_104,s5.600000000000000,s4.000000000000000,s0.000000000000000
199_105,s6.300000000000000,s4.000000000000000,s0.000000000000000
199_106,s7.000000000000000,s4.000000000000000,s0.000000000000000
199_107,s7.700000000000000,s4.000000000000000,s0.000000000000000
199_108,s0.350000000000000,s4.800000000000000,s180.000000000000000
199_109,s1.050000000000000,s4.800000000000000,s180.000000000000000
199_110,s1.750000000000000,s4.800000000000000,s180.000000000000000
199_111,s2.450000000000000,s4.800000000000000,s180.000000000000000
199_112,s3.150000000000000,s4.800000000000000,s180.000000000000000
199_113,s3.850000000000000,s4.800000000000000,s180.000000000000000
199_114,s4.550000000000000,s4.800000000000000,s180.000000000000000
199_115,s5.250000000000000,s4.800000000000000,s180.000000000000000
199_116,s5.950000000000000,s4.800000000000000,s180.000000000000000
199_117,s6.650000000000000,s4.800000000000000,s180.000000000000000
199_118,s7.350000000000000,s4.800000000000000,s180.000000000000000
199_119,s8.050000000000001,s4.800000000000000,s180.000000000000000
199_120,s0.000000000000000,s5.000000000000000,s0.000000000000000
199_121,s0.700000000000000,s5.000000000000000,s0.000000000000000
199_122,s1.400000000000000,s5.000000000000000,s0.000000000000000
199_123,s2.100000000000000,s5.000000000000000,s0.000000000000000
199_124,s2.800000000000000,s5.000000000000000,s0.000000000000000
199_125,s3.500000000000000,s5.000000000000000,s0.000000000000000
199_126,s4.200000000000000,s5.000000000000000,s0.000000000000000
199_127,s4.900000000000000,s5.000000000000000,s0.000000000000000
199_128,s5.600000000000000,s5.000000000000000,s0.000000000000000
199_129,s6.300000000000000,s5.000000000000000,s0.000000000000000
199_130,s7.000000000000000,s5.000000000000000,s0.000000000000000
199_131,s7.700000000000000,s5.000000000000000,s0.000000000000000
199_132,s0.350000000000000,s5.800000000000000,s180.000000000000000
199_133,s1.050000000000000,s5.800000000000000,s180.000000000000000
199_134,s1.750000000000000,s5.800000000000000,s180.000000000000000
199_135,s2.450000000000000,s5.800000000000000,s180.000000000000000
199_136,s3.150000000000000,s5.800000000000000,s180.000000000000000
199_137,s3.850000000000000,s5.800000000000000,s180.000000000000000
199_138,s4.550000000000000,s5.800000000000000,s180.000000000000000
199_139,s5.250000000000000,s5.800000000000000,s180.000000000000000
199_140,s5.950000000000000,s5.800000000000000,s180.000000000000000
199_141,s6.650000000000000,s5.800000000000000,s180.000000000000000
199_142,s7.350000000000000,s5.800000000000000,s180.000000000000000
199_143,s8.050000000000001,s5.800000000000000,s180.000000000000000
199_144,s0.000000000000000,s6.000000000000000,s0.000000000000000
199_145,s0.700000000000000,s6.000000000000000,s0.000000000000000
199_146,s1.400000000000000,s6.000000000000000,s0.000000000000000
199_147,s2.100000000000000,s6.000000000000000,s0.000000000000000
199_148,s2.800000000000000,s6.000000000000000,s0.000000000000000
199_149,s3.500000000000000,s6.000000000000000,s0.000000000000000
199_150,s4.200000000000000,s6.000000000000000,s0.000000000000000
199_151,s4.900000000000000,s6.000000000000000,s0.000000000000000
199_152,s5.600000000000000,s6.000000000000000,s0.000000000000000
199_153,s6.300000000000000,s6.000000000000000,s0.000000000000000
199_154,s7.000000000000000,s6.000000000000000,s0.000000000000000
199_155,s7.700000000000000,s6.000000000000000,s0.000000000000000
199_156,s0.350000000000000,s6.800000000000000,s180.000000000000000
199_157,s1.050000000000000,s6.800000000000000,s180.000000000000000
199_158,s1.750000000000000,s6.800000000000000,s180.000000000000000
199_159,s2.450000000000000,s6.800000000000000,s180.000000000000000
199_160,s3.150000000000000,s6.800000000000000,s180.000000000000000
199_161,s3.850000000000000,s6.800000000000000,s180.000000000000000
199_162,s4.550000000000000,s6.800000000000000,s180.000000000000000
199_163,s5.250000000000000,s6.800000000000000,s180.000000000000000
199_164,s5.950000000000000,s6.800000000000000,s180.000000000000000
199_165,s6.650000000000000,s6.800000000000000,s180.000000000000000
199_166,s7.350000000000000,s6.800000000000000,s180.000000000000000
199_167,s8.050000000000001,s6.800000000000000,s180.000000000000000
199_168,s0.000000000000000,s7.000000000000000,s0.000000000000000
199_169,s0.700000000000000,s7.000000000000000,s0.000000000000000
199_170,s1.400000000000000,s7.000000000000000,s0.000000000000000
199_171,s2.100000000000000,s7.000000000000000,s0.000000000000000
199_172,s2.800000000000000,s7.000000000000000,s0.000000000000000
199_173,s3.500000000000000,s7.000000000000000,s0.000000000000000
199_174,s4.200000000000000,s7.000000000000000,s0.000000000000000
199_175,s4.900000000000000,s7.000000000000000,s0.000000000000000
199_176,s5.600000000000000,s7.000000000000000,s0.000000000000000
199_177,s6.300000000000000,s7.000000000000000,s0.000000000000000
199_178,s7.000000000000000,s7.000000000000000,s0.000000000000000
199_179,s7.700000000000000,s7.000000000000000,s0.000000000000000
199_180,s0.350000000000000,s7.800000000000000,s180.000000000000000
199_181,s1.050000000000000,s7.800000000000000,s180.000000000000000
199_182,s1.750000000000000,s7.800000000000000,s180.000000000000000
199_183,s2.450000000000000,s7.800000000000000,s180.000000000000000
199_184,s3.150000000000000,s7.800000000000000,s180.000000000000000
199_185,s3.850000000000000,s7.800000000000000,s180.000000000000000
199_186,s4.550000000000000,s7.800000000000000,s180.000000000000000
199_187,s5.250000000000000,s7.800000000000000,s180.000000000000000
199_188,s5.950000000000000,s7.800000000000000,s180.000000000000000
199_189,s6.650000000000000,s7.800000000000000,s180.000000000000000
199_190,s7.350000000000000,s7.800000000000000,s180.000000000000000
199_191,s8.050000000000001,s7.800000000000000,s180.000000000000000
199_192,s0.000000000000000,s8.000000000000000,s0.000000000000000
199_193,s0.700000000000000,s8.000000000000000,s0.000000000000000
199_194,s1.400000000000000,s8.000000000000000,s0.000000000000000
199_195,s2.100000000000000,s8.000000000000000,s0.000000000000000
199_196,s2.800000000000000,s8.000000000000000,s0.000000000000000
199_197,s3.500000000000000,s8.000000000000000,s0.000000000000000
199_198,s4.200000000000000,s8.000000000000000,s0.000000000000000
200_0,s0.000000000000000,s0.000000000000000,s0.000000000000000
200_1,s0.700000000000000,s0.000000000000000,s0.000000000000000
200_2,s1.400000000000000,s0.000000000000000,s0.000000000000000
200_3,s2.100000000000000,s0.000000000000000,s0.000000000000000
200_4,s2.800000000000000,s0.000000000000000,s0.000000000000000
200_5,s3.500000000000000,s0.000000000000000,s0.000000000000000
200_6,s4.200000000000000,s0.000000000000000,s0.000000000000000
200_7,s4.900000000000000,s0.000000000000000,s0.000000000000000
200_8,s5.600000000000000,s0.000000000000000,s0.000000000000000
200_9,s6.300000000000000,s0.000000000000000,s0.000000000000000
200_10,s7.000000000000000,s0.000000000000000,s0.000000000000000
200_11,s7.700000000000000,s0.000000000000000,s0.000000000000000
200_12,s0.350000000000000,s0.800000000000000,s180.000000000000000
200_13,s1.050000000000000,s0.800000000000000,s180.000000000000000
200_14,s1.750000000000000,s0.800000000000000,s180.000000000000000
200_15,s2.450000000000000,s0.800000000000000,s180.000000000000000
200_16,s3.150000000000000,s0.800000000000000,s180.000000000000000
200_17,s3.850000000000000,s0.800000000000000,s180.000000000000000
200_18,s4.550000000000000,s0.800000000000000,s180.000000000000000
200_19,s5.250000000000000,s0.800000000000000,s180.000000000000000
200_20,s5.950000000000000,s0.800000000000000,s180.000000000000000
200_21,s6.650000000000000,s0.800000000000000,s180.000000000000000
200_22,s7.350000000000000,s0.800000000000000,s180.000000000000000
200_23,s8.050000000000001,s0.800000000000000,s180.000000000000000
200_24,s0.000000000000000,s1.000000000000000,s0.000000000000000
200_25,s0.700000000000000,s1.000000000000000,s0.000000000000000
200_26,s1.400000000000000,s1.000000000000000,s0.000000000000000
200_27,s2.100000000000000,s1.000000000000000,s0.000000000000000
200_28,s2.800000000000000,s1.000000000000000,s0.000000000000000
200_29,s3.500000000000000,s1.000000000000000,s0.000000000000000
200_30,s4.200000000000000,s1.000000000000000,s0.000000000000000
200_31,s4.900000000000000,s1.000000000000000,s0.000000000000000
200_32,s5.600000000000000,s1.000000000000000,s0.000000000000000
200_33,s6.300000000000000,s1.000000000000000,s0.000000000000000
200_34,s7.000000000000000,s1.000000000000000,s0.000000000000000
200_35,s7.700000000000000,s1.000000000000000,s0.000000000000000
200_36,s0.350000000000000,s1.800000000000000,s180.000000000000000
200_37,s1.050000000000000,s1.800000000000000,s180.000000000000000
200_38,s1.750000000000000,s1.800000000000000,s180.000000000000000
200_39,s2.450000000000000,s1.800000000000000,s180.000000000000000
200_40,s3.150000000000000,s1.800000000000000,s180.000000000000000
200_41,s3.850000000000000,s1.800000000000000,s180.000000000000000
200_42,s4.550000000000000,s1.800000000000000,s180.000000000000000
200_43,s5.250000000000000,s1.800000000000000,s180.000000000000000
200_44,s5.950000000000000,s1.800000000000000,s180.000000000000000
200_45,s6.650000000000000,s1.800000000000000,s180.000000000000000
200_46,s7.350000000000000,s1.800000000000000,s180.000000000000000
200_47,s8.050000000000001,s1.800000000000000,s180.000000000000000
200_48,s0.000000000000000,s2.000000000000000,s0.000000000000000
200_49,s0.700000000000000,s2.000000000000000,s0.000000000000000
200_50,s1.400000000000000,s2.000000000000000,s0.000000000000000
200_51,s2.100000000000000,s2.000000000000000,s0.000000000000000
200_52,s2.800000000000000,s2.000000000000000,s0.000000000000000
200_53,s3.500000000000000,s2.000000000000000,s0.000000000000000
200_54,s4.200000000000000,s2.000000000000000,s0.000000000000000
200_55,s4.900000000000000,s2.000000000000000,s0.000000000000000
200_56,s5.600000000000000,s2.000000000000000,s0.000000000000000
200_57,s6.300000000000000,s2.000000000000000,s0.000000000000000
200_58,s7.000000000000000,s2.000000000000000,s0.000000000000000
200_59,s7.700000000000000,s2.000000000000000,s0.000000000000000
200_60,s0.350000000000000,s2.800000000000000,s180.000000000000000
200_61,s1.050000000000000,s2.800000000000000,s180.000000000000000
200_62,s1.750000000000000,s2.800000000000000,s180.000000000000000
200_63,s2.450000000000000,s2.800000000000000,s180.000000000000000
200_64,s3.150000000000000,s2.800000000000000,s180.000000000000000
200_65,s3.850000000000000,s2.800000000000000,s180.000000000000000
200_66,s4.550000000000000,s2.800000000000000,s180.000000000000000
200_67,s5.250000000000000,s2.800000000000000,s180.000000000000000
200_68,s5.950000000000000,s2.800000000000000,s180.000000000000000
200_69,s6.650000000000000,s2.800000000000000,s180.000000000000000
200_70,s7.350000000000000,s2.800000000000000,s180.000000000000000
200_71,s8.050000000000001,s2.800000000000000,s180.000000000000000
200_72,s0.000000000000000,s3.000000000000000,s0.000000000000000
200_73,s0.700000000000000,s3.000000000000000,s0.000000000000000
200_74,s1.400000000000000,s3.000000000000000,s0.000000000000000
200_75,s2.100000000000000,s3.000000000000000,s0.000000000000000
200_76,s2.800000000000000,s3.000000000000000,s0.000000000000000
200_77,s3.500000000000000,s3.000000000000000,s0.000000000000000
200_78,s4.200000000000000,s3.000000000000000,s0.000000000000000
200_79,s4.900000000000000,s3.000000000000000,s0.000000000000000
200_80,s5.600000000000000,s3.000000000000000,s0.000000000000000
200_81,s6.300000000000000,s3.000000000000000,s0.000000000000000
200_82,s7.000000000000000,s3.000000000000000,s0.000000000000000
200_83,s7.700000000000000,s3.000000000000000,s0.000000000000000
200_84,s0.350000000000000,s3.800000000000000,s180.000000000000000
200_85,s1.050000000000000,s3.800000000000000,s180.000000000000000
200_86,s1.750000000000000,s3.800000000000000,s180.000000000000000
200_87,s2.450000000000000,s3.800000000000000,s180.000000000000000
200_88,s3.150000000000000,s3.800000000000000,s180.000000000000000
200_89,s3.850000000000000,s3.800000000000000,s180.000000000000000
200_90,s4.550000000000000,s3.800000000000000,s180.000000000000000
200_91,s5.250000000000000,s3.800000000000000,s180.000000000000000
200_92,s5.950000000000000,s3.800000000000000,s180.000000000000000
200_93,s6.650000000000000,s3.800000000000000,s180.000000000000000
200_94,s7.350000000000000,s3.800000000000000,s180.000000000000000
200_95,s8.050000000000001,s3.800000000000000,s180.000000000000000
200_96,s0.000000000000000,s4.000000000000000,s0.000000000000000
200_97,s0.700000000000000,s4.000000000000000,s0.000000000000000
200_98,s1.400000000000000,s4.000000000000000,s0.000000000000000
200_99,s2.100000000000000,s4.000000000000000,s0.000000000000000
200_100,s2.800000000000000,s4.000000000000000,s0.000000000000000
200_101,s3.500000000000000,s4.000000000000000,s0.000000000000000
200_102,s4.200000000000000,s4.000000000000000,s0.000000000000000
200_103,s4.900000000000000,s4.000000000000000,s0.000000000000000
200_104,s5.600000000000000,s4.000000000000000,s0.000000000000000
200_105,s6.300000000000000,s4.000000000000000,s0.000000000000000
200_106,s7.000000000000000,s4.000000000000000,s0.000000000000000
200_107,s7.700000000000000,s4.000000000000000,s0.000000000000000
200_108,s0.350000000000000,s4.800000000000000,s180.000000000000000
200_109,s1.050000000000000,s4.800000000000000,s180.000000000000000
200_110,s1.750000000000000,s4.800000000000000,s180.000000000000000
200_111,s2.450000000000000,s4.800000000000000,s180.000000000000000
200_112,s3.150000000000000,s4.800000000000000,s180.000000000000000
200_113,s3.850000000000000,s4.800000000000000,s180.000000000000000
200_114,s4.550000000000000,s4.800000000000000,s180.000000000000000
200_115,s5.250000000000000,s4.800000000000000,s180.000000000000000
200_116,s5.950000000000000,s4.800000000000000,s180.000000000000000
200_117,s6.650000000000000,s4.800000000000000,s180.000000000000000
200_118,s7.350000000000000,s4.800000000000000,s180.000000000000000
200_119,s8.050000000000001,s4.800000000000000,s180.000000000000000
200_120,s0.000000000000000,s5.000000000000000,s0.000000000000000
200_121,s0.700000000000000,s5.000000000000000,s0.000000000000000
200_122,s1.400000000000000,s5.000000000000000,s0.000000000000000
200_123,s2.100000000000000,s5.000000000000000,s0.000000000000000
200_124,s2.800000000000000,s5.000000000000000,s0.000000000000000
200_125,s3.500000000000000,s5.000000000000000,s0.000000000000000
200_126,s4.200000000000000,s5.000000000000000,s0.000000000000000
200_127,s4.900000000000000,s5.000000000000000,s0.000000000000000
200_128,s5.600000000000000,s5.000000000000000,s0.000000000000000
200_129,s6.300000000000000,s5.000000000000000,s0.000000000000000
200_130,s7.000000000000000,s5.000000000000000,s0.000000000000000
200_131,s7.700000000000000,s5.000000000000000,s0.000000000000000
200_132,s0.350000000000000,s5.800000000000000,s180.000000000000000
200_133,s1.050000000000000,s5.800000000000000,s180.000000000000000
200_134,s1.750000000000000,s5.800000000000000,s180.000000000000000
200_135,s2.450000000000000,s5.800000000000000,s180.000000000000000
200_136,s3.150000000000000,s5.800000000000000,s180.000000000000000
200_137,s3.850000000000000,s5.800000000000000,s180.000000000000000
200_138,s4.550000000000000,s5.800000000000000,s180.000000000000000
200_139,s5.250000000000000,s5.800000000000000,s180.000000000000000
200_140,s5.950000000000000,s5.800000000000000,s180.000000000000000
200_141,s6.650000000000000,s5.800000000000000,s180.000000000000000
200_142,s7.350000000000000,s5.800000000000000,s180.000000000000000
200_143,s8.050000000000001,s5.800000000000000,s180.000000000000000
200_144,s0.000000000000000,s6.000000000000000,s0.000000000000000
200_145,s0.700000000000000,s6.000000000000000,s0.000000000000000
200_146,s1.400000000000000,s6.000000000000000,s0.000000000000000
200_147,s2.100000000000000,s6.000000000000000,s0.000000000000000
200_148,s2.800000000000000,s6.000000000000000,s0.000000000000000
200_149,s3.500000000000000,s6.000000000000000,s0.000000000000000
200_150,s4.200000000000000,s6.000000000000000,s0.000000000000000
200_151,s4.900000000000000,s6.000000000000000,s0.000000000000000
200_152,s5.600000000000000,s6.000000000000000,s0.000000000000000
200_153,s6.300000000000000,s6.000000000000000,s0.000000000000000
200_154,s7.000000000000000,s6.000000000000000,s0.000000000000000
200_155,s7.700000000000000,s6.000000000000000,s0.000000000000000
200_156,s0.350000000000000,s6.800000000000000,s180.000000000000000
200_157,s1.050000000000000,s6.800000000000000,s180.000000000000000
200_158,s1.750000000000000,s6.800000000000000,s180.000000000000000
200_159,s2.450000000000000,s6.800000000000000,s180.000000000000000
200_160,s3.150000000000000,s6.800000000000000,s180.000000000000000
200_161,s3.850000000000000,s6.800000000000000,s180.000000000000000
200_162,s4.550000000000000,s6.800000000000000,s180.000000000000000
200_163,s5.250000000000000,s6.800000000000000,s180.000000000000000
200_164,s5.950000000000000,s6.800000000000000,s180.000000000000000
200_165,s6.650000000000000,s6.800000000000000,s180.000000000000000
200_166,s7.350000000000000,s6.800000000000000,s180.000000000000000
200_167,s8.050000000000001,s6.800000000000000,s180.000000000000000
200_168,s0.000000000000000,s7.000000000000000,s0.000000000000000
200_169,s0.700000000000000,s7.000000000000000,s0.000000000000000
200_170,s1.400000000000000,s7.000000000000000,s0.000000000000000
200_171,s2.100000000000000,s7.000000000000000,s0.000000000000000
200_172,s2.800000000000000,s7.000000000000000,s0.000000000000000
200_173,s3.500000000000000,s7.000000000000000,s0.000000000000000
200_174,s4.200000000000000,s7.000000000000000,s0.000000000000000
200_175,s4.900000000000000,s7.000000000000000,s0.000000000000000
200_176,s5.600000000000000,s7.000000000000000,s0.000000000000000
200_177,s6.300000000000000,s7.000000000000000,s0.000000000000000
200_178,s7.000000000000000,s7.000000000000000,s0.000000000000000
200_179,s7.700000000000000,s7.000000000000000,s0.000000000000000
200_180,s0.350000000000000,s7.800000000000000,s180.000000000000000
200_181,s1.050000000000000,s7.800000000000000,s180.000000000000000
200_182,s1.750000000000000,s7.800000000000000,s180.000000000000000
200_183,s2.450000000000000,s7.800000000000000,s180.000000000000000
200_184,s3.150000000000000,s7.800000000000000,s180.000000000000000
200_185,s3.850000000000000,s7.800000000000000,s180.000000000000000
200_186,s4.550000000000000,s7.800000000000000,s180.000000000000000
200_187,s5.250000000000000,s7.800000000000000,s180.000000000000000
200_188,s5.950000000000000,s7.800000000000000,s180.000000000000000
200_189,s6.650000000000000,s7.800000000000000,s180.000000000000000
200_190,s7.350000000000000,s7.800000000000000,s180.000000000000000
200_191,s8.050000000000001,s7.800000000000000,s180.000000000000000
200_192,s0.000000000000000,s8.000000000000000,s0.000000000000000
200_193,s0.700000000000000,s8.000000000000000,s0.000000000000000
200_194,s1.400000000000000,s8.000000000000000,s0.000000000000000
200_195,s2.100000000000000,s8.000000000000000,s0.000000000000000
200_196,s2.800000000000000,s8.000000000000000,s0.000000000000000
200_197,s3.500000000000000,s8.000000000000000,s0.000000000000000
200_198,s4.200000000000000,s8.000000000000000,s0.000000000000000
200_199,s4.900000000000000,s8.000000000000000,s0.000000000000000
